17 137 135 134 131 129 126 122 120 117 115 113 112 107 106 104 102 99 98 95 94 91 90 89 88 87 86 84 82 80 79 78 77 75 74 73 71 67 63 62 61 58 54 52 50 49 45 44 43 40 39 38 35 34 32 30 28 27 25 22 20 19 18 15 14 12 10 8 7 6 5 3 
35 137 136 135 134 132 126 124 117 115 114 107 105 102 99 98 94 92 90 88 84 82 80 79 78 76 75 73 71 70 65 63 58 51 50 47 44 36 32 27 25 20 19 17 15 12 10 6 5 4 0 
94 137 135 134 123 121 119 115 114 109 108 107 105 103 99 98 97 96 93 92 81 78 76 75 73 71 69 64 63 60 53 50 46 44 37 36 35 33 32 29 28 25 24 21 19 17 11 9 
73 137 135 134 129 126 122 118 116 115 107 104 98 94 91 90 88 84 82 80 77 74 71 67 64 59 58 45 44 43 35 32 29 28 20 19 18 17 16 15 13 10 6 5 2 
71 137 132 130 121 119 115 111 110 109 108 107 105 101 100 99 94 92 88 84 83 78 76 73 72 69 66 63 56 55 53 48 46 37 36 35 32 31 29 27 24 23 21 17 
137 135 134 133 129 126 125 119 117 115 111 107 98 94 90 88 84 82 80 77 73 71 67 63 58 57 53 52 46 45 44 35 32 28 20 19 18 17 15 8 6 
135 137 134 115 114 107 98 94 92 90 88 84 82 80 77 73 63 58 44 35 25 20 19 18 17 8 6 5 
134 137 135 128 118 116 115 107 98 94 90 88 84 82 80 77 73 64 59 58 35 28 19 17 16 13 8 6 
115 137 136 135 134 132 130 127 111 108 105 98 94 90 80 76 73 71 69 51 48 36 35 23 17 6 
19 137 135 134 129 94 91 77 73 67 45 35 32 29 28 20 17 16 15 
88 137 135 134 125 107 84 82 77 73 71 57 35 32 18 17 8 
77 137 135 134 122 98 91 88 73 32 20 19 18 17 16 13 
98 137 135 134 115 99 94 90 80 77 75 73 50 35 17 6 
63 137 135 119 94 89 71 61 53 44 39 35 34 32 25 17 
84 137 135 134 133 125 117 107 88 73 71 57 52 35 17 
32 137 119 99 94 88 77 73 71 63 53 35 19 17 15 
44 137 135 126 114 94 81 73 63 60 35 17 5 1 
99 109 98 94 93 75 71 60 53 50 35 33 32 17 
53 137 119 99 94 76 71 69 66 63 56 32 21 
76 115 100 94 72 71 69 66 56 53 36 35 31 
20 137 135 91 77 73 67 43 35 19 17 5 
107 137 135 134 105 94 88 84 73 71 35 17 
6 137 135 134 117 115 98 90 80 73 35 17 
132 130 127 115 110 108 105 71 48 41 35 
90 137 135 134 115 98 80 73 35 17 6 
80 137 135 134 115 98 90 73 35 17 6 
82 137 135 134 88 73 62 58 35 17 8 
69 115 100 94 76 72 71 56 53 31 
28 137 134 126 94 73 29 19 17 
60 103 99 94 93 81 44 33 11 
29 94 73 71 68 28 26 19 
91 122 77 73 54 20 19 17 
117 137 125 84 52 35 17 6 
119 137 111 94 71 63 53 32 
126 137 73 44 40 35 28 17 
56 100 76 72 71 69 53 31 
67 137 129 73 45 20 19 17 
58 137 135 134 82 73 35 17 
105 132 115 107 94 71 51 35 
100 76 72 71 69 56 31 
5 135 73 44 35 20 17 
45 137 129 73 67 19 17 
114 135 96 94 92 44 35 
50 99 98 94 75 35 17 
18 137 135 88 77 73 17 
72 100 76 71 69 56 31 
31 100 76 72 71 69 56 
129 137 73 67 45 19 17 
92 135 114 96 94 71 35 
75 99 98 94 50 35 17 
8 137 135 134 88 82 17 
15 137 73 35 32 19 17 
122 91 77 73 54 17 
125 137 117 88 84 57 
52 137 133 117 84 17 
108 136 132 115 94 71 
36 115 94 76 71 35 
78 94 71 35 27 17 
48 136 132 130 115 71 
25 135 94 63 35 17 
93 99 94 60 33 
57 137 125 88 84 
111 137 119 115 71 
33 99 94 93 60 
130 132 115 71 48 
16 134 77 73 19 
46 137 94 83 71 
27 78 71 35 17 
136 115 108 48 35 
121 94 71 42 24 
54 122 91 17 
102 35 17 12 
103 94 60 11 
39 63 61 17 
43 73 20 17 
11 103 94 60 
109 99 94 71 
59 134 116 73 
81 94 60 44 
21 94 71 53 
116 134 73 59 
83 101 71 46 
61 63 39 17 
24 121 94 71 
89 63 34 17 
64 134 94 73 
66 76 71 53 
12 102 35 17 
34 89 63 17 
51 115 105 35 
133 137 84 52 
96 114 94 92 
97 123 94 9 
13 134 77 73 
10 73 35 17 
7 131 17 
118 134 73 
101 83 71 
37 94 71 
68 85 29 
123 97 94 
104 73 17 
79 35 17 
127 132 115 
23 115 71 
40 126 17 
131 17 7 
95 49 17 
110 132 71 
62 82 17 
49 95 17 
74 73 17 
9 97 94 
113 17 
22 17 
0 35 
1 44 
2 73 
47 35 
26 29 
120 17 
3 17 
14 17 
65 35 
124 35 
38 17 
4 35 
30 17 
128 134 
85 68 
86 17 
106 17 
87 17 
41 132 
70 35 
55 71 
42 121 
112 17 

