0 82 78 65 19 13 3 
1 86 85 82 80 79 78 75 73 71 66 65 57 55 54 53 52 45 42 41 38 34 33 32 31 28 22 18 15 10 6 3 
2 86 82 71 57 32 22 21 
3 86 82 78 73 65 58 54 48 45 33 31 20 19 18 17 13 11 1 0 
4 82 77 33 30 
5 82 46 
6 86 82 57 34 33 32 18 1 
7 82 70 48 
8 82 75 56 39 13 10 
9 82 41 
10 82 75 66 39 13 8 1 
11 82 73 67 51 45 35 33 31 20 19 13 3 
12 84 59 42 26 18 
13 82 78 75 73 65 48 45 39 33 31 20 19 11 10 8 3 0 
14 82 60 48 
15 82 76 75 66 65 62 41 21 1 
16 86 83 82 72 57 49 44 36 18 
17 82 70 58 48 3 
18 86 84 83 82 80 73 72 71 70 68 67 65 59 57 54 52 51 50 49 48 45 44 42 41 36 34 33 31 26 22 16 12 6 3 1 
19 86 82 78 73 70 65 58 48 45 33 31 20 13 11 3 0 
20 82 78 73 65 45 33 31 19 13 11 3 
21 82 76 62 41 15 2 
22 86 82 71 66 42 34 32 28 18 2 1 
23 82 79 66 65 
24 82 
25 82 
26 84 59 42 18 12 
27 82 68 67 50 
28 86 82 71 66 34 32 22 1 
29 82 38 
30 82 75 66 43 33 4 
31 86 82 73 69 65 54 45 33 20 19 18 13 11 3 1 
32 86 82 71 66 57 28 22 6 2 1 
33 86 82 73 70 69 65 57 54 45 34 31 30 20 19 18 13 11 6 4 3 1 
34 86 85 82 75 71 66 65 57 55 53 33 28 22 18 6 1 
35 82 51 11 
36 86 83 82 72 57 49 44 18 16 
37 82 
38 82 65 29 1 
39 82 75 56 13 10 8 
40 82 
41 86 82 80 76 66 65 62 52 42 21 18 15 9 1 
42 86 84 82 80 71 65 59 52 41 26 22 18 12 1 
43 82 75 30 
44 86 83 82 72 57 49 36 18 16 
45 86 82 73 70 69 65 54 33 31 20 19 18 13 11 3 1 
46 82 5 
47 82 
48 82 78 70 68 67 65 60 58 51 19 18 17 14 13 7 3 
49 86 83 82 72 57 44 36 18 16 
50 84 82 68 67 59 27 18 
51 82 68 67 48 35 18 11 
52 86 82 80 65 42 41 18 1 
53 82 75 66 34 1 
54 86 82 73 69 65 45 33 31 18 3 1 
55 82 34 1 
56 82 39 8 
57 86 83 82 72 71 70 68 49 44 36 34 33 32 18 16 6 2 1 
58 82 70 48 19 17 3 
59 84 50 42 26 18 12 
60 82 48 14 
61 82 
62 82 76 41 21 15 
63 82 
64 82 
65 86 85 82 80 79 78 75 73 66 54 52 48 45 42 41 38 34 33 31 23 20 19 18 15 13 3 1 0 
66 86 82 79 75 71 65 53 41 34 32 30 28 23 22 15 10 1 
67 82 68 51 50 48 27 18 11 
68 82 70 67 57 51 50 48 27 18 
69 82 73 54 45 33 31 
70 82 68 58 57 48 45 33 19 18 17 7 
71 86 82 66 57 42 34 32 28 22 18 2 1 
72 86 83 82 57 49 44 36 18 16 
73 86 82 69 65 54 45 33 31 20 19 18 13 11 3 1 
74 82 
75 82 79 66 65 53 43 39 34 30 15 13 10 8 1 
76 82 62 41 21 15 
77 82 4 
78 82 65 48 20 19 13 3 1 0 
79 82 75 66 65 23 1 
80 86 82 65 52 42 41 18 1 
81 82 
82 86 85 83 81 80 79 78 77 76 75 74 73 72 71 70 69 68 67 66 65 64 63 62 61 60 58 57 56 55 54 53 52 51 50 49 48 47 46 45 44 43 42 41 40 39 38 37 36 35 34 33 32 31 30 29 28 27 25 24 23 22 21 20 19 18 17 16 15 14 13 11 10 9 8 7 6 5 4 3 2 1 0 
83 86 82 72 57 49 44 36 18 16 
84 59 50 42 26 18 12 
85 82 65 34 1 
86 83 82 80 73 72 71 66 65 57 54 52 49 45 44 42 41 36 34 33 32 31 28 22 19 18 16 6 3 2 1 

