94 124 123 122 121 120 119 118 117 115 114 113 112 111 110 109 108 107 106 105 104 103 102 101 100 99 98 97 96 93 92 91 90 89 88 87 86 85 83 82 81 80 79 78 77 76 75 74 73 72 71 70 69 68 67 66 65 64 63 62 61 60 59 58 57 56 55 54 53 52 50 49 48 47 46 45 44 43 42 41 40 39 38 37 36 35 34 33 32 31 30 29 28 27 26 25 24 23 22 21 20 19 18 17 16 15 14 13 12 11 10 9 8 7 6 5 4 3 2 1 0 
100 124 123 122 121 120 119 118 117 116 115 114 113 112 111 110 109 108 107 106 105 103 102 101 99 98 97 96 95 94 93 92 91 90 89 88 87 86 85 84 83 82 81 80 79 78 77 76 75 74 72 71 70 69 68 67 66 65 64 63 62 61 60 59 58 57 56 55 54 53 52 51 50 49 48 47 45 44 43 42 41 40 39 38 37 36 35 34 33 32 31 30 28 27 26 25 24 23 22 21 20 18 17 16 15 14 13 12 11 10 9 8 7 6 5 3 2 1 0 
77 123 122 121 120 119 118 117 115 114 113 112 111 108 107 106 105 104 103 102 101 100 99 98 97 96 95 94 93 92 91 89 88 87 86 85 84 83 82 81 80 79 78 76 75 74 73 72 71 70 69 67 66 65 64 63 62 61 60 59 58 57 56 55 54 53 52 51 50 49 48 47 46 44 43 42 41 40 39 38 37 36 35 34 33 32 31 30 29 28 27 26 25 24 23 22 21 20 19 18 17 16 15 14 13 12 11 10 9 8 7 6 5 4 3 2 1 0 
88 124 123 120 119 118 117 116 115 114 113 112 111 110 109 108 107 105 104 103 102 101 100 99 98 97 96 95 94 93 92 91 90 89 87 86 85 84 83 81 79 78 77 76 75 74 73 72 71 70 69 68 67 66 65 64 63 62 61 60 59 58 57 56 55 54 53 52 51 50 49 48 46 45 44 43 42 41 40 39 38 37 36 35 34 33 32 31 30 29 28 27 26 25 24 22 21 20 19 18 17 16 15 14 13 12 11 10 9 8 7 6 5 4 3 2 1 0 
8 124 123 122 121 120 119 118 117 116 115 114 112 111 110 109 108 107 106 105 104 103 102 101 100 99 98 97 96 95 94 93 92 91 90 89 88 87 86 85 84 83 82 81 80 79 78 77 76 75 74 73 72 70 69 68 66 65 64 63 62 61 60 59 58 57 56 55 53 52 51 50 49 48 47 46 45 44 43 42 40 39 38 37 36 35 34 33 32 31 30 29 28 27 26 25 23 22 21 20 19 17 16 15 14 13 12 11 10 9 7 6 5 4 3 2 1 0 
65 124 123 122 121 120 119 118 117 116 115 114 113 112 111 110 109 108 107 106 105 104 103 102 101 100 98 97 96 95 94 93 92 91 90 89 88 87 86 85 83 82 81 80 79 78 77 76 75 73 72 71 70 69 68 67 66 64 63 62 61 60 59 58 57 55 53 52 51 50 49 48 47 46 45 44 42 41 40 39 38 37 36 35 34 33 32 31 30 29 28 27 26 25 24 23 22 21 19 18 17 16 15 14 13 12 11 10 9 8 7 6 5 4 3 2 1 0 
31 124 123 122 121 120 119 118 117 116 115 114 113 112 111 110 109 108 107 106 105 103 102 101 100 99 98 97 96 95 94 93 92 91 90 89 88 87 86 85 84 83 82 80 79 78 77 75 74 73 72 71 70 69 68 67 66 65 64 63 61 60 59 58 57 56 55 54 52 51 50 49 48 47 46 45 44 43 42 41 40 39 38 37 36 35 33 29 28 27 26 25 24 23 22 21 20 19 18 17 16 15 14 13 12 11 10 9 8 7 6 5 4 3 2 1 0 
81 124 123 122 121 120 119 118 117 116 115 114 112 111 110 109 108 107 106 105 104 103 102 100 99 98 97 96 95 94 93 92 91 90 89 88 87 86 85 84 83 82 80 79 78 77 76 75 74 73 72 71 70 69 68 67 66 65 64 63 62 61 59 58 57 56 54 53 52 51 50 49 48 47 46 45 44 43 42 41 40 39 38 37 36 34 32 30 28 27 26 25 24 23 22 21 20 19 18 17 16 15 14 13 12 11 10 9 8 7 6 5 4 3 2 1 0 
48 124 123 122 121 120 119 118 117 116 115 114 113 112 111 110 108 107 106 105 103 102 101 100 99 97 96 95 94 93 92 91 90 89 88 87 86 85 84 83 82 81 80 79 78 77 76 75 74 73 72 71 70 69 67 66 65 64 63 62 61 60 59 58 57 56 55 54 53 52 50 49 47 46 44 43 42 41 40 39 38 37 36 35 34 33 32 31 30 29 28 27 26 25 24 23 21 20 19 18 17 16 15 14 13 12 11 10 9 8 7 6 5 4 3 2 0 
49 124 123 122 121 120 119 117 116 115 114 113 112 111 110 109 108 107 106 105 104 103 102 101 100 99 98 97 96 95 94 93 92 91 90 89 88 87 85 84 83 82 81 80 79 78 77 76 75 74 73 72 71 70 69 68 67 66 65 64 63 62 61 60 59 58 57 56 55 54 53 52 51 50 48 47 44 43 42 41 40 39 38 37 36 35 34 33 32 31 30 29 28 27 26 25 24 23 22 19 18 17 16 15 14 13 12 11 10 9 8 5 4 3 2 1 0 
9 124 121 120 119 118 117 116 115 114 113 112 111 110 109 108 107 106 105 103 102 101 100 98 97 96 95 94 93 92 91 90 88 87 86 85 84 83 82 81 80 79 78 77 76 75 74 73 72 71 70 69 68 67 66 65 64 63 62 61 60 59 58 57 55 54 53 52 51 50 49 48 47 46 45 44 43 42 41 40 39 38 37 36 35 33 32 31 30 29 28 27 26 25 24 23 22 21 20 19 18 17 15 14 13 12 11 10 8 7 6 5 4 3 2 1 0 
108 124 123 122 121 120 119 118 117 116 115 114 113 112 111 110 109 107 106 105 103 102 101 100 99 98 97 95 94 93 92 91 90 89 88 87 86 85 83 82 81 80 79 78 77 76 75 74 73 72 71 70 69 68 67 66 65 64 61 60 59 58 57 56 55 54 53 52 51 50 49 48 47 46 45 44 43 42 40 39 38 37 36 35 34 33 32 31 29 28 27 26 25 24 23 22 21 20 18 17 16 15 14 13 12 11 10 9 8 7 6 5 4 3 2 1 0 
111 124 123 122 121 120 119 118 117 116 115 114 113 112 110 109 108 107 106 105 104 103 102 101 100 99 98 97 96 95 94 93 92 91 90 89 88 85 84 83 82 81 80 79 78 77 76 75 74 73 72 71 70 67 66 65 64 63 62 61 60 59 58 57 56 54 53 52 51 50 49 48 47 46 45 44 43 42 41 40 39 38 37 36 35 34 33 32 31 29 28 26 24 23 22 21 20 19 18 17 16 15 14 13 12 11 10 9 8 7 6 5 4 3 2 1 0 
64 124 123 122 121 120 119 118 117 116 115 114 111 110 109 108 107 106 105 104 103 102 101 100 99 98 97 96 95 94 93 91 90 89 88 87 86 85 84 83 82 81 80 79 77 76 75 74 73 72 71 70 69 68 67 66 65 62 61 60 59 58 57 56 54 53 52 50 49 48 47 46 45 44 43 42 41 40 39 38 37 36 35 34 33 32 31 30 29 28 27 26 25 24 22 21 20 19 18 17 16 14 13 12 11 10 9 8 7 6 5 4 3 2 1 0 
33 124 123 122 121 120 119 118 117 116 115 114 113 111 110 108 107 106 105 104 103 102 101 100 99 98 97 96 95 94 93 92 91 89 88 87 86 84 83 82 79 78 77 76 75 74 73 72 71 70 69 68 67 66 65 64 62 61 60 59 58 57 56 55 54 53 52 51 50 49 48 47 46 45 44 43 42 41 40 39 38 37 36 35 34 32 31 30 29 28 27 26 25 24 23 22 21 19 18 17 16 15 14 13 12 11 10 9 8 7 5 4 3 2 1 0 
36 124 123 122 121 120 119 118 117 116 115 114 113 112 111 108 107 106 105 104 103 102 101 100 99 98 97 96 95 94 93 92 91 89 88 87 86 85 84 83 82 81 80 78 77 76 75 74 72 71 69 67 66 65 64 62 61 60 59 58 57 56 55 54 53 52 51 50 49 48 47 46 45 44 43 42 41 40 39 38 37 35 34 33 32 31 30 29 28 27 26 25 24 23 22 21 20 18 17 16 15 14 13 12 11 10 9 8 7 6 5 4 3 2 1 0 
78 124 123 122 121 120 119 118 116 115 114 113 112 111 110 109 108 106 105 104 103 102 101 100 99 98 97 96 95 94 93 92 91 90 89 88 87 86 85 83 82 81 80 79 77 76 75 74 73 72 71 70 69 68 67 66 65 63 62 60 59 58 57 56 55 54 53 52 51 50 49 48 47 46 45 43 42 41 40 39 38 37 36 35 34 33 32 31 30 28 27 26 24 23 22 21 20 18 17 16 15 14 13 12 11 10 9 8 7 6 5 4 3 2 1 0 
37 123 122 121 120 119 117 116 115 114 113 112 111 110 109 108 107 106 105 104 103 102 101 100 99 98 97 96 95 94 93 92 91 90 89 88 87 86 85 83 82 81 80 79 78 77 76 75 74 73 72 71 70 69 68 67 66 65 64 63 62 61 59 58 56 55 54 53 52 51 50 49 48 47 46 45 44 43 42 40 39 38 36 35 34 33 31 30 29 28 27 26 25 24 23 22 21 20 19 18 17 16 14 13 12 10 9 8 7 6 5 4 3 2 1 0 
2 124 123 120 119 118 117 116 115 114 113 111 110 109 108 107 106 105 104 103 102 100 99 98 97 96 95 94 93 92 91 90 88 85 84 83 82 81 80 79 78 77 76 75 74 73 72 71 70 69 68 67 66 65 64 63 62 61 59 57 56 55 54 53 52 51 50 49 48 47 46 45 44 43 42 41 40 39 38 37 36 35 34 33 32 31 30 29 28 27 26 25 24 23 22 21 20 19 18 17 16 15 14 13 12 11 10 9 8 7 6 5 4 3 1 0 
0 124 123 122 121 120 119 118 117 116 115 114 113 112 111 110 109 108 107 106 104 103 102 101 100 99 97 96 95 94 93 92 91 90 89 88 87 86 85 83 81 80 79 78 77 76 75 74 73 72 71 70 69 68 66 65 64 63 62 61 60 59 58 57 56 55 54 53 52 51 50 49 48 47 46 45 44 42 41 40 39 37 36 35 34 33 32 31 30 29 28 27 25 24 23 22 21 20 19 18 17 16 15 14 13 12 11 10 9 8 6 5 4 3 2 1 
55 124 123 122 121 120 119 118 116 115 114 113 112 110 109 108 107 106 105 104 103 102 101 100 99 98 97 96 95 94 93 92 91 90 89 88 87 86 85 84 83 82 80 79 78 77 76 75 73 72 71 70 69 68 67 66 65 63 62 61 60 59 58 57 56 54 53 52 51 50 49 48 47 46 43 42 41 40 38 37 36 35 34 33 32 31 30 29 28 27 26 25 24 23 22 21 20 19 18 17 16 15 14 13 11 10 9 8 7 6 5 4 3 2 1 0 
105 124 123 122 121 120 118 117 116 115 114 113 112 111 110 109 108 107 106 104 103 102 101 100 99 98 97 96 95 94 92 91 90 89 88 87 86 85 84 83 82 81 80 79 78 77 76 75 73 71 70 69 68 67 66 65 64 63 62 61 60 59 58 57 56 55 54 53 52 51 50 49 48 47 46 45 44 43 42 41 40 39 38 37 36 35 33 32 31 30 29 28 27 26 25 24 23 22 21 20 19 17 16 14 13 12 11 10 9 8 7 6 5 3 2 1 
107 124 123 122 120 119 118 117 116 115 114 113 112 111 110 108 106 105 103 101 100 99 98 97 96 94 93 92 91 90 89 88 87 86 85 84 83 82 81 80 79 77 76 75 74 73 72 71 70 69 68 66 65 64 63 62 61 60 59 58 57 56 55 54 53 52 51 50 49 48 47 46 45 44 43 42 41 40 39 38 37 36 35 34 33 32 31 30 29 28 27 26 25 24 23 22 21 20 19 18 17 16 15 14 13 12 11 10 9 8 6 5 3 2 1 0 
56 124 123 122 121 119 118 117 116 115 114 113 112 111 110 109 108 107 106 105 104 103 102 101 100 99 98 97 96 95 94 93 92 91 90 89 88 87 86 85 84 82 81 80 79 78 77 75 74 73 72 71 69 68 67 66 64 63 62 61 60 59 57 55 54 53 52 51 50 49 48 47 46 45 44 43 42 41 40 39 38 37 36 35 34 33 32 31 30 29 28 27 26 25 24 23 22 21 20 19 18 16 15 13 12 11 10 8 7 6 5 4 3 2 1 0 
58 124 123 122 121 119 118 117 116 115 114 113 112 111 110 109 108 107 106 105 104 103 102 101 100 99 98 97 96 95 94 93 92 91 90 89 88 87 86 85 84 83 82 81 80 79 78 77 76 75 74 73 72 71 70 69 68 67 66 65 64 63 62 61 60 59 57 55 54 53 52 51 50 49 48 47 46 45 44 42 41 39 38 37 36 35 33 32 31 30 29 28 27 26 25 24 23 21 20 19 18 16 15 14 13 12 11 10 9 8 7 6 4 3 1 0 
73 124 123 121 120 119 118 117 116 115 114 113 112 111 110 109 108 107 105 104 103 102 101 99 98 97 96 95 94 93 92 91 90 89 88 87 86 85 83 82 81 79 78 77 76 75 74 72 70 69 67 66 65 64 63 62 61 60 59 58 57 56 55 54 53 52 51 50 49 48 47 46 45 44 43 42 41 40 39 38 37 35 34 33 32 31 30 29 28 27 26 25 24 23 22 21 20 19 18 17 15 14 13 12 11 9 8 7 6 5 4 3 2 1 0 
35 123 121 120 119 117 116 115 114 113 112 111 110 109 108 107 106 105 104 103 102 101 100 99 98 97 96 95 94 93 92 91 90 89 88 87 86 85 84 83 82 80 79 78 77 76 75 74 73 72 71 70 69 68 67 66 65 64 63 62 60 59 58 57 56 55 53 52 51 50 49 48 47 46 45 43 42 41 39 38 37 36 34 33 32 31 30 29 28 27 26 25 24 23 22 21 20 18 17 16 15 14 12 11 10 9 8 7 6 5 4 3 2 1 0 
39 124 122 121 120 119 118 117 116 115 114 113 112 111 110 109 108 107 106 105 104 103 102 101 100 99 97 96 95 94 93 92 91 90 89 88 87 86 85 84 83 81 80 79 78 77 76 75 74 73 72 71 70 69 68 67 66 65 64 63 62 61 60 59 58 57 56 54 53 52 51 50 49 48 46 45 44 43 42 41 40 38 37 36 35 34 33 31 30 29 27 26 25 24 23 22 21 20 19 18 16 15 14 13 12 11 10 9 8 7 6 5 4 2 0 
50 123 122 121 120 119 118 117 116 115 114 113 112 111 110 108 107 106 105 104 103 102 101 100 99 98 97 96 95 94 93 91 90 88 87 86 84 83 82 81 80 79 78 77 76 75 74 73 72 71 70 69 68 67 66 65 64 63 62 61 60 58 57 56 55 53 52 51 49 48 47 46 45 44 43 42 41 40 39 38 37 36 35 34 33 32 31 30 28 27 26 25 24 23 22 21 20 19 18 17 15 14 13 12 11 10 9 8 7 6 5 4 3 2 0 
82 124 123 122 121 119 118 117 116 115 114 113 112 111 110 109 108 107 106 105 104 103 101 100 99 98 97 96 94 93 92 91 90 89 87 86 84 83 81 80 79 78 77 76 75 74 73 72 71 70 69 68 67 66 65 64 63 62 61 60 59 58 57 56 55 54 53 52 51 50 49 48 47 46 45 44 43 42 41 40 38 37 36 35 34 33 32 31 30 29 28 27 26 25 24 23 22 21 20 19 18 16 15 13 11 10 9 8 7 6 5 4 3 2 1 
42 123 122 121 120 119 118 117 116 115 114 113 112 111 110 109 108 107 106 105 104 103 102 101 100 99 98 96 95 94 93 91 90 88 86 85 84 82 81 80 79 78 77 76 75 74 73 72 71 70 69 68 67 66 65 64 63 62 61 59 58 57 56 55 54 53 52 51 50 49 48 47 46 45 44 43 40 39 37 36 35 34 33 32 31 30 29 28 27 26 25 24 23 22 21 20 19 18 17 16 15 14 13 12 11 10 9 8 7 5 4 3 2 1 0 
119 123 122 120 118 117 116 115 113 112 111 110 109 108 107 106 103 102 100 99 98 97 96 95 94 93 92 91 90 89 88 87 86 85 84 83 82 81 80 79 78 77 76 75 74 73 72 71 70 69 67 66 65 64 63 62 61 60 59 58 57 56 55 54 53 52 51 50 49 48 47 46 44 43 42 41 40 39 38 37 36 35 34 33 32 31 30 29 27 26 25 24 23 22 21 20 19 18 17 15 14 13 12 11 10 9 8 7 6 5 4 3 2 1 0 
120 124 123 122 121 119 118 117 116 115 114 113 112 111 110 109 108 107 106 105 104 103 102 101 100 99 98 97 96 95 94 93 92 91 90 89 88 87 86 85 84 83 81 80 79 78 77 76 75 74 73 72 71 70 69 68 67 66 65 64 63 62 61 60 59 57 55 54 53 52 50 49 48 47 46 45 44 43 42 41 40 39 38 37 36 35 34 33 32 31 30 29 26 25 24 23 22 19 18 17 16 15 13 12 11 10 9 8 7 6 4 3 2 1 0 
68 124 123 122 121 120 118 117 116 115 114 113 112 110 109 108 107 106 105 104 103 102 101 100 99 98 97 96 95 94 93 92 91 90 89 88 87 86 85 84 83 82 81 80 79 78 76 75 74 72 71 70 69 67 66 65 64 63 62 61 60 59 58 56 55 54 53 52 51 50 49 47 45 44 43 42 41 40 39 38 37 35 34 33 32 31 30 29 28 26 25 24 23 22 21 20 18 16 15 14 13 12 11 10 9 8 7 6 5 4 3 2 1 0 
101 124 123 122 121 120 118 116 115 114 113 112 111 110 109 108 107 106 105 104 103 102 100 99 98 97 96 95 94 93 92 91 90 89 88 87 86 85 84 83 82 80 79 78 77 76 75 74 73 72 71 70 69 68 67 65 64 63 62 61 59 58 57 56 55 54 53 52 51 50 49 48 47 46 45 44 43 42 41 40 39 38 37 36 35 34 33 32 31 30 29 27 26 25 24 21 20 19 18 17 16 15 13 11 10 9 8 7 6 5 4 3 1 0 
103 124 123 122 121 120 119 118 116 115 114 113 111 109 108 107 106 105 104 102 101 100 99 98 97 95 94 93 92 90 89 88 87 86 85 84 83 82 81 80 78 77 76 75 73 71 70 69 68 67 66 65 64 63 62 61 60 59 58 57 56 55 54 53 51 50 49 48 47 46 45 44 43 42 41 40 39 38 37 36 35 34 33 32 31 30 29 28 27 25 24 23 22 21 20 19 18 17 16 15 14 13 12 11 10 9 8 6 5 4 3 2 1 0 
69 124 123 122 120 119 118 117 116 115 114 113 112 110 109 108 107 106 105 104 103 102 101 100 99 98 96 95 94 93 92 90 89 88 87 86 85 84 83 82 81 80 79 78 77 76 75 74 73 71 70 68 67 65 64 63 62 61 60 59 58 57 56 55 54 53 52 50 49 48 47 46 45 44 43 42 41 40 39 38 37 36 35 34 33 32 31 30 29 28 27 26 25 23 22 21 20 19 18 17 16 15 14 13 12 11 10 9 8 7 5 2 1 0 
72 123 122 121 120 119 118 116 115 114 113 112 111 110 109 108 107 106 104 102 101 100 99 98 97 96 95 94 93 92 91 90 88 87 86 85 84 83 82 81 80 79 78 77 76 74 73 71 70 68 67 66 65 64 63 61 60 59 58 57 56 55 54 53 52 51 50 49 48 47 46 44 43 42 41 40 39 38 37 36 35 34 33 31 30 29 28 27 26 25 24 23 22 21 20 19 18 17 16 14 13 12 11 10 9 8 7 6 5 4 3 2 1 0 
52 122 121 120 119 117 115 113 112 111 110 109 108 107 106 105 104 102 101 100 99 98 97 95 94 93 92 91 90 89 88 87 86 85 84 83 82 81 80 79 78 77 76 75 74 73 72 71 70 69 68 67 65 64 63 62 61 60 59 58 57 56 55 54 53 51 50 49 48 47 46 45 44 43 42 41 40 39 38 37 36 35 34 33 32 31 30 29 28 27 26 25 24 23 22 21 20 19 18 17 16 15 14 13 11 9 8 6 5 4 3 2 1 0 
93 124 123 122 121 120 119 118 117 116 115 114 113 112 111 110 109 108 107 106 104 103 102 101 100 99 98 97 96 94 92 91 90 89 88 87 86 85 84 83 82 81 80 79 78 77 76 75 74 73 72 71 70 69 68 67 66 65 64 63 62 61 60 59 58 56 55 54 52 51 50 49 48 47 46 45 44 43 42 41 39 38 37 36 35 34 33 32 31 30 29 28 27 24 23 22 20 19 18 17 16 15 14 13 12 10 9 8 7 6 5 3 2 0 
115 124 123 122 121 120 119 118 117 116 114 113 112 111 110 108 107 106 105 104 103 102 101 100 99 98 97 96 95 94 93 92 90 89 88 87 86 85 84 83 82 81 80 79 78 77 76 75 74 73 72 71 70 69 68 67 65 64 63 62 61 60 58 57 56 55 54 53 52 51 50 49 48 47 46 45 44 42 41 39 38 37 36 35 34 33 32 31 30 29 28 27 25 24 22 21 20 19 18 16 15 14 13 11 10 9 8 7 6 5 4 2 1 0 
117 124 123 122 121 120 119 118 116 115 113 112 111 110 109 108 107 106 105 104 102 100 99 98 97 96 95 94 93 92 91 90 89 88 87 86 85 84 83 82 81 80 77 75 74 73 71 70 69 68 67 66 65 64 63 62 61 60 59 58 57 56 54 53 52 51 50 49 48 47 45 44 42 41 40 39 38 37 36 35 34 33 32 31 30 29 28 27 26 25 24 23 22 21 20 19 18 16 15 14 13 12 11 10 9 8 7 6 5 4 3 2 1 0 
26 124 123 122 120 119 118 117 116 114 112 111 110 109 108 107 106 105 104 102 101 100 99 98 97 96 95 94 92 91 90 89 88 87 86 85 84 83 82 81 80 79 78 77 76 75 74 73 72 71 70 69 68 66 65 64 63 62 61 60 59 58 57 56 55 52 51 50 49 48 47 46 45 43 42 41 40 39 38 37 36 35 34 33 32 31 30 29 28 27 25 24 23 22 21 20 19 18 17 16 15 14 13 12 11 10 9 8 7 6 5 3 2 1 
99 124 123 122 120 119 118 117 116 115 113 112 111 110 109 108 107 106 105 103 102 101 100 98 96 95 94 93 92 91 90 89 88 87 86 85 84 83 82 81 80 79 78 77 76 75 74 73 72 71 69 68 67 66 64 63 62 61 60 59 58 57 56 55 54 53 52 51 50 49 48 47 46 45 44 43 42 41 40 39 38 37 36 35 34 33 32 31 30 29 28 26 25 24 23 22 21 20 19 18 17 16 15 14 13 11 10 8 7 5 3 2 1 0 
67 124 123 122 121 120 119 117 116 115 114 113 112 111 110 109 108 106 105 103 102 101 100 99 98 97 96 95 94 93 92 91 90 89 88 87 86 84 83 82 81 80 79 78 77 76 73 72 71 70 69 68 66 65 64 63 62 61 60 59 58 57 56 55 54 53 52 51 50 49 48 47 46 44 43 42 41 40 39 38 37 36 35 34 33 32 31 30 29 28 27 25 24 23 22 21 19 18 17 16 15 14 13 12 11 10 9 7 6 4 3 2 1 
5 124 123 122 121 119 118 117 116 115 114 113 112 111 110 108 107 105 104 103 102 101 100 99 98 97 96 95 94 93 92 91 90 89 88 87 86 85 83 82 81 80 78 77 76 75 74 73 72 70 69 68 65 64 63 62 61 59 57 56 55 54 53 52 51 50 49 48 47 46 45 44 43 42 41 40 39 38 37 36 35 34 33 32 31 30 29 28 27 26 25 24 23 22 21 20 19 18 17 16 15 14 13 12 11 10 9 8 7 4 2 1 0 
10 124 123 122 121 120 119 118 117 116 115 114 113 112 111 110 109 108 107 106 105 104 103 102 101 100 99 97 96 95 94 93 92 91 90 89 88 87 84 83 82 81 78 77 76 75 74 72 71 70 69 68 67 65 64 63 62 61 60 58 57 56 55 54 53 51 50 49 48 47 46 45 44 43 42 41 40 39 38 37 36 35 34 33 31 30 29 28 27 26 25 24 23 22 21 20 17 16 15 14 13 12 11 9 8 7 6 5 4 3 2 1 0 
34 124 123 122 121 120 119 118 117 116 115 114 113 112 111 110 109 108 107 106 103 102 101 100 99 98 97 96 95 94 93 92 91 90 89 88 87 86 85 84 83 82 81 80 79 78 77 76 74 73 72 71 70 69 68 67 66 65 64 62 61 60 59 57 56 55 54 53 52 50 49 48 47 46 45 44 43 42 40 39 38 37 36 35 33 32 30 29 28 27 26 25 24 23 21 20 19 18 17 16 15 14 12 11 10 8 7 6 5 4 3 2 0 
11 123 122 121 120 119 118 117 116 115 113 111 110 109 108 107 106 105 104 103 102 101 100 99 98 96 95 94 92 91 90 89 88 87 86 84 83 82 81 80 79 78 77 76 75 74 73 72 71 70 69 68 67 66 65 64 63 62 61 59 58 57 56 55 54 52 51 50 49 48 47 46 45 44 43 42 40 39 38 36 35 34 33 32 31 30 29 28 27 26 25 24 23 22 21 20 17 16 15 14 13 12 10 9 8 7 6 5 4 3 2 1 0 
12 124 122 121 120 119 118 117 116 114 113 112 111 110 109 108 107 106 105 104 103 102 100 98 97 96 95 94 93 92 91 90 89 88 87 86 85 84 83 81 79 78 77 76 75 74 73 72 70 69 68 67 66 65 64 63 62 60 58 57 56 54 53 51 50 49 48 47 46 45 44 43 42 41 40 39 38 37 36 35 34 33 32 31 30 29 28 27 26 25 23 22 21 20 19 18 17 16 15 14 13 11 10 9 8 7 6 5 4 3 2 1 0 
15 124 123 122 121 120 119 118 117 116 115 114 113 112 111 110 109 108 107 106 104 103 101 100 99 98 97 96 95 94 93 92 90 89 88 87 86 85 84 83 82 81 79 78 77 76 75 74 73 71 70 69 68 67 66 65 63 62 61 60 59 58 57 56 55 54 53 52 51 50 49 48 46 44 43 42 41 40 39 38 36 35 34 33 32 31 30 28 26 25 23 22 21 20 19 18 17 16 14 13 12 11 10 9 8 7 6 5 4 3 2 1 0 
106 124 123 122 121 120 119 118 117 116 115 113 112 111 110 109 108 107 105 104 103 102 101 100 99 98 97 96 95 94 93 92 91 90 89 86 85 84 82 81 80 79 78 77 76 75 74 72 70 69 68 67 66 65 64 62 61 59 58 57 56 55 54 53 52 51 50 49 48 47 45 44 43 42 41 40 39 38 37 36 35 34 33 32 31 30 29 28 27 26 25 24 22 21 20 19 18 17 16 15 13 12 11 10 9 8 7 6 4 3 2 1 0 
80 124 123 122 121 120 119 118 117 116 115 114 113 112 111 110 109 108 107 106 105 104 103 102 101 100 99 98 97 96 95 94 93 92 91 90 89 87 86 85 84 83 82 81 79 78 77 76 75 74 72 71 70 69 68 67 66 65 64 63 62 61 60 59 58 57 56 55 54 52 51 50 49 48 46 44 43 42 41 40 39 38 37 36 35 34 32 31 30 29 28 27 26 25 22 21 20 19 18 17 16 14 13 11 9 8 7 6 5 3 2 1 0 
38 124 123 122 121 120 119 118 117 116 115 114 113 112 111 110 109 108 107 106 105 104 103 102 101 100 99 98 97 95 94 93 92 90 89 88 87 86 85 84 83 82 81 80 79 78 77 76 75 73 72 71 69 68 67 66 65 64 63 62 61 60 59 58 57 56 55 54 53 52 51 50 49 48 47 45 44 43 41 40 39 37 36 35 34 33 32 31 30 29 28 27 26 25 24 23 22 21 20 17 16 15 12 11 10 9 8 7 6 5 4 2 1 
110 124 123 122 121 120 119 118 117 116 115 114 113 112 111 109 108 107 106 105 104 102 101 100 99 98 97 96 95 94 93 92 91 90 89 88 87 86 85 83 82 81 80 79 78 76 75 74 73 72 70 69 68 67 66 65 64 63 62 61 60 58 57 56 55 54 53 52 51 50 49 48 47 46 45 44 43 42 41 40 39 38 37 35 34 33 32 31 30 28 27 26 25 24 23 21 20 19 18 16 15 12 11 10 9 8 7 6 5 4 3 2 0 
21 124 123 122 121 119 118 117 116 115 114 113 112 111 110 109 108 107 106 105 104 103 102 101 100 99 98 97 96 95 94 92 91 90 89 88 87 85 83 82 81 80 79 78 77 76 75 74 73 72 71 70 69 68 67 65 64 63 62 59 58 57 56 55 54 53 52 51 50 48 47 46 45 43 42 41 39 38 37 36 35 34 33 32 31 30 29 28 27 26 25 24 23 22 20 19 18 17 16 15 14 13 12 11 10 9 8 6 5 4 2 1 0 
87 124 123 122 121 120 119 118 117 116 115 114 113 112 110 109 108 107 105 104 103 102 101 100 99 98 97 95 94 93 92 91 90 88 86 85 84 83 82 81 80 79 78 77 76 74 73 72 71 70 69 68 67 65 64 63 62 61 60 59 58 57 56 55 54 53 52 51 50 49 48 47 45 44 43 41 40 39 38 37 36 35 34 33 32 31 30 28 27 26 25 23 22 21 20 19 17 16 15 14 13 12 11 10 9 8 7 6 5 4 3 1 0 
3 124 123 122 121 120 119 118 117 114 113 112 111 110 109 108 107 106 105 104 103 102 101 100 99 98 97 96 95 94 93 92 91 90 89 88 87 86 85 84 83 82 81 80 79 78 77 76 75 74 73 72 71 70 68 67 66 65 64 63 61 58 57 56 55 54 53 52 51 50 49 48 47 46 45 44 43 42 41 37 36 35 34 33 32 31 30 29 28 27 26 25 24 23 22 20 19 18 17 16 15 13 12 11 10 9 8 7 6 4 2 1 0 
91 124 123 122 121 120 119 118 117 116 114 113 112 111 110 109 108 107 106 105 104 102 101 100 99 98 96 95 94 93 92 90 89 88 87 86 85 83 82 81 80 79 78 77 76 74 73 72 71 68 67 66 65 64 63 62 61 60 59 58 57 56 55 54 53 52 51 50 49 48 47 46 45 44 43 42 41 40 39 37 36 35 34 33 31 30 29 28 27 26 25 24 22 21 20 19 18 17 14 13 12 11 10 9 8 7 6 5 4 3 2 1 0 
92 124 123 122 121 120 119 118 117 116 115 114 113 112 111 110 109 108 107 106 105 104 103 102 101 100 99 97 95 94 93 91 90 89 88 87 86 85 84 83 82 81 80 79 78 77 76 75 73 72 71 70 69 68 67 66 65 62 61 60 59 58 57 56 55 54 53 52 51 49 48 46 45 44 43 40 39 38 37 36 35 34 33 32 31 30 29 28 27 26 25 24 22 21 20 19 18 17 16 15 14 13 12 11 10 9 8 6 5 4 3 2 0 
121 124 122 120 118 117 116 115 114 113 112 111 110 109 108 106 105 104 103 102 101 100 98 97 96 95 94 93 92 91 90 89 87 86 85 84 83 82 81 80 79 78 77 76 75 74 73 72 71 70 68 67 66 65 64 63 62 60 59 58 57 56 55 54 53 52 51 50 49 48 47 46 45 44 43 42 41 39 38 37 36 35 34 33 32 31 30 29 28 27 24 23 22 21 20 19 17 16 15 14 13 12 11 10 9 8 7 6 5 4 3 1 0 
122 124 123 121 120 119 118 117 116 115 114 111 110 109 108 107 106 105 104 103 102 101 100 99 98 97 96 95 94 93 92 91 90 89 87 86 85 84 83 82 81 80 79 78 77 76 75 74 72 71 70 69 68 67 66 65 64 63 61 60 59 58 56 55 54 52 51 50 49 48 47 46 45 44 43 42 41 40 39 38 37 36 34 33 32 31 30 29 28 27 26 25 24 23 21 20 19 18 17 15 14 13 12 11 10 8 7 6 5 4 3 1 0 
76 124 123 122 121 120 119 116 115 114 113 112 111 110 109 108 107 106 105 104 103 102 101 100 99 98 97 96 95 94 93 92 91 90 89 88 87 86 85 84 83 82 81 80 79 78 77 75 74 73 72 69 68 67 66 65 64 62 61 60 59 58 57 55 53 52 50 49 48 47 46 45 44 43 42 40 39 38 37 36 35 34 33 32 30 29 27 26 25 24 23 22 21 19 18 17 16 15 14 13 12 11 10 9 8 7 6 5 3 2 1 0 
90 124 123 122 121 120 119 118 117 116 115 114 113 112 111 110 109 108 107 106 105 104 103 102 101 100 99 98 97 95 94 93 92 91 89 88 87 85 84 83 82 81 80 79 78 76 75 74 73 72 71 70 69 68 67 66 65 64 63 62 61 60 59 58 57 56 55 54 53 52 50 49 48 43 42 41 40 39 38 37 35 34 32 31 30 29 28 27 26 25 23 22 21 20 19 18 17 15 14 13 12 11 10 9 8 7 6 5 3 2 1 0 
66 123 122 121 120 119 117 116 114 113 112 111 110 109 108 107 106 105 104 103 102 100 99 98 97 96 95 94 93 92 91 90 89 88 86 85 84 83 82 81 80 79 78 77 76 75 74 73 72 71 70 68 67 65 64 63 61 60 59 58 57 56 55 54 53 51 50 49 48 47 46 45 44 43 42 41 40 39 38 37 36 35 34 33 32 31 30 29 28 26 25 24 23 22 20 19 18 17 16 15 14 13 12 11 9 8 6 4 3 2 1 0 
57 124 123 121 120 119 118 117 116 115 114 113 112 111 110 109 108 107 106 105 104 103 102 101 100 99 96 94 92 91 90 88 87 86 85 84 83 82 81 80 79 78 77 76 75 74 73 72 71 70 69 67 66 65 64 63 62 61 60 59 58 56 55 54 53 52 51 50 49 48 45 44 43 42 41 40 39 38 36 35 34 33 31 30 28 27 26 25 24 23 22 21 20 19 18 17 16 15 14 13 12 11 10 9 8 6 5 4 3 2 1 0 
13 124 123 122 121 120 119 118 117 116 115 114 113 112 111 109 108 107 106 105 104 103 102 101 100 99 97 96 95 94 93 92 91 90 89 88 87 86 85 84 82 81 80 78 77 76 75 74 73 72 71 70 69 68 67 66 65 64 62 61 60 59 58 57 56 55 54 53 52 50 49 48 47 46 45 44 43 42 40 39 37 36 33 32 31 30 27 26 25 24 22 21 20 19 18 17 16 15 14 12 11 10 9 8 7 6 5 4 3 2 1 0 
60 124 123 122 121 120 119 118 117 116 115 114 113 112 111 110 109 108 107 105 104 103 102 100 99 98 97 96 95 94 93 92 91 90 89 88 87 86 85 84 83 82 80 79 78 77 76 74 73 72 71 70 69 68 67 66 65 64 63 62 61 59 58 57 56 55 54 53 52 51 50 49 48 47 46 45 44 41 40 39 38 36 35 34 33 32 31 30 28 27 26 25 24 23 22 20 19 18 17 16 15 14 13 12 10 9 8 7 6 4 1 0 
113 124 123 121 120 119 118 117 116 115 111 110 109 108 107 106 105 104 103 102 101 100 99 98 97 95 94 93 92 91 90 89 88 87 86 85 84 83 82 80 78 77 76 75 74 73 72 71 70 69 68 67 66 65 63 62 61 60 59 58 57 56 55 53 52 51 50 49 48 47 46 45 44 43 42 41 40 39 38 37 36 35 34 33 32 31 30 29 28 25 24 23 22 21 19 18 16 15 14 13 12 11 10 9 7 6 5 4 3 2 1 0 
95 124 123 122 121 120 119 117 116 115 114 113 112 111 110 109 108 106 105 104 103 102 101 100 99 98 97 96 92 91 90 89 88 87 86 85 84 83 81 80 79 78 77 76 75 73 72 70 69 68 67 66 65 64 62 61 60 59 58 56 55 54 53 52 51 50 49 48 47 46 45 44 43 42 41 40 39 38 37 36 35 34 33 32 31 30 29 28 27 26 25 24 22 21 19 17 16 15 13 12 11 10 9 8 7 6 5 4 3 2 1 0 
97 124 123 122 121 120 119 118 117 115 114 113 112 111 110 109 108 107 106 105 103 102 101 100 98 96 95 94 93 92 90 89 88 87 86 85 84 83 82 81 80 79 78 77 76 75 74 73 72 71 70 68 67 66 65 64 63 61 60 59 58 56 55 54 53 52 51 50 49 48 47 46 45 44 43 41 40 39 38 37 36 35 34 33 32 31 29 28 27 26 25 24 23 22 21 20 18 17 16 15 14 13 12 10 9 8 7 6 5 3 2 0 
17 124 123 122 121 120 119 118 116 114 112 111 109 108 107 106 105 104 103 102 101 100 99 98 97 96 95 94 93 92 91 90 89 88 87 86 85 84 83 81 80 79 78 77 76 75 74 73 72 71 70 69 67 66 65 64 63 62 61 60 59 57 55 54 52 51 50 49 48 47 46 45 44 42 41 40 38 37 36 35 34 33 32 31 30 29 28 27 26 24 23 22 21 19 18 16 15 14 13 12 11 10 9 8 7 6 5 4 3 2 1 0 
83 123 122 121 120 119 118 117 115 113 111 110 109 108 107 105 104 103 102 101 100 99 98 97 96 95 94 93 92 91 90 89 88 87 86 85 84 82 81 80 79 78 77 76 75 74 73 72 70 69 68 67 66 65 64 63 62 61 60 58 57 55 54 53 52 51 50 49 48 46 45 44 43 41 40 39 38 37 36 35 34 33 32 31 30 29 28 27 26 25 24 23 22 21 20 19 17 16 15 14 12 11 10 9 8 7 6 5 4 3 2 0 
86 124 123 122 121 120 119 118 117 116 115 114 113 112 110 109 108 107 106 105 104 103 101 100 99 98 97 95 94 93 92 91 89 88 87 84 83 82 81 80 78 77 76 74 73 72 71 70 69 68 67 66 65 64 62 61 60 59 58 57 56 55 54 53 52 51 50 48 47 46 45 44 43 42 41 40 39 38 37 36 35 34 33 32 31 29 28 27 26 25 24 23 22 20 19 18 17 16 15 14 13 12 11 9 8 7 6 5 4 3 1 0 
28 124 123 122 121 118 117 116 115 114 113 112 111 110 109 108 107 106 105 104 103 102 100 99 98 97 96 95 94 93 92 91 90 89 88 87 86 85 84 83 82 81 80 79 78 77 75 73 72 71 70 69 68 67 66 65 64 63 62 60 58 57 56 55 53 52 51 50 49 48 47 46 45 44 43 42 41 40 38 37 36 35 34 33 32 31 30 29 27 26 25 24 23 21 19 18 17 16 15 14 12 11 10 9 8 7 6 5 4 3 2 0 
75 124 122 121 120 119 118 117 116 115 114 113 112 111 110 109 108 107 106 105 104 103 102 101 100 99 97 96 95 94 93 92 90 89 88 85 84 83 82 81 80 79 78 77 76 74 73 71 70 69 68 66 65 64 63 62 61 59 58 57 56 55 54 52 51 50 49 48 47 46 45 43 42 41 39 38 37 36 35 33 32 31 30 29 28 26 25 24 23 21 20 19 18 17 16 15 14 13 12 11 10 9 8 7 6 5 4 3 2 1 0 
30 124 123 122 121 120 119 118 117 116 115 114 113 110 109 107 106 105 104 103 102 101 100 99 98 96 95 94 93 92 91 90 89 88 87 85 84 83 82 81 80 79 78 77 76 75 74 73 72 71 70 69 68 67 66 65 64 63 62 61 60 59 58 57 56 55 53 52 51 50 49 48 46 45 44 42 41 40 39 38 37 36 35 34 33 28 27 26 25 22 21 20 19 18 17 16 15 14 13 12 11 10 9 8 7 6 5 4 3 2 0 
6 124 123 122 121 120 119 118 117 116 115 113 112 111 110 109 108 107 106 105 104 103 102 101 100 98 97 96 95 94 93 92 91 90 89 88 87 86 84 83 82 81 80 78 77 76 75 74 73 72 71 70 68 67 66 65 64 63 61 60 59 58 57 56 55 54 53 52 51 50 48 45 44 43 41 40 39 38 37 36 35 34 32 31 30 29 28 27 26 25 24 22 21 20 19 18 17 16 15 14 13 12 11 10 9 8 4 3 2 1 0 
51 124 123 122 121 119 118 117 116 115 114 113 112 111 110 109 108 107 106 105 103 102 101 100 99 98 97 96 95 93 92 91 89 88 87 86 85 84 83 82 81 80 79 78 77 75 74 73 72 71 70 68 67 66 65 63 62 60 59 58 57 56 55 54 53 52 50 49 46 45 44 43 42 41 40 39 38 37 36 35 33 32 31 30 29 28 27 26 24 23 22 21 20 19 18 17 15 14 12 11 10 9 8 7 6 5 4 3 2 1 0 
109 124 123 122 121 120 119 117 116 114 113 111 110 108 106 105 103 102 101 100 99 98 97 96 95 94 93 92 91 90 89 88 87 86 85 84 83 82 81 80 79 78 76 75 74 73 72 71 70 69 68 67 66 65 64 63 62 61 60 59 58 57 56 55 54 53 52 51 49 47 45 44 43 42 40 39 38 37 35 34 32 31 30 29 28 27 26 25 24 23 21 20 19 18 17 16 15 14 13 12 11 10 9 8 7 6 4 3 2 1 0 
40 123 122 120 119 118 117 116 114 113 112 111 110 109 108 107 106 105 104 103 101 100 99 98 97 96 95 94 92 91 90 89 88 87 86 84 83 82 81 80 78 77 76 74 73 72 71 70 69 68 67 66 65 64 63 62 61 60 59 57 56 55 54 53 52 51 50 49 48 47 46 45 44 43 42 41 39 38 37 36 34 33 32 31 30 29 28 27 26 25 24 23 22 20 19 18 17 15 13 12 11 10 9 8 7 6 5 4 2 1 0 
54 122 121 120 119 118 117 116 115 114 112 111 110 109 108 107 106 105 104 103 102 101 100 99 98 97 96 95 94 93 92 91 90 89 88 87 86 85 84 83 82 81 80 79 78 77 75 74 73 72 71 70 69 68 67 66 64 63 62 60 59 58 57 56 55 53 52 51 49 48 47 46 45 43 42 41 40 39 38 37 36 34 33 32 31 29 27 25 23 22 21 20 19 18 17 16 15 14 13 12 11 10 9 7 6 5 4 3 2 1 0 
112 124 123 121 120 119 118 117 116 115 114 111 110 108 107 106 105 104 102 101 100 99 98 97 96 95 94 93 92 91 90 89 88 87 86 84 82 81 80 79 78 77 76 75 73 72 71 70 69 68 67 66 65 63 62 61 60 59 58 57 56 55 54 53 52 51 50 49 48 47 46 45 44 43 42 41 40 39 38 37 36 35 34 32 31 29 28 26 25 24 23 22 21 20 19 18 17 15 14 13 12 10 9 8 7 6 5 4 3 1 0 
32 124 123 122 121 120 119 118 117 116 115 114 113 112 111 110 109 108 107 106 105 104 103 101 100 99 98 97 96 95 94 93 92 90 89 88 87 86 85 84 83 82 81 80 79 78 77 76 75 74 73 71 70 69 68 67 66 65 64 61 60 59 58 56 55 54 52 51 50 49 48 47 46 45 44 43 42 41 40 38 36 35 34 33 29 28 27 26 25 24 23 21 20 19 18 17 16 15 14 13 12 11 9 8 7 6 5 3 2 1 0 
114 124 123 122 121 120 118 116 115 112 111 110 109 108 107 105 104 103 102 101 100 98 97 95 94 93 92 91 90 89 88 87 86 85 84 82 81 80 78 77 76 75 74 73 72 70 69 68 67 66 65 64 63 62 61 60 59 58 57 56 55 54 53 51 50 49 48 47 46 45 44 42 41 40 39 38 37 36 35 34 33 32 31 30 29 28 27 26 25 24 23 22 21 20 19 17 16 15 14 13 12 10 9 8 7 5 4 3 2 1 0 
98 124 123 122 121 120 119 118 117 116 115 114 113 112 111 110 109 108 107 106 105 104 103 102 101 100 99 97 96 95 94 93 91 90 88 87 86 85 84 83 82 81 80 78 77 76 74 73 72 71 70 69 68 67 66 65 64 63 62 61 60 59 58 56 55 54 52 51 50 49 47 46 45 44 43 42 41 40 38 37 36 35 34 33 32 31 30 29 28 27 26 25 24 23 22 21 20 18 17 16 15 14 12 11 9 8 6 5 3 2 1 
43 124 123 122 121 120 119 118 116 113 112 111 110 109 108 107 106 105 104 103 102 101 100 99 98 97 96 95 94 93 92 91 90 88 87 86 85 84 83 82 81 80 79 78 77 76 75 74 73 72 71 70 69 68 67 66 64 63 62 61 59 57 56 55 54 53 52 51 50 49 48 47 46 45 42 40 39 38 37 36 35 34 33 32 31 29 28 27 26 25 24 23 21 20 19 18 16 15 14 13 12 11 10 9 8 7 6 5 3 2 1 
70 124 123 122 121 120 119 118 117 115 114 113 112 111 110 109 108 107 106 105 104 103 101 100 98 97 95 94 93 92 90 88 87 86 85 84 83 82 81 80 79 78 77 75 74 73 72 69 68 67 66 65 64 62 61 60 59 58 57 55 54 53 52 51 50 49 48 46 45 44 43 42 41 40 39 37 35 34 33 32 31 30 29 28 27 26 25 24 23 22 21 20 18 17 16 15 14 13 12 11 10 9 8 7 6 5 4 3 2 1 0 
47 124 123 122 121 120 119 117 116 115 114 113 112 111 110 109 108 107 106 105 104 103 102 101 100 99 98 97 96 95 94 93 91 89 87 86 85 84 82 81 79 78 77 76 75 74 73 72 71 69 68 67 66 65 64 63 62 61 60 59 58 56 55 54 53 52 50 49 48 46 45 43 42 41 40 38 37 36 35 34 33 32 31 29 28 27 26 25 24 23 22 21 20 19 18 17 16 14 13 12 11 10 9 8 7 5 4 3 2 1 0 
102 124 123 122 121 120 119 118 117 116 115 114 113 112 111 110 109 108 106 105 104 103 101 100 99 98 97 96 95 94 93 92 91 90 88 87 85 84 83 81 80 79 78 77 76 75 74 73 72 71 69 68 67 66 65 64 63 60 58 57 56 55 54 52 51 50 49 48 47 46 45 44 43 42 41 39 38 37 36 35 34 33 31 30 29 28 27 26 25 24 23 21 20 19 18 17 16 14 13 12 11 10 9 8 7 6 5 3 2 1 0 
25 124 123 122 120 119 118 117 116 115 114 113 112 110 109 108 107 106 105 104 103 102 101 100 99 98 97 95 94 92 91 90 89 88 87 86 84 83 82 81 80 79 77 76 75 73 72 71 70 69 68 67 66 65 64 63 62 61 60 58 57 56 55 54 53 52 50 49 48 47 46 45 44 43 42 40 39 38 37 36 35 34 33 32 31 30 29 28 26 24 23 22 21 20 18 16 15 14 13 12 11 10 9 8 6 5 4 3 2 1 0 
20 124 123 122 121 119 118 117 116 115 114 112 111 110 109 108 107 106 105 104 103 102 101 100 99 98 97 96 94 93 92 91 90 89 88 87 86 85 84 83 82 81 80 79 78 77 75 74 73 72 71 70 69 68 66 64 62 61 60 59 58 57 56 55 54 53 52 51 50 48 47 46 45 44 43 42 41 40 39 38 37 36 35 34 32 31 30 29 27 26 25 24 21 19 16 15 14 13 12 11 10 9 8 7 6 5 4 3 2 0 
116 124 123 122 121 120 119 118 117 115 114 113 112 111 110 109 108 107 106 105 104 103 102 101 100 99 98 96 95 93 92 91 90 88 87 86 85 82 81 80 79 78 76 75 74 73 72 69 68 67 66 65 64 63 60 59 58 57 56 55 54 53 51 50 49 48 47 46 45 43 42 41 40 39 38 37 36 35 34 33 32 31 30 29 28 26 25 24 23 22 21 20 19 18 17 16 15 13 12 11 10 9 8 7 6 5 4 2 1 0 
104 124 122 121 120 118 117 116 115 114 113 112 111 110 106 105 103 102 101 98 96 95 94 93 92 91 90 89 88 87 86 85 84 83 82 81 80 79 78 77 76 75 73 72 71 70 69 68 66 65 64 63 62 61 60 59 58 57 56 55 54 53 52 50 49 47 46 45 44 43 42 41 40 39 38 37 36 35 33 32 30 29 28 27 26 25 24 23 22 21 20 19 18 17 16 15 14 13 12 11 10 8 7 6 5 4 3 2 1 0 
118 124 122 121 120 119 117 116 115 114 113 112 111 110 108 107 106 105 104 103 102 101 100 99 98 97 96 94 93 92 91 90 89 88 87 86 85 83 82 81 80 79 78 77 75 74 73 72 70 69 68 65 64 63 62 61 60 59 58 57 56 55 54 53 51 50 48 46 45 44 43 42 41 40 39 38 36 34 33 32 31 30 28 27 26 25 24 23 22 21 20 18 17 16 15 14 13 12 11 10 9 8 7 6 5 4 3 2 1 0 
14 124 123 122 121 119 118 117 115 114 113 112 111 109 108 107 105 104 103 102 100 99 98 97 96 94 93 92 91 90 89 88 87 86 85 84 83 81 80 79 78 77 76 75 74 73 72 70 69 68 67 66 65 64 63 62 60 59 58 57 55 54 53 52 51 50 49 48 47 46 45 44 43 42 41 39 37 36 35 34 33 32 31 30 29 28 27 26 25 23 22 21 20 19 18 17 16 15 13 12 11 10 9 8 7 6 5 4 2 0 
89 123 122 121 120 119 118 117 115 114 113 112 111 110 109 108 107 106 105 104 103 101 100 99 97 96 95 94 93 92 91 90 88 86 85 84 83 82 81 80 79 78 77 76 75 74 73 71 69 68 67 66 65 64 62 61 60 59 58 56 55 54 53 52 51 49 48 47 46 45 44 41 40 39 38 37 36 35 34 33 32 31 30 28 27 26 25 24 23 22 21 20 19 18 17 16 15 14 13 12 11 10 8 7 6 5 4 3 1 0 
45 124 123 122 121 120 118 117 116 115 114 113 112 111 110 109 108 107 106 105 104 103 102 101 100 99 98 97 96 95 94 93 92 91 89 88 87 86 85 84 83 82 81 79 78 76 75 73 71 70 69 68 66 65 64 62 61 60 59 58 57 56 54 53 52 51 50 47 44 43 42 41 40 39 38 37 36 35 34 33 32 31 30 29 28 27 26 25 24 23 22 21 20 18 17 14 13 12 11 10 9 8 7 6 5 4 3 2 1 0 
53 124 123 121 120 119 118 117 116 115 114 113 112 111 110 109 108 107 106 105 104 103 101 100 99 97 96 95 94 92 91 90 89 88 87 86 85 84 83 82 81 79 78 77 76 73 72 71 70 69 68 67 66 65 64 63 62 60 59 58 57 56 55 54 52 51 50 49 48 47 46 45 44 43 42 41 40 39 38 37 36 35 34 33 30 28 27 25 23 22 21 20 19 18 16 15 14 13 12 10 9 8 7 6 5 4 3 2 1 0 
123 122 120 119 117 116 115 114 113 112 111 110 109 108 107 106 105 103 102 101 100 99 98 97 96 95 94 93 92 91 90 89 88 87 86 84 83 82 81 80 79 78 77 76 74 73 72 71 70 69 68 67 66 65 64 63 62 61 60 59 58 57 56 55 53 51 50 49 48 47 46 45 43 42 41 40 38 37 36 35 34 33 32 31 30 29 28 27 26 25 24 23 22 21 20 18 17 15 14 13 11 10 8 7 6 5 4 3 2 0 
85 124 122 121 120 119 118 117 116 115 114 113 111 110 109 108 107 106 105 104 103 102 101 100 99 98 97 96 95 94 93 92 91 90 89 88 87 84 83 81 80 79 78 77 76 75 73 72 71 70 69 68 66 65 64 63 62 61 60 59 58 57 56 55 54 53 52 51 49 48 47 46 45 43 42 41 39 38 37 36 35 34 32 31 30 29 28 27 26 23 22 21 20 19 17 16 15 14 13 12 9 8 7 5 4 3 2 1 0 
27 123 122 121 119 118 117 115 114 110 109 108 107 106 105 104 103 102 101 100 98 97 95 94 93 92 91 90 89 88 87 86 85 83 82 81 80 79 78 77 76 74 73 72 71 70 69 67 65 64 63 62 60 59 58 57 56 55 54 53 52 51 50 49 48 47 45 44 43 42 41 40 39 38 37 36 35 34 33 32 31 30 29 28 26 24 23 22 21 20 19 18 17 16 14 13 12 11 10 9 8 7 6 5 4 3 2 1 0 
96 124 123 122 121 120 119 118 117 116 115 112 111 110 109 107 106 105 104 102 101 100 99 98 97 95 94 93 91 89 88 85 84 83 82 81 80 78 77 76 75 74 73 72 71 69 68 67 66 65 64 63 62 61 60 58 57 56 55 54 53 51 50 49 48 47 46 45 44 43 42 41 40 39 37 36 35 34 33 32 31 30 29 28 26 24 23 22 21 20 19 18 17 16 15 14 13 12 11 10 9 8 6 5 4 3 2 1 0 
16 121 120 118 117 116 115 114 113 111 110 109 108 107 106 105 104 103 102 101 100 99 98 97 96 95 94 93 92 89 88 87 86 85 84 83 82 81 80 79 78 77 76 75 74 72 71 70 69 68 67 66 65 64 63 61 60 59 58 57 56 55 54 53 52 49 48 47 46 43 42 41 39 38 37 36 35 34 33 32 31 30 29 28 27 26 25 24 23 22 21 20 19 18 17 15 14 13 12 11 10 8 6 5 4 3 2 1 0 
22 124 123 121 120 119 118 117 116 115 114 113 112 111 108 107 106 105 104 103 100 99 98 97 96 95 94 93 92 91 90 89 88 87 86 85 84 83 82 81 80 79 78 77 76 74 73 72 71 70 69 68 67 66 65 64 63 62 61 60 59 57 56 55 54 53 52 51 50 49 47 46 45 44 42 41 40 39 38 37 36 35 33 31 30 29 27 26 25 24 23 21 19 17 16 15 14 13 12 11 10 9 8 6 5 3 2 1 0 
24 124 123 122 121 120 119 118 117 116 115 114 113 112 111 110 109 108 107 106 105 104 103 102 101 100 99 98 97 96 95 94 93 92 91 89 88 86 84 83 82 81 79 78 77 76 75 74 73 72 71 70 68 67 66 65 64 63 62 61 60 58 57 56 55 52 51 50 49 48 47 45 43 42 41 40 39 38 37 36 35 34 33 32 31 29 28 27 26 25 22 21 20 19 18 17 16 13 11 10 9 7 6 5 4 3 2 1 0 
59 124 123 122 121 120 119 118 117 116 114 113 112 111 109 108 107 106 105 104 103 101 100 99 98 97 95 94 93 92 91 90 89 88 87 86 85 84 82 81 80 79 78 77 76 75 74 73 72 71 70 69 68 67 66 65 64 63 62 60 58 57 56 55 54 53 52 51 49 48 47 45 44 43 42 41 40 39 38 37 36 35 34 33 32 31 30 29 27 26 22 21 20 19 17 16 15 14 13 11 9 8 7 6 5 4 2 1 0 
1 124 122 121 120 119 118 117 116 115 114 113 112 111 109 108 107 106 105 104 103 102 101 100 99 98 96 95 94 91 90 89 88 87 86 85 84 82 81 80 79 78 77 76 75 74 73 72 71 70 69 68 67 66 65 64 62 61 60 59 58 57 56 55 54 53 52 51 49 47 46 45 44 43 42 40 38 37 36 35 33 32 31 29 27 26 25 24 23 22 21 19 18 17 16 15 13 12 11 10 9 8 7 6 5 4 3 2 0 
61 124 123 122 120 119 118 117 115 114 113 112 111 110 109 108 107 106 105 104 103 101 100 99 98 97 96 95 94 93 92 91 90 89 88 87 86 85 84 83 82 81 80 79 77 76 75 74 73 72 71 70 69 68 67 66 65 64 63 60 58 57 56 55 52 50 49 48 47 46 45 44 43 42 41 40 39 38 37 36 34 33 32 31 30 29 26 25 24 23 22 20 19 18 17 16 15 13 11 10 9 8 6 5 4 3 2 1 0 
7 124 123 122 121 120 119 118 117 116 115 114 113 112 111 110 109 108 106 105 104 102 101 100 99 97 95 94 93 91 90 89 88 87 86 85 84 83 82 81 80 79 78 77 76 75 74 73 72 71 70 69 68 67 65 64 63 62 60 59 58 56 55 54 53 51 50 48 47 46 45 44 43 42 41 40 39 38 37 36 35 34 33 32 31 30 29 28 27 26 24 23 20 19 18 17 15 14 13 12 11 10 9 8 5 4 3 2 1 
84 123 122 121 120 119 117 115 114 113 112 111 109 107 106 105 104 103 102 101 100 99 98 97 96 95 93 92 90 89 88 87 86 85 83 82 81 80 79 77 76 75 74 72 71 70 69 68 67 66 64 63 62 61 60 59 58 57 56 55 54 53 52 51 50 49 48 47 46 45 44 43 42 40 39 38 36 35 34 33 32 31 30 29 28 26 25 24 23 22 20 18 17 16 15 14 13 12 11 10 9 8 7 6 4 3 2 1 
29 123 122 121 120 119 117 116 115 114 113 112 111 109 108 107 106 105 104 103 102 101 99 98 97 96 95 94 93 92 91 90 88 86 85 84 83 82 80 79 77 76 75 73 72 71 70 69 68 67 66 65 64 63 61 59 58 56 55 54 52 51 49 48 47 46 45 44 43 42 41 40 39 38 37 36 35 34 33 32 31 28 27 26 25 24 23 22 21 20 19 18 17 16 14 12 11 10 9 8 7 6 5 4 3 2 1 0 
71 123 122 121 120 119 117 115 113 112 111 109 108 107 105 104 103 102 101 100 99 98 97 96 94 93 92 91 90 89 88 87 86 85 84 82 81 80 79 78 77 75 74 72 69 68 67 66 65 64 63 62 61 60 59 58 57 56 55 54 53 52 51 50 49 48 47 46 45 44 43 42 41 40 39 38 37 36 35 34 33 32 31 30 29 28 27 26 25 24 22 21 20 19 18 17 16 15 13 11 10 9 7 6 3 2 1 0 
79 123 122 121 120 119 118 116 115 112 111 110 109 108 107 106 105 104 102 101 100 99 97 95 94 93 92 91 90 89 88 87 85 84 83 82 81 80 78 77 76 75 73 72 71 70 69 68 67 66 65 64 63 62 61 60 59 58 57 56 55 54 53 52 51 50 49 48 47 45 44 43 42 41 39 38 37 35 34 33 32 31 30 29 28 27 26 25 24 23 22 21 20 19 17 16 15 14 12 11 9 8 7 4 3 2 1 0 
23 124 123 122 121 120 119 118 117 116 114 113 112 111 110 109 108 107 105 104 103 102 100 99 98 97 96 94 93 90 89 87 86 85 84 83 82 81 79 78 77 76 75 74 73 72 70 69 68 67 66 65 63 62 61 60 58 57 56 55 54 53 52 51 50 49 48 47 46 45 43 42 41 40 39 38 37 36 35 34 33 32 31 29 28 27 26 25 22 21 19 18 17 16 15 14 12 11 10 9 8 7 5 4 3 2 1 0 
18 124 123 122 120 119 118 117 116 115 113 112 111 110 109 108 107 106 104 103 102 101 100 99 98 97 96 94 93 92 91 90 89 88 86 84 82 81 80 78 77 76 75 74 73 72 71 70 69 68 67 66 65 64 63 61 60 58 57 56 55 54 53 52 51 50 49 48 47 46 45 44 43 42 40 39 37 36 35 34 33 32 31 30 29 28 27 26 25 24 23 21 19 17 16 15 14 13 12 9 7 6 5 4 3 2 1 0 
46 124 123 122 121 120 119 118 116 115 114 113 112 111 110 108 107 105 104 103 102 101 99 98 97 96 95 94 93 92 91 89 88 86 85 84 83 82 81 80 78 77 76 75 74 73 72 71 70 69 67 66 65 64 62 61 60 58 56 55 54 53 52 51 50 48 47 44 43 42 41 40 39 37 36 35 34 33 32 31 30 29 28 26 25 23 22 21 20 19 18 17 16 15 14 13 12 11 10 9 8 7 5 4 3 2 1 0 
41 124 123 122 121 120 119 118 117 116 115 114 113 112 111 110 107 106 105 104 103 102 101 100 99 98 97 96 95 94 93 91 90 89 88 87 86 85 83 82 81 80 79 78 77 75 74 73 72 71 70 69 68 67 66 65 64 61 60 59 58 57 56 55 54 53 52 51 50 49 48 47 46 45 44 40 39 38 36 35 33 32 31 30 29 28 27 26 24 23 22 21 20 19 17 16 15 14 12 10 9 7 6 5 4 3 2 0 
62 124 123 121 120 119 118 117 115 114 113 112 111 110 109 107 106 105 104 103 101 100 99 98 96 95 94 93 92 91 90 89 88 87 86 85 84 83 82 81 80 79 78 77 76 75 73 71 70 69 68 67 65 64 63 60 59 58 57 56 55 54 53 52 51 50 49 48 47 46 45 44 43 42 40 39 38 37 36 35 34 33 30 28 27 26 25 24 23 22 21 20 19 17 15 14 13 12 11 10 9 8 7 5 2 1 0 
44 124 122 121 120 119 118 117 115 114 113 112 111 110 109 108 107 106 105 104 103 102 101 100 99 98 97 96 95 94 93 92 91 89 88 87 86 84 83 82 81 80 79 77 76 74 73 72 71 70 69 68 67 66 65 64 63 62 61 60 59 58 57 56 53 52 51 50 49 48 46 45 42 41 40 39 38 37 36 34 33 32 31 30 29 28 27 25 22 20 18 17 15 14 13 12 11 10 9 8 7 6 5 3 2 1 0 
19 124 122 121 120 119 117 116 115 114 113 112 111 110 109 107 106 105 104 103 102 101 99 96 95 94 93 92 91 90 89 88 87 86 85 83 82 81 80 79 77 76 75 74 73 72 71 69 67 66 65 64 63 62 61 60 59 58 57 56 55 54 53 52 51 50 49 48 47 46 43 42 41 40 39 37 34 33 32 31 30 29 28 27 26 24 23 22 21 20 18 17 16 15 14 13 12 9 8 7 6 5 4 3 2 1 0 
74 124 123 122 121 120 119 118 117 116 115 114 113 111 110 109 108 107 106 102 101 100 99 98 97 96 94 93 91 90 89 88 87 86 84 83 82 81 80 78 77 76 75 73 72 71 70 69 68 66 64 63 61 60 59 58 57 56 54 52 51 50 49 48 47 46 44 43 42 41 40 39 37 36 35 34 33 32 31 30 27 26 24 23 22 21 20 19 18 17 16 15 14 13 12 11 10 9 8 7 6 5 3 2 1 0 
63 124 123 122 121 120 119 118 117 116 115 114 113 112 111 110 109 107 105 104 103 102 101 100 99 98 97 96 94 93 91 90 88 87 85 84 83 82 81 80 79 78 77 75 74 73 72 71 69 68 67 66 65 62 61 60 59 58 57 56 55 54 53 52 51 50 49 48 47 44 43 42 40 39 38 37 35 31 30 29 28 27 26 25 24 23 22 21 19 18 17 16 15 14 12 11 10 9 8 7 6 5 3 2 0 
4 124 123 122 121 120 119 118 117 116 115 114 113 112 111 110 109 108 106 104 103 101 96 95 94 92 91 89 88 87 86 85 84 83 82 81 79 78 77 75 73 72 70 68 67 66 65 64 61 60 59 58 57 56 55 54 53 52 51 50 49 48 47 46 45 42 41 40 39 38 37 36 35 34 33 31 30 29 28 27 25 24 23 21 20 19 18 17 16 15 14 13 12 11 10 9 8 7 6 5 3 2 1 0 
124 122 121 120 118 117 116 115 114 113 112 111 110 109 108 107 106 105 104 103 102 101 100 99 98 97 96 95 94 93 92 91 90 88 87 86 85 82 81 80 78 76 75 74 73 70 69 68 67 65 64 63 62 61 60 59 58 57 56 55 53 51 49 48 47 46 45 44 43 41 39 38 36 34 33 32 31 30 28 26 25 24 23 22 21 20 19 18 17 15 14 13 12 10 9 8 7 6 5 4 3 2 1 0 

