0 244 241 240 230 221 202 197 195 194 191 176 173 167 166 152 133 132 131 130 122 116 111 109 102 96 92 89 87 84 78 73 69 64 47 44 33 20 
1 248 241 217 210 205 199 196 195 186 163 152 127 97 86 80 77 60 50 43 40 16 4 
2 220 188 183 176 173 157 127 117 116 111 93 79 68 65 58 51 47 44 33 19 13 12 6 5 
3 248 242 237 223 219 209 194 190 189 185 144 140 131 129 116 108 89 70 68 56 40 39 18 5 
4 247 237 223 217 210 208 199 198 192 185 168 163 146 139 137 134 129 115 112 111 102 94 93 92 84 68 65 57 49 37 34 23 19 18 1 
5 243 233 177 168 159 144 117 116 110 108 99 96 93 92 62 61 52 38 33 27 7 3 2 
6 245 229 228 225 220 217 213 205 194 177 168 165 164 153 122 118 106 105 98 83 68 66 58 48 15 2 
7 242 240 231 225 207 196 195 176 174 168 149 147 138 120 106 100 89 80 67 61 48 38 14 9 5 
8 248 247 240 231 200 174 171 159 158 157 155 145 123 110 109 108 86 66 65 59 50 32 20 
9 228 222 220 218 204 197 183 173 142 107 97 94 93 90 77 75 69 64 54 43 38 17 7 
10 239 237 229 204 182 168 163 159 146 143 116 114 109 106 88 87 84 64 45 33 27 
11 242 203 190 188 185 171 147 123 116 113 111 103 101 83 71 61 60 28 26 23 
12 238 229 212 186 178 172 171 153 143 134 132 119 118 114 102 100 92 88 87 82 75 70 56 49 45 44 35 34 31 28 2 
13 236 227 214 188 187 174 165 163 152 150 133 132 128 114 113 110 102 97 81 56 39 38 37 36 18 2 
14 231 221 160 158 152 144 142 140 137 128 115 100 94 90 86 70 57 55 52 45 32 27 25 7 
15 248 240 229 225 188 187 173 170 149 148 145 139 131 125 121 116 101 98 90 70 62 30 28 6 
16 243 225 216 211 208 203 187 158 156 138 120 113 97 95 86 72 70 68 51 45 39 32 21 18 1 
17 240 239 225 214 208 207 203 195 190 188 187 181 177 167 165 162 161 159 147 145 127 91 84 79 63 62 54 40 37 28 9 
18 246 241 240 216 205 196 177 159 145 142 140 139 130 129 124 121 110 102 98 97 96 90 80 68 55 49 44 35 26 23 16 13 4 3 
19 249 241 230 227 219 218 217 198 193 186 170 168 165 162 161 152 140 134 131 128 127 123 118 113 61 42 38 26 4 2 
20 243 239 238 222 218 203 172 163 156 152 133 119 110 100 99 89 60 57 55 41 31 8 0 
21 244 224 213 207 161 143 140 131 128 126 125 121 120 108 84 70 67 64 48 44 40 27 16 
22 246 239 237 223 211 201 190 187 178 156 153 152 143 138 120 114 102 100 90 85 83 74 57 56 39 35 28 23 
23 248 179 168 156 154 153 135 133 127 121 118 107 100 73 70 65 53 31 22 18 11 4 
24 248 242 240 190 126 111 104 103 99 93 92 87 83 66 56 51 43 40 
25 247 200 197 182 179 173 159 157 123 112 106 103 101 96 55 47 40 39 14 
26 244 237 221 215 212 204 199 176 158 151 144 126 109 95 78 70 49 47 41 35 32 19 18 11 
27 241 223 218 215 214 204 201 195 167 154 153 144 136 132 128 125 124 120 94 73 72 60 52 51 50 45 41 34 21 14 10 5 
28 249 244 239 234 233 231 226 216 212 198 191 172 169 165 160 147 138 130 115 114 100 93 79 71 68 66 57 54 39 22 17 15 12 11 
29 240 234 231 228 223 204 193 186 182 157 154 147 141 137 132 129 118 117 102 96 86 75 67 58 52 50 39 
30 249 218 216 202 199 178 159 147 142 119 116 110 104 62 58 57 45 34 32 31 15 
31 237 235 227 215 207 202 172 162 160 152 147 142 131 124 122 118 94 87 76 68 62 58 55 49 48 39 33 32 30 23 20 12 
32 245 242 237 233 214 210 209 194 191 186 173 155 148 142 123 101 80 68 64 58 49 42 33 31 30 26 16 14 8 
33 227 211 205 203 181 170 165 156 120 118 93 68 64 57 52 47 32 31 10 5 2 0 
34 242 230 218 212 208 207 206 193 187 182 175 171 154 153 151 134 129 128 127 98 95 91 78 73 71 61 60 59 55 47 35 30 27 12 4 
35 243 229 185 156 153 146 140 139 130 113 106 103 101 92 89 87 86 71 63 34 26 22 18 12 
36 243 239 232 224 204 201 189 182 166 160 155 151 139 133 132 126 120 104 97 87 81 74 64 60 55 53 47 13 
37 243 212 200 189 168 161 160 154 153 152 148 132 129 123 113 100 86 84 38 17 13 4 
38 249 245 231 212 206 197 160 138 129 122 114 98 93 92 89 88 77 75 72 67 56 42 40 37 19 13 9 7 5 
39 236 232 231 227 226 211 199 198 197 190 168 165 103 99 84 75 70 54 46 31 29 28 25 22 16 13 3 
40 239 237 232 223 222 218 217 201 187 151 121 104 99 74 72 70 59 38 25 24 21 17 3 1 
41 245 231 218 207 185 171 166 162 161 120 110 97 96 91 86 66 65 55 53 27 26 20 
42 246 243 226 223 202 193 186 171 164 153 146 144 129 125 98 86 84 69 43 38 32 19 
43 249 248 243 226 219 210 205 199 198 190 175 163 157 156 114 109 103 101 93 92 90 75 71 57 56 55 53 52 42 24 9 1 
44 248 242 237 235 231 226 225 222 221 220 210 202 132 103 99 90 58 56 21 18 12 2 0 
45 239 237 227 213 209 206 204 203 172 168 167 157 151 143 127 113 112 96 80 62 60 56 30 27 16 14 12 10 
46 244 235 230 219 218 207 197 186 148 140 117 111 87 56 55 52 39 
47 240 233 230 225 224 217 212 200 188 176 173 158 145 132 131 129 110 94 85 84 75 73 58 48 36 34 33 26 25 2 0 
48 244 235 215 210 207 203 202 187 177 170 168 167 157 134 126 123 113 104 100 85 80 51 47 31 21 7 6 
49 244 241 227 226 212 201 191 182 170 142 135 132 127 100 82 76 32 31 26 18 12 4 
50 235 233 211 206 202 199 197 184 180 171 168 134 133 124 112 89 80 63 29 27 8 1 
51 249 246 236 232 223 207 202 199 195 183 180 170 161 152 149 138 124 93 70 48 27 24 16 2 
52 237 217 198 194 193 155 151 149 143 140 136 128 89 87 65 46 43 33 29 27 14 5 
53 224 223 219 207 199 198 188 181 168 159 132 125 123 122 112 110 109 101 90 68 65 60 43 41 36 23 
54 223 216 214 210 204 201 196 171 152 146 143 131 128 106 104 101 99 97 84 55 39 28 17 9 
55 206 185 183 159 150 143 129 122 105 103 83 80 78 77 74 73 69 65 60 54 46 43 41 36 34 31 25 20 18 14 
56 222 215 208 177 165 151 141 136 132 118 116 112 111 110 107 103 99 94 91 78 62 46 45 44 43 38 24 22 13 12 3 
57 243 242 239 227 205 203 187 173 169 165 145 130 128 126 113 109 79 78 65 60 43 33 30 28 22 20 14 4 
58 247 230 225 188 186 181 178 173 137 127 120 93 86 75 73 62 47 44 32 31 30 29 6 2 
59 237 235 233 229 224 219 204 160 156 147 127 126 112 102 86 84 83 70 61 40 34 8 
60 236 234 218 217 210 190 172 143 132 127 126 106 100 92 91 84 79 78 62 57 55 53 45 36 34 27 20 11 1 
61 237 234 224 215 212 202 198 197 196 188 183 178 173 154 149 145 135 131 123 122 118 115 106 105 102 99 97 86 59 34 19 11 7 5 
62 223 214 213 204 188 187 158 157 150 148 142 140 137 118 114 108 90 86 71 60 58 56 45 31 30 17 15 5 
63 244 221 220 218 209 198 189 182 155 153 145 122 119 118 112 95 91 82 75 70 68 64 50 35 17 
64 235 227 222 220 205 204 199 193 186 181 179 169 151 145 144 134 127 125 114 106 100 99 97 96 94 85 75 63 36 33 32 21 10 9 0 
65 234 230 228 227 220 211 210 199 193 181 179 178 174 156 97 82 57 55 53 52 41 23 8 4 2 
66 247 218 213 190 170 160 148 141 113 108 87 80 41 28 24 8 6 
67 244 243 242 235 231 225 198 193 169 165 163 138 136 113 86 69 38 29 21 7 
68 249 244 240 235 229 224 222 212 196 194 193 188 186 157 153 136 135 130 128 121 108 107 96 78 63 53 33 32 31 28 18 16 6 4 3 2 
69 248 240 236 234 221 213 210 205 194 190 189 184 179 178 158 146 138 136 121 119 116 108 78 67 55 42 9 0 
70 246 242 241 239 231 229 212 200 193 158 156 152 148 147 144 137 134 103 93 75 74 63 59 51 40 39 26 23 21 16 15 14 12 3 
71 246 244 234 208 207 204 194 188 184 165 154 151 145 142 131 130 123 117 116 99 95 94 89 62 43 35 34 28 11 
72 247 233 228 154 146 136 126 119 118 116 112 111 95 94 92 81 79 40 38 27 16 
73 240 220 218 204 200 198 181 178 177 172 169 148 130 115 112 90 58 55 47 34 27 23 0 
74 244 242 240 237 233 232 226 224 210 207 173 168 148 144 141 128 122 113 108 103 87 85 75 70 55 40 36 22 
75 240 234 233 204 187 179 177 176 170 164 160 155 150 125 124 108 74 70 64 63 58 47 43 39 38 29 12 9 
76 247 233 222 213 204 203 177 137 125 123 109 103 102 93 91 88 87 49 31 
77 235 233 201 200 195 185 183 172 150 143 96 55 38 9 1 
78 237 225 215 174 171 153 133 124 109 100 88 69 68 60 57 56 55 34 26 0 
79 222 216 214 206 200 199 192 186 185 184 181 158 157 134 110 107 84 82 72 60 57 28 17 2 
80 247 244 217 213 203 195 186 181 171 158 157 150 134 130 113 103 95 88 85 66 55 50 48 45 32 18 7 1 
81 238 237 235 233 206 203 200 167 166 162 153 138 134 125 113 107 106 96 72 36 13 
82 247 246 227 223 216 214 197 192 190 181 176 175 161 160 139 89 79 65 63 49 12 
83 249 248 244 232 206 188 185 182 178 155 150 145 139 134 129 117 115 105 86 59 55 24 22 11 6 
84 239 229 224 219 209 204 198 186 185 176 161 151 147 134 130 119 79 60 59 54 47 42 39 37 21 17 10 4 0 
85 231 215 213 197 183 173 142 134 123 122 107 98 97 90 80 74 64 48 47 22 
86 247 235 218 214 210 209 208 207 194 163 156 153 143 129 127 124 120 118 114 111 83 67 62 61 59 58 42 41 37 35 29 16 14 8 1 
87 202 199 195 168 166 153 152 133 128 107 101 91 90 76 74 66 52 46 36 35 31 24 12 10 0 
88 243 233 192 190 178 172 150 145 139 132 129 127 124 119 106 80 78 76 38 12 10 
89 244 243 239 231 229 228 211 207 198 197 176 163 160 158 151 150 144 136 105 102 97 90 82 71 52 50 38 35 20 7 3 0 
90 248 247 235 227 223 202 174 172 164 155 152 146 138 96 91 89 87 85 73 62 53 44 43 22 18 15 14 9 
91 235 232 225 209 190 181 175 173 159 148 133 132 106 104 96 95 90 87 76 63 60 56 41 34 17 
92 243 226 212 204 200 174 170 160 153 150 138 137 134 128 119 118 117 114 108 72 60 43 38 35 24 12 5 4 0 
93 240 220 207 204 199 194 175 148 147 134 125 114 105 102 94 76 70 58 51 43 38 33 28 24 9 5 4 2 
94 228 221 217 189 165 155 135 134 133 124 118 114 101 93 72 71 64 56 47 31 27 14 9 4 
95 236 219 211 192 167 157 151 145 109 104 97 91 80 72 71 63 34 26 16 
96 249 245 205 169 136 130 125 118 102 91 90 81 77 68 64 45 41 29 25 18 5 0 
97 246 243 221 217 210 208 200 198 172 164 148 147 123 117 102 95 89 85 65 64 61 54 41 36 18 16 13 9 1 
98 229 226 222 201 195 187 175 173 161 159 154 148 119 112 85 42 38 34 18 15 6 
99 248 247 238 227 214 212 204 203 185 183 182 170 167 162 142 140 108 104 71 64 61 56 54 44 40 39 24 20 5 
100 227 219 218 175 173 171 168 166 162 158 157 156 153 147 138 120 117 114 102 78 64 60 49 48 37 28 23 22 20 14 12 7 
101 249 238 233 230 222 220 198 182 167 161 141 123 118 108 94 87 54 53 43 35 32 25 15 11 
102 244 227 223 220 214 199 198 189 187 181 169 145 125 100 97 96 93 89 76 61 59 29 22 18 13 12 4 0 
103 248 223 208 195 182 181 170 159 128 124 121 120 110 80 76 74 70 56 55 44 43 39 35 25 24 11 
104 239 225 222 214 208 182 172 159 157 155 151 147 116 114 112 99 95 91 54 48 40 36 30 24 
105 242 241 239 237 234 228 222 217 215 210 209 208 198 197 186 181 179 167 158 153 145 137 135 128 124 111 109 93 89 83 61 55 6 
106 205 202 196 178 156 154 151 147 145 121 114 109 91 88 81 64 61 60 54 35 25 10 7 6 
107 244 234 229 214 209 205 195 193 191 184 182 180 173 168 156 148 133 126 125 87 85 81 79 68 56 23 9 
108 231 223 210 175 172 167 157 153 150 101 99 92 75 74 69 68 66 62 21 8 5 3 
109 241 228 191 179 156 155 146 138 133 124 117 114 106 105 95 78 76 57 53 43 26 10 8 0 
110 204 200 176 175 171 131 125 119 103 79 56 53 47 41 30 20 18 13 8 5 
111 246 237 226 217 197 196 188 180 164 161 150 142 133 131 113 105 86 72 56 46 24 11 4 2 0 
112 193 178 173 160 154 148 135 131 104 98 73 72 63 59 56 53 50 45 25 4 
113 247 240 230 229 225 214 200 198 193 191 128 111 81 80 74 67 66 57 48 45 37 35 19 16 13 11 
114 240 227 218 217 210 201 198 179 174 167 162 160 150 149 144 143 135 119 109 106 104 100 94 93 92 86 64 62 43 38 28 22 13 12 10 
115 238 233 230 227 224 218 204 203 202 196 174 172 156 153 149 131 127 83 73 61 28 14 4 
116 243 241 239 238 231 225 210 198 187 182 176 175 174 167 162 158 152 146 142 135 133 127 122 104 72 71 69 56 30 15 11 10 5 3 2 0 
117 246 228 222 217 201 191 184 182 177 163 154 148 142 137 128 126 124 118 109 100 97 92 83 71 46 29 5 2 
118 232 225 223 205 198 186 181 166 163 162 161 159 158 131 129 122 117 101 96 94 92 86 72 63 62 61 56 33 31 29 23 19 12 6 
119 240 235 222 218 200 199 195 191 186 170 156 155 143 122 114 110 98 92 88 84 72 69 63 30 20 12 
120 241 211 208 203 196 186 163 154 151 140 122 121 103 100 86 58 41 36 33 27 22 21 16 7 
121 244 239 214 211 207 195 185 169 165 163 160 120 106 103 69 68 40 23 21 18 15 
122 242 240 239 237 229 225 203 199 198 175 169 166 162 148 146 142 139 133 129 120 119 118 116 85 74 63 61 55 53 38 31 6 0 
123 245 242 222 215 207 196 182 173 171 168 166 151 150 143 125 101 97 85 76 71 61 53 48 37 32 25 19 11 8 
124 248 234 229 218 205 196 189 181 174 162 136 125 117 109 105 103 94 88 86 78 75 51 50 31 27 18 
125 245 237 229 215 194 193 187 166 152 147 131 124 123 110 107 102 96 93 81 76 75 64 53 42 27 21 15 
126 242 227 218 216 199 197 187 171 164 153 117 107 72 60 59 57 48 36 26 24 21 
127 242 241 218 206 192 190 153 140 129 116 115 88 86 64 60 59 58 49 45 34 23 19 17 2 1 
128 248 245 243 209 193 191 189 187 184 180 170 149 146 131 117 113 105 103 92 87 74 68 57 54 52 34 27 21 19 14 13 
129 231 214 200 175 168 160 156 152 141 127 122 118 88 86 83 55 47 42 38 37 34 29 18 4 3 
130 241 214 209 205 180 178 148 135 96 84 80 73 71 68 57 35 28 18 0 
131 249 245 216 205 200 165 163 153 149 128 125 118 115 112 111 110 71 61 54 47 31 21 19 15 3 0 
132 244 234 231 223 221 213 202 177 152 148 91 88 60 56 53 49 47 44 37 36 29 27 13 12 0 
133 248 244 233 227 211 187 184 174 160 159 157 147 146 145 122 116 111 109 107 94 91 87 78 50 36 23 20 13 0 
134 246 238 233 222 213 212 209 196 195 170 166 158 151 143 94 93 92 85 84 83 81 80 79 70 64 50 48 34 19 12 4 
135 247 230 224 220 210 188 179 176 151 145 130 116 114 112 105 94 68 61 49 23 
136 249 229 214 213 202 201 185 184 178 170 155 151 150 143 142 138 124 96 89 72 69 68 67 56 52 27 
137 249 238 236 230 205 190 189 181 178 170 117 105 92 76 70 62 58 29 14 4 
138 239 237 222 204 196 192 189 178 170 156 154 148 143 136 109 100 92 90 81 69 67 51 38 28 22 16 7 
139 244 234 203 196 181 173 170 160 140 122 88 83 82 36 35 18 15 4 
140 239 226 205 196 188 183 178 175 157 156 143 139 127 120 99 62 52 46 35 21 19 18 14 3 
141 247 226 223 200 192 191 189 148 129 101 74 66 56 29 
142 238 237 219 214 207 196 195 194 179 175 167 164 136 122 117 116 111 99 85 71 62 49 32 31 30 18 14 9 
143 247 244 235 223 212 205 179 158 152 151 150 140 138 136 134 123 119 114 86 77 60 55 54 52 45 22 21 12 10 
144 227 218 204 202 196 186 182 176 171 154 149 114 89 74 70 64 42 27 26 14 5 3 
145 240 234 230 228 220 211 201 191 190 164 153 135 133 106 105 102 95 88 83 71 64 63 61 57 47 18 17 15 8 
146 246 240 237 227 221 219 197 183 182 174 165 159 155 151 150 133 128 122 116 109 90 72 69 54 42 35 10 4 
147 227 208 171 166 165 133 125 106 104 100 97 93 84 70 59 31 30 29 28 17 11 7 
148 186 180 179 163 159 141 138 132 130 122 117 112 107 98 97 93 91 74 73 70 66 62 46 37 32 15 
149 249 244 240 237 231 229 222 221 213 206 205 182 164 152 144 131 128 115 114 61 52 51 15 7 
150 243 230 224 220 192 185 180 178 177 174 163 151 146 143 136 123 114 111 108 92 89 88 83 80 77 75 62 55 13 
151 234 226 218 194 190 172 168 167 150 146 143 136 135 134 123 120 106 104 95 89 84 71 64 56 52 45 40 36 34 26 
152 247 243 238 237 211 209 194 188 180 179 175 172 170 155 153 149 143 132 129 125 116 90 87 70 54 51 37 31 22 20 19 14 13 1 0 
153 248 239 234 230 226 225 218 211 204 192 190 166 152 145 131 127 126 115 108 105 100 92 87 86 81 78 68 63 42 37 35 34 27 23 22 12 6 
154 246 242 239 235 196 180 168 160 156 144 138 120 117 112 106 98 72 71 61 37 34 29 27 23 
155 243 242 238 236 228 207 203 199 191 190 188 186 185 170 169 166 163 157 152 146 136 119 109 104 94 90 83 75 63 52 36 32 8 
156 247 224 220 208 206 198 196 165 163 161 157 154 140 138 129 119 115 109 107 106 100 86 70 65 59 43 35 33 23 22 20 16 
157 234 224 207 196 195 188 185 182 178 166 162 156 155 140 133 108 104 100 95 80 79 68 62 48 45 43 29 25 8 2 
158 249 246 244 239 237 234 233 224 223 217 211 203 200 188 181 169 167 166 143 134 118 116 105 100 89 80 79 70 69 62 47 26 16 14 8 
159 227 225 223 194 189 181 180 162 148 146 133 118 104 103 98 91 55 53 30 25 18 17 10 8 5 
160 243 241 235 230 226 220 216 211 207 203 202 191 180 171 154 139 133 129 121 114 112 92 89 82 75 66 59 38 37 36 31 28 14 
161 249 246 245 243 240 238 237 216 187 185 174 163 156 118 111 101 98 84 82 51 41 37 21 19 17 
162 248 228 216 211 197 187 159 157 124 122 118 116 114 100 99 81 41 31 19 17 
163 245 240 234 229 222 216 205 203 189 185 181 178 174 161 156 155 150 148 131 121 120 118 117 89 86 67 43 20 13 10 4 1 
164 248 244 234 231 195 167 149 145 142 126 111 97 90 75 42 6 
165 248 247 244 239 229 221 211 205 203 197 183 177 156 147 146 131 121 94 71 67 57 56 39 33 28 19 17 13 6 
166 199 197 158 157 155 153 147 134 125 123 122 118 100 87 81 41 36 0 
167 235 212 209 197 181 179 169 164 158 151 142 116 114 108 105 101 99 95 81 48 45 27 17 0 
168 249 243 232 227 219 216 209 189 188 173 154 151 129 123 107 100 87 74 53 50 48 45 39 37 23 19 10 7 6 5 4 
169 235 185 175 171 167 158 155 122 121 102 96 73 67 64 57 28 
170 246 242 236 234 233 228 211 210 176 155 152 139 138 137 136 134 128 119 103 99 92 75 66 51 49 48 33 19 15 
171 246 235 231 228 212 208 203 192 182 169 160 147 144 126 123 110 100 80 78 54 50 42 41 34 12 11 8 
172 249 231 221 211 188 182 152 151 115 108 104 97 90 88 77 73 60 45 31 28 20 12 
173 239 233 218 217 213 203 194 183 176 168 139 123 112 107 100 98 91 85 74 61 58 57 47 32 25 15 9 2 0 
174 236 215 214 203 163 161 150 146 133 124 116 115 114 92 90 78 65 13 8 7 
175 241 237 236 227 206 193 176 169 152 142 140 129 122 116 110 108 100 98 93 91 82 43 34 
176 246 240 237 231 227 219 200 192 188 175 173 170 144 135 116 110 89 84 82 75 47 26 7 2 0 
177 198 194 165 150 132 117 76 75 73 56 48 18 17 6 5 
178 244 241 215 211 192 183 163 157 150 140 138 137 136 130 112 106 88 83 73 69 65 61 58 30 22 12 
179 233 197 167 152 148 143 142 135 114 109 105 75 69 65 64 25 23 
180 237 236 209 208 188 160 159 154 152 150 148 130 128 111 107 51 50 
181 248 239 235 233 231 224 218 216 212 205 202 190 182 167 163 159 158 139 137 124 118 105 103 102 91 82 80 79 73 65 64 58 53 33 17 
182 247 239 235 234 217 202 194 188 181 172 171 157 149 146 144 123 117 116 107 104 103 101 99 83 63 49 36 34 29 25 10 
183 240 236 223 178 173 165 146 140 99 85 77 61 55 51 9 2 
184 230 213 204 187 136 133 128 117 107 79 71 69 50 
185 237 232 216 194 169 163 161 157 155 150 136 121 99 84 83 79 77 55 41 35 11 4 3 
186 249 244 241 239 238 235 232 224 190 155 148 144 120 119 118 105 84 80 79 68 64 58 46 42 32 29 19 12 1 
187 246 224 220 209 197 192 184 162 161 133 128 126 125 116 102 98 75 62 57 48 40 34 22 17 16 15 13 
188 231 226 219 202 182 180 176 172 168 158 157 155 152 140 135 111 83 71 68 62 61 58 53 47 17 15 13 11 2 
189 247 241 239 224 217 213 168 163 159 141 138 137 128 124 102 94 69 63 37 36 3 
190 208 204 197 186 181 155 153 151 145 137 127 91 88 82 69 66 60 43 39 24 22 17 11 3 
191 243 235 200 198 160 155 145 141 128 119 117 113 109 107 49 32 28 0 
192 235 230 197 187 178 176 171 153 150 141 138 127 95 88 82 79 4 
193 236 219 213 205 175 128 125 113 112 107 70 68 67 65 64 52 42 34 29 19 
194 247 239 216 209 207 205 202 199 185 182 177 173 159 152 151 142 125 93 86 71 69 68 52 32 6 3 0 
195 248 243 241 237 235 222 221 212 205 199 164 157 142 134 121 119 107 103 98 87 80 77 51 27 17 7 1 0 
196 249 246 232 214 210 203 201 157 156 154 144 142 140 139 138 134 124 123 120 115 111 106 68 61 54 18 7 1 
197 245 244 241 231 222 209 198 192 190 187 179 167 166 165 162 146 126 111 105 89 85 82 61 50 46 39 38 25 9 0 
198 241 224 209 204 197 191 177 156 122 118 116 114 113 105 102 101 97 89 84 73 67 63 61 53 52 43 39 28 19 4 
199 242 229 216 213 207 202 195 194 166 155 126 122 119 102 93 87 79 65 64 53 51 50 43 39 30 26 4 1 
200 242 241 240 218 207 206 201 191 176 158 141 131 129 119 113 110 97 92 81 79 77 73 70 47 37 25 8 
201 231 225 220 200 196 145 136 117 114 98 77 54 49 40 36 27 22 
202 236 234 231 229 226 222 214 199 194 188 182 181 160 144 136 132 115 106 90 87 61 51 50 48 44 42 31 30 0 
203 240 237 233 213 207 196 174 173 171 165 163 160 158 155 139 122 120 115 99 81 80 76 57 48 45 33 20 17 16 11 
204 247 246 244 227 220 198 190 184 153 144 138 115 110 99 93 92 84 76 75 73 71 64 62 59 54 45 36 29 27 26 10 9 
205 243 240 237 221 218 213 195 194 193 181 165 163 149 143 140 137 131 130 124 118 107 106 96 69 64 57 43 33 18 6 1 
206 241 238 233 232 221 200 175 156 149 127 83 81 79 55 50 45 38 34 
207 249 203 200 199 194 160 157 155 142 123 121 93 89 86 74 71 53 51 48 46 41 34 31 21 17 7 
208 248 244 235 233 218 216 214 190 180 171 156 147 120 105 104 103 97 86 71 56 34 17 16 4 
209 235 232 231 230 222 215 198 197 194 187 180 168 167 152 134 130 128 107 105 91 86 84 63 45 32 3 
210 247 246 224 223 218 196 170 135 116 114 108 105 97 86 74 69 65 60 54 48 44 43 32 4 1 
211 243 223 178 172 170 165 162 160 158 153 152 145 133 121 120 95 89 65 50 39 33 22 16 
212 244 243 241 240 237 232 224 223 219 195 181 171 167 143 134 99 92 70 68 61 49 47 38 37 34 28 26 12 
213 248 240 222 205 203 199 193 189 184 173 149 136 134 132 85 80 76 69 66 62 45 21 6 
214 249 248 234 233 221 208 202 196 174 142 136 130 129 121 113 107 104 102 99 86 82 79 62 54 32 27 17 13 
215 236 231 209 178 174 125 123 105 85 78 61 56 48 31 27 26 
216 246 244 228 226 219 208 199 194 185 181 168 163 162 161 160 131 126 82 79 54 30 28 18 16 
217 242 236 189 182 173 158 117 114 111 105 97 94 80 60 52 47 40 19 6 4 1 
218 210 208 205 200 181 173 153 151 144 127 126 124 119 115 114 100 86 73 66 63 60 46 41 40 34 30 27 20 19 9 
219 246 237 234 232 229 216 212 193 188 176 168 146 142 100 95 84 59 53 46 43 19 3 
220 240 236 204 201 187 160 156 150 145 135 102 101 93 73 65 64 63 44 9 6 2 
221 244 242 241 228 214 206 205 195 172 165 149 146 132 97 94 69 63 44 26 14 0 
222 248 242 237 233 213 209 202 197 195 163 149 138 134 123 119 117 105 104 101 98 79 76 68 64 56 44 40 20 9 
223 234 212 211 210 183 159 158 143 141 132 118 108 103 102 90 82 62 54 53 51 42 40 29 27 22 4 3 
224 246 233 229 212 210 198 189 187 186 181 158 157 156 150 135 115 84 74 68 61 59 53 47 36 21 
225 246 239 235 226 201 159 153 122 118 116 113 104 91 78 67 58 47 44 17 16 15 7 6 
226 234 232 225 216 202 188 160 153 151 141 140 111 98 92 74 49 44 43 42 39 28 
227 242 204 176 175 168 159 147 146 144 133 126 115 114 102 100 99 90 82 65 64 57 49 45 39 33 31 19 13 
228 236 235 221 216 171 170 162 155 145 117 109 105 94 89 72 65 29 9 6 
229 241 240 236 224 219 202 199 165 163 149 136 125 124 122 113 107 98 89 84 70 68 59 35 15 12 10 6 
230 242 240 239 236 209 192 184 160 153 150 145 137 135 115 113 101 65 58 47 46 34 19 0 
231 215 209 202 201 197 188 181 176 172 171 164 149 132 129 116 108 89 85 70 67 44 41 39 38 29 28 14 8 7 
232 240 239 226 219 212 209 206 196 186 185 168 118 91 83 74 51 40 39 36 
233 241 236 224 222 214 208 206 203 181 179 173 170 158 134 133 115 101 88 81 77 76 75 74 72 59 50 47 32 28 5 
234 249 247 237 226 223 219 214 202 182 170 164 163 158 157 153 151 145 139 132 124 107 105 75 71 69 65 61 60 29 28 
235 247 228 225 209 208 195 192 191 186 182 181 171 169 167 160 154 143 119 91 90 86 81 77 68 67 64 59 50 48 46 44 31 
236 248 240 233 230 229 228 220 217 215 202 193 183 180 175 174 170 155 137 95 69 60 51 39 13 
237 234 222 219 212 205 203 195 185 180 176 175 161 158 152 149 146 142 138 125 122 111 105 81 78 74 61 59 52 45 44 40 32 31 26 22 10 4 3 
238 243 206 186 161 155 152 142 137 134 116 115 101 99 81 20 12 
239 249 245 242 232 230 225 194 189 186 182 181 173 165 158 154 153 140 138 122 121 116 105 104 89 84 70 57 45 40 36 28 22 20 17 10 
240 236 232 230 229 220 213 212 205 203 200 183 176 163 161 149 146 145 122 119 114 113 93 75 74 73 69 68 47 29 24 18 17 15 8 7 0 
241 245 233 229 221 212 206 200 198 197 195 189 186 178 175 160 130 127 120 116 109 105 70 49 27 19 18 1 0 
242 248 239 230 227 222 221 217 200 199 170 155 154 127 126 123 122 105 74 70 67 57 44 34 32 24 11 7 3 
243 238 212 211 205 195 191 168 161 160 155 152 150 128 116 97 92 89 88 67 57 43 42 37 36 35 20 16 5 
244 221 216 212 208 204 197 186 178 165 164 158 149 143 139 133 132 121 107 102 89 83 80 74 71 68 67 63 49 48 46 28 26 21 0 
245 247 241 239 197 163 161 131 128 125 123 96 41 38 32 6 
246 225 224 219 216 210 204 196 187 176 171 170 161 158 154 146 134 117 111 97 82 71 70 51 42 22 18 
247 248 245 235 234 210 204 194 189 182 165 156 152 143 141 135 113 99 90 86 82 80 76 72 66 58 25 8 4 
248 249 247 242 236 222 214 213 208 195 181 165 164 162 153 133 128 124 103 99 90 83 69 44 43 24 23 15 8 3 1 
249 248 239 234 214 207 196 186 172 168 161 158 149 137 136 131 101 96 83 68 51 43 38 30 28 19 

