0 122 119 112 79 78 52 43 28 4 
1 104 78 45 39 31 26 16 10 5 
2 115 114 111 87 62 61 55 40 37 34 24 
3 112 104 98 71 68 37 8 7 
4 120 117 91 83 81 76 64 34 29 18 12 0 
5 122 119 108 81 74 68 66 55 41 37 26 8 1 
6 97 76 72 50 41 40 20 13 
7 109 104 102 64 61 57 56 41 20 18 14 3 
8 110 100 99 95 90 83 76 72 65 60 51 48 27 13 5 3 
9 117 109 86 80 66 61 45 32 30 24 15 
10 121 120 105 102 95 87 76 70 66 62 31 18 1 
11 102 99 72 71 51 46 45 41 34 33 17 15 
12 118 115 100 98 95 83 82 45 36 22 13 4 
13 102 99 86 85 79 78 75 65 60 56 51 12 8 6 
14 115 92 91 68 65 54 34 29 7 
15 113 105 104 103 97 86 77 61 58 44 40 34 11 9 
16 121 112 111 101 98 97 93 83 60 57 51 50 37 27 21 1 
17 122 113 89 83 74 65 31 11 
18 113 112 97 65 47 41 27 10 7 4 
19 123 101 96 84 80 46 35 
20 91 83 73 64 23 7 6 
21 119 90 89 85 84 81 67 66 53 49 40 36 16 
22 122 114 112 109 97 70 49 12 
23 119 111 90 87 83 75 72 62 61 49 47 44 34 28 20 
24 110 105 73 68 54 45 41 9 2 
25 116 115 92 87 81 71 64 56 45 38 
26 123 119 115 105 102 98 97 91 69 50 35 30 5 1 
27 80 73 69 65 52 51 29 18 16 8 
28 117 68 63 62 53 42 23 0 
29 75 62 56 52 46 27 14 4 
30 118 114 90 84 73 69 66 60 26 9 
31 111 104 102 100 97 85 84 75 69 61 49 33 17 10 1 
32 123 120 92 85 62 42 9 
33 124 102 69 43 31 11 
34 116 95 75 67 66 62 55 50 42 40 35 23 15 14 11 4 2 
35 102 101 90 64 60 56 46 45 34 26 19 
36 87 81 76 66 65 64 61 58 48 39 21 12 
37 115 102 93 87 62 55 16 5 3 2 
38 104 93 78 73 71 62 25 
39 123 118 110 91 84 81 75 71 70 36 1 
40 121 109 107 88 79 50 49 34 21 15 6 2 
41 121 107 106 105 101 87 83 63 58 50 24 18 11 7 6 5 
42 77 67 56 54 48 34 32 28 
43 121 119 96 89 86 55 52 33 0 
44 121 106 92 88 82 66 63 61 23 15 
45 110 105 90 46 35 25 24 12 11 9 1 
46 123 119 114 104 102 98 66 60 49 45 35 29 19 11 
47 110 99 92 85 72 64 53 51 50 23 18 
48 124 113 109 106 103 98 97 83 77 57 54 51 42 36 8 
49 116 109 90 82 72 56 54 46 40 31 23 22 21 
50 121 116 113 107 106 105 88 81 72 62 58 47 41 40 34 26 16 6 
51 120 117 110 101 91 79 62 60 57 48 47 27 16 13 11 8 
52 121 114 112 110 90 89 83 67 61 43 29 27 0 
53 117 111 96 82 61 54 47 28 21 
54 123 118 96 76 63 61 57 53 49 48 42 24 14 
55 117 104 98 83 70 61 59 43 37 34 5 2 
56 113 83 63 59 58 49 42 35 29 25 13 7 
57 118 111 107 100 99 96 81 76 64 63 60 54 51 48 16 7 
58 121 102 92 73 68 56 50 41 36 15 
59 124 109 94 76 56 55 
60 110 95 94 92 76 57 51 46 35 30 16 13 8 
61 124 110 91 89 88 74 65 55 54 53 52 44 36 31 23 15 9 7 2 
62 123 122 83 68 51 50 38 37 34 32 29 28 23 10 2 
63 120 118 114 107 105 90 76 65 57 56 54 44 41 28 
64 102 84 74 68 57 47 36 35 25 20 7 4 
65 121 111 107 101 100 74 73 63 61 36 27 18 17 14 13 8 
66 115 68 46 44 36 34 30 21 10 9 5 
67 118 115 96 90 85 79 52 42 34 21 
68 108 102 98 96 95 82 78 77 76 66 64 62 58 28 24 14 5 3 
69 117 105 93 92 89 33 31 30 27 26 
70 118 112 109 97 93 86 55 39 22 10 
71 123 112 106 90 86 77 72 39 38 25 11 3 
72 104 96 91 71 50 49 47 23 11 8 6 
73 106 103 91 88 81 78 65 58 38 30 27 24 20 
74 108 97 95 65 64 61 17 5 
75 109 103 98 93 86 82 79 39 34 31 29 23 13 
76 109 106 105 100 96 95 94 83 68 63 60 59 57 54 36 10 8 6 4 
77 114 111 109 90 83 81 71 68 48 42 15 
78 110 88 84 73 68 38 13 1 0 
79 124 116 113 105 104 96 90 81 75 67 51 40 13 0 
80 122 93 90 85 81 27 19 9 
81 116 105 85 80 79 77 73 57 50 39 36 25 21 5 4 
82 122 113 107 104 103 97 92 75 68 53 49 44 12 
83 121 115 109 101 100 96 94 88 77 76 62 56 55 52 48 41 23 20 17 16 12 8 4 
84 124 103 99 78 64 39 31 30 21 19 
85 101 91 81 80 67 47 32 31 21 13 
86 75 71 70 43 15 13 9 
87 122 106 105 104 90 41 37 36 25 23 10 2 
88 121 114 109 98 97 83 78 73 61 50 44 40 
89 96 93 69 61 52 43 21 17 
90 119 95 92 87 80 79 77 71 67 63 52 49 45 35 30 23 21 8 
91 122 114 94 85 73 72 61 51 39 26 20 14 4 
92 122 120 117 114 105 96 90 82 69 60 58 47 44 32 25 14 
93 113 94 89 80 75 70 69 38 37 16 
94 93 91 83 76 60 59 
95 121 116 112 96 90 76 74 68 60 34 12 10 8 
96 109 100 95 92 89 83 79 76 72 68 67 57 54 53 43 19 
97 113 110 88 82 74 70 48 31 26 22 18 16 15 6 
98 124 119 88 75 68 55 48 46 26 16 12 3 
99 114 105 84 57 47 13 11 8 
100 121 96 83 76 65 57 31 12 8 
101 123 103 85 83 65 51 41 35 19 16 
102 116 114 68 64 58 46 37 35 33 31 26 13 11 10 7 
103 121 104 101 84 82 75 73 48 15 
104 124 123 103 87 82 79 72 55 46 38 31 15 7 3 1 
105 99 92 87 81 79 76 69 63 50 45 41 26 24 15 10 
106 121 115 87 76 73 71 50 48 44 41 
107 121 118 112 109 82 65 63 57 50 41 40 
108 117 114 74 68 5 
109 124 123 117 114 107 96 88 83 77 76 75 70 59 49 48 40 22 9 7 
110 97 78 61 60 52 51 47 45 39 24 8 
111 112 77 65 57 53 31 23 16 2 
112 120 111 107 95 71 70 52 22 18 16 3 0 
113 118 114 97 93 82 79 56 50 48 18 17 15 
114 117 113 109 108 102 99 92 91 88 77 63 52 46 30 22 2 
115 122 118 106 83 67 66 37 26 25 14 12 2 
116 123 118 102 95 81 79 50 49 34 25 
117 120 118 114 109 108 92 69 55 53 51 28 9 4 
118 117 116 115 113 107 70 67 63 57 54 39 30 12 
119 98 90 46 43 26 23 21 5 0 
120 117 112 92 63 51 32 10 4 
121 123 107 106 103 100 95 88 83 65 58 52 50 44 43 41 40 16 10 
122 115 92 91 87 82 80 62 22 17 5 0 
123 121 116 109 104 101 71 62 54 46 39 32 26 19 
124 109 104 98 84 79 61 59 48 33 

