0 123 122 121 120 119 116 115 113 107 106 105 104 103 102 100 99 98 97 96 95 94 93 92 91 90 83 82 81 80 79 70 68 66 61 60 59 58 57 56 55 53 48 46 45 44 39 37 36 35 32 31 29 28 27 26 25 24 21 20 17 16 15 14 12 11 10 9 5 4 3 2 1 
1 123 122 117 115 114 113 112 110 104 103 101 99 97 93 90 88 81 78 77 75 74 73 72 71 69 67 66 65 63 61 60 59 58 57 56 55 54 53 49 48 45 43 41 39 38 36 34 33 32 31 30 29 27 26 25 22 20 17 14 13 12 10 9 6 5 4 3 0 
2 123 121 120 119 118 117 113 112 111 110 109 107 106 105 104 100 96 93 90 88 86 84 83 82 81 80 79 78 77 73 70 68 65 64 63 60 59 58 56 53 49 48 44 43 42 41 40 39 36 35 33 32 31 29 27 24 23 17 16 13 12 9 7 6 5 4 3 0 
3 124 123 120 117 116 115 114 113 112 111 104 103 102 100 95 93 92 91 89 86 84 80 78 76 75 72 70 67 66 65 62 60 59 57 55 54 51 50 46 45 44 42 40 39 38 34 33 31 29 28 26 24 23 22 20 17 16 15 13 11 9 5 2 1 0 
4 124 119 111 110 108 106 105 103 102 101 100 99 97 95 92 91 90 87 86 85 83 78 77 76 75 70 66 65 64 61 60 58 54 53 50 47 46 43 40 34 30 29 23 19 16 15 14 12 11 10 8 7 2 1 0 
5 124 122 120 119 118 115 113 111 110 109 105 102 100 99 98 97 95 94 91 90 89 88 84 83 81 80 79 74 71 66 65 64 60 59 58 57 55 54 53 52 51 50 48 47 46 45 43 41 37 36 35 33 28 27 25 22 20 18 17 16 10 9 6 3 2 1 0 
6 121 120 119 117 114 112 110 109 105 99 98 95 94 93 92 91 86 85 82 81 80 78 77 71 67 66 64 62 60 58 57 56 51 50 49 46 45 44 43 42 39 38 37 36 35 34 31 30 25 24 23 20 19 18 17 13 11 9 5 2 1 
7 124 121 117 116 115 113 108 106 104 103 100 99 98 95 94 89 85 84 83 82 81 79 77 76 75 74 73 72 71 68 63 60 58 57 55 53 49 47 44 42 37 35 34 32 28 25 23 20 17 16 15 14 13 12 11 10 9 4 2 
8 122 121 118 117 116 110 107 106 105 99 95 89 87 86 85 84 83 82 81 80 77 76 74 73 72 71 70 68 66 65 64 63 58 56 55 54 53 51 50 49 48 46 45 39 37 36 34 33 31 26 24 23 22 21 20 16 15 12 11 10 4 
9 124 122 120 119 118 117 116 115 109 108 107 104 102 101 100 96 95 94 93 91 90 88 87 86 84 83 80 78 73 71 70 67 66 65 63 59 57 49 47 44 43 40 39 37 36 35 32 30 29 28 27 26 25 24 20 18 16 15 14 13 7 6 5 3 2 1 0 
10 122 121 118 113 112 111 107 104 103 102 101 98 92 90 89 88 87 86 85 84 82 81 78 74 72 70 67 66 61 60 58 57 56 54 53 51 48 47 45 44 42 40 39 36 33 31 30 29 27 24 22 21 19 12 11 8 7 5 4 1 0 
11 124 122 121 120 118 115 112 111 108 107 104 103 102 97 96 91 89 88 86 84 80 78 76 75 74 73 71 64 63 62 61 58 56 53 52 50 49 47 45 44 42 40 38 35 33 32 31 29 25 23 20 19 17 16 14 12 10 8 7 6 4 3 0 
12 122 120 119 116 115 114 112 111 109 107 106 102 101 99 98 97 93 92 88 87 86 84 83 82 80 77 75 74 73 69 68 64 63 62 59 58 53 49 47 46 42 40 38 35 34 32 28 24 23 21 20 19 17 16 15 14 11 10 8 7 4 2 1 0 
13 124 123 122 120 119 118 117 113 111 108 104 103 99 97 96 94 93 92 90 89 88 83 78 77 76 74 73 71 70 69 66 65 64 63 60 56 54 50 49 47 46 45 43 42 41 39 38 37 36 34 30 28 23 19 9 7 6 3 2 1 
14 124 123 121 119 116 114 113 109 108 105 104 103 102 99 97 93 92 91 88 85 82 81 80 77 76 74 73 69 66 65 64 62 58 56 54 53 51 50 46 42 40 36 35 32 30 29 28 25 21 20 18 17 16 12 11 9 7 4 1 0 
15 122 121 119 118 117 114 111 104 101 100 99 98 95 90 88 86 85 84 83 82 80 79 75 72 68 64 59 58 57 56 54 53 52 50 47 44 41 38 37 36 35 33 32 30 29 28 26 25 24 23 22 21 20 18 16 12 9 8 7 4 3 0 
16 123 119 117 116 115 114 113 111 110 109 108 107 105 104 103 102 101 99 97 96 92 90 89 84 83 81 78 77 76 75 74 73 72 68 67 66 64 63 61 60 57 56 55 49 46 42 38 35 34 33 31 29 28 26 25 24 22 21 19 15 14 12 11 9 8 7 5 4 3 2 0 
17 124 120 119 118 116 115 113 111 106 105 104 103 102 100 99 98 96 93 92 91 90 88 87 86 85 84 83 80 78 76 75 73 72 71 66 63 61 59 58 56 54 53 50 49 47 45 44 42 38 35 34 31 30 29 27 26 25 24 22 21 20 19 18 14 12 11 7 6 5 3 2 1 0 
18 124 123 120 119 118 116 115 114 111 107 106 103 102 101 100 99 97 96 92 91 89 87 86 83 82 81 80 79 78 73 72 71 68 65 64 63 60 59 58 55 52 51 48 44 40 39 38 37 36 34 33 32 30 26 25 23 22 21 19 17 15 14 9 6 5 
19 124 123 120 119 117 116 115 114 113 109 107 101 100 99 94 91 89 86 83 82 81 78 75 74 69 68 67 66 65 61 59 55 51 50 49 46 44 43 42 41 40 33 30 29 26 25 24 23 22 18 17 16 13 12 11 10 6 4 
20 122 121 119 117 115 113 112 109 103 99 97 92 90 87 86 84 82 80 78 77 74 73 70 65 64 63 62 61 60 59 57 54 53 52 51 50 47 46 45 44 43 40 39 37 36 32 30 28 26 25 23 21 17 15 14 12 11 9 8 7 6 5 3 1 0 
21 119 115 114 110 109 107 104 103 102 101 99 98 97 96 95 94 90 89 86 84 78 75 73 72 68 64 63 62 61 60 59 57 56 55 54 49 48 46 44 40 37 36 35 33 32 28 27 24 23 22 20 18 17 16 15 14 12 10 8 0 
22 124 122 121 118 115 114 112 110 109 106 105 104 102 98 97 96 95 93 87 86 81 79 77 75 72 71 70 69 67 66 65 64 60 58 57 55 54 53 50 48 46 45 44 43 42 37 34 30 29 28 27 26 25 24 23 21 19 18 17 16 15 10 8 5 3 1 
23 124 122 118 117 115 113 112 110 109 108 105 104 103 101 100 99 98 97 95 94 92 90 87 86 81 79 78 77 75 73 71 69 68 67 66 65 62 61 57 55 54 53 50 49 48 47 46 44 43 42 41 40 37 34 33 32 28 27 25 24 22 21 20 19 18 15 13 12 11 8 7 6 4 3 2 
24 124 123 120 118 117 109 107 105 104 103 102 98 94 92 88 85 84 83 80 78 72 66 64 63 60 59 54 52 51 48 47 45 43 42 41 39 38 36 34 33 31 30 29 28 26 25 23 22 21 19 17 16 15 12 10 9 8 6 3 2 0 
25 124 122 121 120 118 113 112 108 107 104 102 100 99 98 96 94 93 89 87 86 85 84 82 77 75 69 68 67 65 63 62 61 60 59 58 57 56 54 53 52 51 49 47 46 45 44 43 42 41 40 39 37 35 33 32 29 27 24 23 22 20 19 18 17 16 15 14 11 9 7 6 5 1 0 
26 121 120 117 115 114 113 112 108 106 103 102 98 97 95 94 91 88 86 83 82 79 78 77 75 74 72 71 70 68 65 62 58 53 51 50 46 44 39 38 34 32 29 28 24 22 20 19 18 17 16 15 9 8 3 1 0 
27 124 122 120 119 118 117 116 114 113 111 105 104 103 101 100 97 96 94 93 91 89 88 87 86 85 82 80 78 74 73 71 70 69 68 66 65 64 58 57 56 55 54 53 51 49 46 44 43 41 38 37 35 33 32 31 29 28 25 23 22 21 17 10 9 5 2 1 0 
28 123 121 118 117 115 114 113 100 98 95 94 93 92 91 90 87 83 78 77 75 73 69 68 65 62 61 59 58 57 56 54 51 46 45 43 39 37 32 31 30 27 26 24 23 22 21 20 16 15 14 13 12 9 7 5 3 0 
29 123 117 116 113 112 111 110 109 108 107 106 104 103 101 98 97 96 95 94 92 87 86 84 78 76 75 74 73 72 70 69 67 64 62 61 57 52 51 48 45 44 40 37 36 35 34 27 26 25 24 22 19 17 16 15 14 11 10 9 4 3 2 1 0 
30 120 119 114 112 111 105 103 101 100 99 97 93 87 86 85 83 82 80 78 76 73 72 69 67 65 64 63 62 61 60 58 57 53 49 47 45 44 42 40 37 36 35 28 24 22 20 19 18 17 15 14 13 10 9 6 4 1 
31 122 120 118 117 114 113 112 111 109 108 107 106 105 104 100 98 97 93 92 83 82 77 74 71 70 67 66 65 63 62 61 58 54 52 51 47 46 42 37 36 35 34 32 28 27 24 17 16 11 10 8 6 3 2 1 0 
32 123 118 117 116 114 113 110 109 108 107 105 104 102 101 99 98 97 96 95 94 91 89 88 87 85 84 83 82 81 79 78 77 76 71 67 65 64 61 60 57 53 51 50 48 47 46 45 44 42 41 40 39 36 35 33 31 28 27 26 25 23 21 20 18 15 14 12 11 9 7 2 1 0 
33 124 122 119 118 115 114 113 110 109 107 101 99 98 95 94 92 91 90 89 86 85 84 83 75 72 71 69 66 61 58 57 56 55 54 52 51 49 48 47 46 45 43 41 35 34 32 27 25 24 23 21 19 18 16 15 11 10 8 5 3 2 1 
34 124 120 115 114 112 111 105 103 102 99 98 97 96 95 94 91 86 85 84 83 82 79 78 77 76 75 72 71 70 68 66 62 61 59 57 55 54 52 45 44 43 40 38 37 33 31 29 26 24 23 22 18 17 16 13 12 8 7 6 4 3 1 
35 121 120 115 114 113 112 111 109 107 106 104 103 102 101 100 98 96 95 92 87 84 81 80 79 74 73 72 71 68 67 66 65 62 57 56 55 54 52 49 48 47 46 43 41 36 33 32 31 30 29 27 25 21 17 16 15 14 12 11 9 7 6 5 2 0 
36 122 121 120 119 118 117 115 112 109 108 107 102 101 99 98 96 95 92 87 84 82 81 79 77 74 73 71 70 67 66 64 62 57 55 53 47 45 44 42 39 35 32 31 30 29 24 21 20 18 15 14 13 10 9 8 6 5 2 1 0 
37 124 122 119 117 113 112 110 105 104 101 100 99 94 93 91 90 88 86 85 83 77 76 75 70 69 68 67 65 63 62 61 59 58 56 54 53 51 50 48 44 43 42 41 39 34 31 30 29 28 27 25 23 22 21 20 18 15 13 9 8 7 6 5 0 
38 123 119 118 116 113 112 110 109 105 103 102 100 99 98 97 88 85 77 76 74 72 71 68 67 66 65 64 62 61 59 57 56 55 53 51 50 47 44 43 42 34 27 26 24 18 17 16 15 13 12 11 6 3 1 
39 123 122 120 117 116 115 114 110 109 105 100 99 95 94 93 92 91 90 89 88 87 86 85 83 82 78 77 76 75 72 70 69 67 66 63 62 61 59 58 57 55 52 51 50 48 47 44 43 41 40 37 36 32 28 26 25 24 20 18 13 10 9 8 6 3 2 1 0 
40 124 122 121 120 119 118 117 115 114 112 111 110 108 106 104 99 97 94 92 89 86 85 81 75 74 73 62 60 58 57 56 52 49 44 43 39 34 32 30 29 25 23 21 20 19 18 14 12 11 10 9 4 3 2 
41 124 122 121 116 114 109 105 101 98 97 96 94 90 86 85 83 82 81 80 78 76 75 74 71 69 66 65 63 62 61 59 56 55 54 52 51 50 49 48 46 43 39 37 35 33 32 27 25 24 23 19 15 13 5 2 1 
42 124 123 120 118 115 113 111 109 108 107 106 105 103 101 98 96 90 87 83 82 78 77 75 74 67 65 64 59 57 56 55 52 49 44 43 38 37 36 32 31 30 25 24 23 22 19 17 16 14 13 12 11 10 7 6 3 2 
43 122 121 120 116 114 112 111 110 109 106 103 100 99 97 93 92 91 90 86 82 81 79 77 71 70 69 68 64 63 60 59 57 56 55 52 51 50 49 44 42 41 40 39 38 37 35 34 33 28 27 25 24 23 22 20 19 13 9 6 5 4 2 1 
44 121 118 117 116 113 111 110 102 95 93 92 91 83 82 81 80 79 77 73 72 71 70 69 67 66 65 62 61 60 58 55 53 50 47 43 42 40 39 38 37 36 34 32 30 29 27 26 25 23 22 21 20 19 18 17 15 11 10 9 7 6 3 2 0 
45 124 122 119 117 116 114 113 112 111 110 109 107 106 105 104 99 94 93 90 89 85 84 83 81 79 78 77 73 72 70 67 64 63 60 59 58 57 55 53 52 51 50 47 46 36 34 33 32 30 29 28 25 24 22 20 17 13 11 10 8 6 5 3 1 0 
46 123 122 119 117 114 112 107 105 104 103 102 101 99 97 96 95 93 90 88 86 84 81 80 78 77 76 72 69 68 66 63 62 61 60 58 56 54 53 52 51 50 48 45 41 35 33 32 31 28 27 26 25 23 22 21 20 19 16 14 13 12 8 6 5 4 3 0 
47 124 122 120 117 114 113 112 110 107 106 104 101 98 96 95 94 93 91 90 89 87 83 82 81 78 77 76 73 70 69 68 67 66 65 64 63 62 59 57 56 55 53 51 50 49 48 45 44 39 38 36 35 33 32 31 30 25 24 23 20 17 15 13 12 11 10 9 7 5 4 
48 124 123 122 121 115 114 111 108 107 106 105 102 101 97 96 95 92 91 88 86 84 82 81 79 78 77 76 73 71 70 67 66 62 61 60 58 56 53 52 51 49 47 46 41 39 37 35 33 32 29 24 23 22 21 18 10 8 5 2 1 0 
49 122 121 118 117 116 115 113 112 108 106 103 99 98 93 91 90 88 84 82 79 78 74 73 72 66 64 62 60 59 58 56 54 53 52 50 48 47 43 42 41 40 35 33 30 27 25 23 21 19 17 16 13 12 11 9 8 7 6 2 1 
50 121 118 116 114 113 112 109 108 107 101 100 99 98 95 94 92 90 88 84 83 81 80 79 78 76 74 73 72 69 66 65 64 63 62 61 60 58 57 55 54 49 47 46 45 44 43 41 39 38 37 32 26 23 22 20 19 17 15 14 13 11 8 6 5 4 3 
51 124 123 121 119 114 113 112 111 110 109 108 105 100 98 97 96 94 90 89 87 84 80 77 76 73 72 71 70 64 63 56 55 52 48 47 46 45 43 41 39 38 37 33 32 31 29 28 27 26 25 24 20 19 18 14 10 8 6 5 3 
52 123 122 121 120 119 118 115 114 111 110 108 107 104 102 100 98 96 93 92 88 87 86 85 81 80 78 73 70 69 67 65 63 59 58 57 55 51 49 48 46 45 43 42 41 40 39 35 34 33 31 29 25 24 20 18 15 11 5 
53 124 123 122 121 120 119 116 113 109 107 104 102 101 98 97 96 95 94 93 91 89 88 84 83 82 81 80 79 78 75 73 71 70 69 68 64 61 60 59 58 56 55 54 49 48 47 46 45 44 38 37 36 32 30 27 26 25 23 22 20 17 15 14 12 11 10 8 7 5 4 2 1 0 
54 124 120 117 114 113 110 109 106 105 101 100 99 96 93 92 89 86 85 84 81 79 76 73 72 71 69 65 64 61 60 56 53 50 49 46 41 37 35 34 33 31 28 27 25 24 23 22 21 20 17 15 14 13 10 8 5 4 3 1 
55 124 122 120 119 118 117 116 115 113 111 110 109 106 105 103 99 98 95 94 92 89 86 83 82 80 79 75 74 70 67 65 64 63 61 60 59 57 56 53 52 51 50 47 45 44 43 42 41 39 38 36 35 34 33 27 23 22 21 19 18 16 8 7 5 3 1 0 
56 123 122 120 119 118 117 113 111 110 108 105 104 103 102 100 99 98 95 93 92 91 89 88 82 80 77 76 75 72 71 69 64 63 61 60 55 54 53 51 49 48 47 46 43 42 41 40 38 37 35 33 28 27 25 21 17 16 15 14 13 11 10 8 6 2 1 0 
57 124 123 121 120 115 113 111 108 107 106 104 103 102 99 97 96 95 94 88 86 85 84 81 79 78 77 75 73 70 68 67 66 65 63 59 55 52 50 47 45 43 42 40 39 38 36 35 34 33 32 30 29 28 27 25 23 22 21 20 16 15 10 9 7 6 5 3 1 0 
58 124 121 120 117 116 113 111 109 107 105 102 99 98 97 96 93 92 90 89 88 87 86 82 81 80 79 78 74 73 70 69 68 64 63 60 53 52 50 49 48 46 45 44 40 39 37 33 31 30 28 27 26 25 22 18 17 15 14 12 11 10 8 7 6 5 4 2 1 0 
59 124 123 122 121 116 114 110 108 103 102 101 100 99 98 97 96 95 93 92 90 88 84 81 80 79 78 77 76 75 74 68 64 62 60 57 55 53 52 49 47 45 43 42 41 39 38 37 34 28 25 24 21 20 19 18 17 15 12 9 5 3 2 1 0 
60 124 122 121 118 116 114 113 112 111 109 108 106 105 101 97 96 94 90 88 86 84 83 81 75 72 67 66 64 59 58 56 55 54 53 50 49 48 46 45 44 43 40 32 30 25 24 22 21 20 18 16 13 10 7 6 5 4 3 2 1 0 
61 124 123 122 121 120 119 117 116 115 113 109 108 107 100 95 92 91 90 89 86 85 82 81 77 76 74 73 72 64 56 55 54 53 50 48 46 44 41 39 38 37 34 33 32 31 30 29 28 25 23 21 20 19 17 16 11 10 4 1 0 
62 124 123 114 113 110 109 108 107 104 101 99 98 96 94 93 91 90 89 84 80 79 78 77 76 69 66 64 63 59 50 49 48 47 46 44 41 40 39 38 37 36 35 34 31 30 29 28 26 25 23 21 20 14 12 11 6 3 
63 122 121 120 119 118 116 113 111 110 108 106 104 103 100 99 95 92 85 84 83 82 81 79 78 75 74 71 68 64 62 58 57 56 55 52 51 50 47 46 45 43 41 39 37 31 30 25 24 21 20 18 17 16 13 12 11 9 8 7 2 1 
64 123 122 121 119 118 116 113 111 110 108 107 106 105 103 101 97 95 92 90 86 85 82 80 78 77 72 68 65 63 62 61 60 59 58 56 55 54 53 51 50 49 47 45 43 42 38 36 32 30 29 27 24 22 21 20 18 16 15 14 13 12 11 8 6 5 4 2 
65 124 120 118 117 116 115 114 113 112 111 110 107 106 105 103 101 98 97 96 95 93 90 89 88 87 84 81 77 76 73 71 70 69 68 64 57 55 54 52 50 47 44 42 41 38 37 35 32 31 30 28 27 26 25 23 22 20 19 18 14 13 9 8 5 4 3 2 1 
66 124 122 121 115 114 108 106 105 104 102 101 100 98 97 96 94 91 87 84 81 78 73 72 71 62 60 57 50 49 48 47 46 44 41 39 38 36 35 34 33 31 27 24 23 22 19 17 16 14 13 10 9 8 6 5 4 3 1 0 
67 123 122 119 118 115 113 112 111 109 108 107 106 104 103 100 98 97 93 92 91 90 89 87 85 83 81 79 78 77 75 74 73 72 68 60 57 55 52 48 47 45 44 42 39 38 37 36 35 32 31 30 29 25 23 22 19 16 10 9 6 3 1 
68 122 117 112 111 108 105 103 102 101 100 99 98 97 96 94 93 92 90 89 87 86 82 79 77 70 67 65 64 63 59 58 57 53 47 46 43 38 37 35 34 28 27 26 25 23 21 19 18 16 15 12 8 7 2 0 
69 121 119 117 114 113 112 107 104 101 99 98 97 95 93 92 91 90 89 87 86 85 84 83 80 77 76 65 62 58 56 54 53 52 50 47 46 44 43 41 39 37 33 30 29 28 27 25 23 22 19 14 13 12 1 
70 124 120 119 113 112 111 108 106 102 101 99 97 95 93 91 88 87 85 84 83 81 80 76 74 71 68 65 58 57 55 53 52 51 48 47 45 44 43 39 37 36 34 31 29 27 26 22 20 13 10 9 8 4 3 2 0 
71 124 123 122 121 119 117 116 115 111 110 109 104 103 102 98 94 93 90 88 85 83 82 81 79 76 74 70 66 65 63 56 54 53 51 48 44 43 41 38 36 35 34 33 32 31 27 26 23 22 18 17 13 11 9 8 7 6 5 1 
72 124 121 119 116 115 114 113 112 111 110 109 108 107 106 104 102 100 98 94 90 87 85 84 74 73 67 66 64 61 60 56 54 51 50 49 46 45 44 39 38 35 34 33 30 29 26 24 22 21 18 17 16 15 10 8 7 3 1 
73 121 114 112 109 108 107 104 103 102 101 99 94 90 84 82 81 79 77 76 72 67 66 65 61 58 57 54 53 52 51 50 49 48 47 45 44 40 36 35 30 29 28 27 23 21 20 18 17 16 14 13 12 11 9 8 7 2 1 
74 123 122 121 118 116 113 112 110 109 105 104 102 94 91 90 85 83 82 81 78 76 75 72 71 70 67 63 61 59 58 55 50 49 42 41 40 38 36 35 31 29 27 26 20 19 16 14 13 12 11 10 8 7 5 1 
75 124 118 117 111 107 105 102 101 100 96 94 92 91 88 80 79 78 76 74 67 63 60 59 57 56 55 53 42 41 40 39 37 34 33 29 28 26 25 23 22 21 19 17 16 15 12 11 7 4 3 1 
76 123 121 119 117 116 114 112 111 108 107 103 102 99 93 92 90 88 84 83 81 78 77 75 74 73 71 70 69 65 62 61 59 56 54 51 50 48 47 46 41 39 38 37 34 32 30 29 17 16 14 13 11 8 7 4 3 
77 124 122 121 120 118 112 110 109 106 105 104 99 97 92 91 89 88 84 83 80 79 76 73 69 68 67 65 64 62 61 59 57 56 51 48 47 46 45 44 43 42 39 38 37 36 34 32 31 28 26 25 23 22 20 16 14 13 12 8 7 6 4 2 1 
78 124 121 119 112 111 109 108 106 102 98 97 96 94 93 92 91 90 89 88 87 85 84 79 76 75 74 67 66 64 63 62 59 58 57 53 52 50 49 48 47 46 45 42 41 39 34 32 30 29 28 27 26 24 23 21 20 19 18 17 16 13 11 10 9 6 4 3 2 1 
79 122 121 118 117 116 115 114 113 111 110 109 108 107 103 102 100 99 97 95 93 92 90 88 87 86 85 84 83 80 78 77 75 73 71 68 67 63 62 59 58 57 55 54 53 50 49 48 45 44 43 36 35 34 32 26 23 22 18 15 7 5 2 0 
80 124 121 114 113 111 110 109 108 107 106 105 101 100 99 97 95 93 89 88 87 84 83 82 79 77 75 70 69 64 62 59 58 56 55 53 52 51 50 46 44 41 35 30 27 24 20 18 17 15 14 12 11 9 8 6 5 3 2 0 
81 123 122 120 111 109 108 106 104 101 100 94 91 89 88 87 85 83 82 76 74 73 71 70 67 66 65 63 61 60 59 58 57 54 53 52 50 48 47 46 45 44 43 41 40 36 35 32 23 22 19 18 16 14 10 8 7 6 5 2 1 0 
82 123 118 113 111 108 106 105 103 101 100 99 97 95 94 92 91 90 89 86 84 83 81 80 74 73 71 68 64 63 61 58 56 55 53 49 48 47 44 43 42 41 39 36 34 32 31 30 27 26 25 20 19 18 15 14 12 10 8 7 6 2 0 
83 122 120 119 117 116 111 108 106 105 103 101 99 98 97 96 94 92 91 90 88 86 84 82 81 80 79 77 76 74 71 70 69 67 63 60 55 53 50 47 45 44 42 41 39 37 34 33 32 31 30 28 26 24 19 18 17 16 15 13 12 9 8 7 5 4 2 0 
84 124 122 118 114 112 111 108 106 104 102 100 98 97 96 94 92 88 86 85 83 82 80 79 78 77 76 73 72 70 69 66 65 63 62 60 59 57 54 53 51 50 49 48 46 45 36 35 34 33 32 29 25 24 21 20 17 16 15 12 11 10 9 8 7 5 3 2 
85 124 117 115 114 113 111 110 107 103 102 101 100 99 98 96 94 93 91 90 86 84 81 79 78 74 72 71 70 69 67 64 63 61 57 54 52 45 41 40 39 38 37 34 33 32 30 27 25 24 17 15 14 10 8 7 6 4 
86 124 120 119 117 115 113 111 109 107 105 103 101 99 98 95 94 93 92 85 84 83 82 79 69 68 64 61 60 58 57 55 54 52 48 46 43 41 40 39 37 34 33 30 29 27 26 25 23 22 21 20 19 18 17 15 12 11 10 9 8 6 4 3 2 
87 123 121 117 115 111 108 107 105 104 102 101 100 97 94 93 91 90 89 81 80 79 78 72 70 69 68 67 66 65 58 52 51 47 42 39 36 35 32 30 29 28 27 25 23 22 20 18 17 12 10 9 8 4 
88 124 122 118 116 115 112 111 107 105 103 101 100 99 90 84 83 81 80 79 78 77 76 75 71 70 65 60 59 58 57 56 53 52 50 49 48 46 39 38 37 32 27 26 24 17 15 14 13 12 11 10 9 5 2 1 
89 124 123 122 121 120 119 118 116 115 113 110 107 105 103 98 95 93 92 90 87 82 81 80 78 77 69 68 67 65 62 61 58 56 55 54 53 51 47 45 40 39 33 32 27 25 21 19 18 16 13 11 10 8 7 5 3 
90 123 122 121 117 116 114 110 109 106 104 103 100 99 95 93 92 89 88 87 85 83 82 79 78 76 74 73 72 71 69 68 67 65 64 62 61 60 59 58 51 50 49 47 46 45 43 42 41 39 37 33 28 23 21 20 17 16 15 13 10 9 5 4 2 1 0 
91 123 122 121 120 118 117 112 110 108 104 103 102 101 100 99 97 95 93 92 87 85 83 82 81 78 77 75 74 70 69 67 66 62 61 56 53 49 48 47 44 43 39 37 34 33 32 28 27 26 19 18 17 14 11 9 6 5 4 3 0 
92 124 122 121 119 117 115 114 112 109 108 105 104 102 101 99 97 96 95 94 91 90 89 86 84 83 82 79 78 77 76 75 69 68 67 64 63 61 59 58 56 55 54 52 50 48 44 43 40 39 36 35 33 31 29 28 24 23 20 18 17 16 14 13 12 10 6 4 3 0 
93 123 122 120 116 115 112 110 107 106 105 103 102 101 100 96 94 91 90 89 87 86 85 80 79 78 76 71 70 69 68 67 65 62 59 58 56 54 53 52 49 47 46 45 44 43 39 37 31 30 28 27 25 22 17 14 13 12 9 6 3 2 1 0 
94 124 123 121 120 119 117 115 114 113 108 106 101 93 92 87 86 85 84 83 82 81 78 75 74 73 72 71 68 66 62 60 57 55 53 51 50 47 45 41 40 39 37 34 33 32 29 28 27 26 25 24 23 21 19 13 9 7 6 5 0 
95 123 120 119 118 112 110 109 107 106 105 102 101 99 97 92 91 90 89 86 82 80 79 70 69 65 64 63 61 59 57 56 55 53 50 48 47 46 44 39 36 35 34 33 32 29 28 26 23 22 21 15 9 8 7 6 5 4 3 0 
96 122 120 116 114 112 111 109 105 102 101 100 98 93 92 85 84 83 78 75 68 66 65 62 60 59 58 57 54 53 52 51 48 47 46 42 41 36 35 34 32 29 27 25 22 21 18 17 16 13 11 9 2 0 
97 123 122 121 120 117 115 114 110 109 108 107 105 103 102 99 95 92 91 87 84 83 82 80 79 78 77 70 69 68 67 66 65 64 60 59 58 57 53 51 48 46 43 41 40 38 34 32 31 30 29 27 26 23 22 21 20 18 16 14 13 12 11 5 4 1 0 
98 124 123 121 120 117 116 108 106 104 102 96 89 86 85 84 83 78 72 71 69 68 67 66 65 62 59 58 56 55 53 52 51 50 49 47 42 41 38 36 35 34 33 32 31 29 28 26 25 24 23 22 21 17 15 12 10 7 6 5 0 
99 122 119 118 117 114 112 110 109 107 105 102 101 100 97 95 92 91 90 88 86 85 83 82 80 79 77 76 73 70 69 68 63 62 59 58 57 56 55 54 50 49 46 45 43 40 39 38 37 36 34 33 32 30 25 23 21 20 19 18 17 16 15 14 13 12 8 7 6 5 4 1 0 
100 124 120 118 116 113 112 111 110 109 107 105 104 102 99 96 93 91 90 88 87 85 84 82 81 80 79 75 72 68 67 66 63 61 59 56 54 52 51 50 43 39 38 37 35 31 30 28 27 25 23 19 18 17 15 9 7 5 4 3 2 0 
101 122 121 119 118 113 112 109 108 105 103 102 99 96 95 94 93 92 91 88 87 86 85 83 82 81 80 75 73 70 69 68 66 65 64 62 60 59 54 53 50 48 47 46 42 41 37 36 35 33 32 30 29 27 23 21 19 18 16 15 12 10 9 4 1 
102 122 121 119 118 117 114 113 111 109 108 107 106 105 103 101 100 99 98 97 96 95 93 92 91 87 85 84 79 78 76 75 74 73 72 71 70 68 66 59 58 57 56 53 52 48 46 44 38 36 35 34 32 26 25 24 22 21 18 17 16 14 12 11 10 9 5 4 3 0 
103 123 122 120 118 117 115 112 111 110 106 105 104 102 101 97 93 91 90 89 88 86 85 83 82 79 76 73 71 68 67 65 64 63 59 57 56 55 49 46 43 42 38 35 34 30 29 27 26 24 23 21 20 18 17 16 14 13 11 10 7 4 3 1 0 
104 123 119 112 109 108 106 105 103 100 98 92 91 90 87 84 81 77 74 73 72 71 69 67 66 63 62 57 56 53 52 47 46 45 40 37 35 32 31 29 27 25 24 23 22 21 17 16 15 14 13 11 10 9 7 3 2 1 0 
105 124 123 122 121 120 118 115 114 113 111 110 107 104 103 102 101 100 99 97 96 95 93 92 89 88 87 86 83 82 80 77 75 74 68 66 65 64 60 58 56 55 54 51 48 46 45 42 41 39 38 37 34 32 31 30 27 24 23 22 17 16 14 8 6 5 4 2 0 
106 124 123 117 114 109 108 107 104 103 102 98 95 94 93 90 84 83 82 81 80 78 77 72 70 67 66 65 64 63 60 57 55 54 49 48 47 45 43 42 40 35 31 29 26 22 18 17 12 8 7 4 2 0 
107 124 123 122 120 118 117 115 111 110 109 106 105 102 100 99 97 95 93 89 88 87 86 85 80 79 76 75 73 72 69 67 65 64 62 61 58 57 53 52 50 48 47 46 45 42 36 35 33 32 31 29 25 24 21 19 18 16 12 11 10 9 8 2 0 
108 123 122 121 120 115 114 113 110 106 104 102 101 98 97 94 92 91 87 84 83 82 81 80 79 78 76 73 72 70 68 67 66 64 63 62 61 60 59 57 56 52 51 50 49 48 42 40 36 32 31 29 26 25 23 16 14 13 11 9 7 4 
109 122 119 114 113 112 110 107 106 104 102 101 100 99 97 96 95 92 90 86 81 80 79 78 77 74 73 72 71 67 62 61 60 58 55 54 53 51 50 45 43 42 41 39 38 36 35 33 32 31 29 24 23 22 21 20 19 16 14 12 9 6 5 2 
110 124 123 119 115 114 113 109 108 107 105 103 100 99 97 95 93 91 90 89 85 80 79 77 74 72 71 65 64 63 62 59 56 55 54 52 51 47 45 44 43 40 39 38 37 33 32 29 23 22 21 16 8 6 5 4 2 1 
111 121 119 116 115 107 105 103 102 100 96 88 87 86 85 84 83 82 81 80 79 78 76 75 72 71 70 68 67 65 64 63 60 58 57 56 55 52 51 48 45 44 43 42 40 35 34 31 30 29 27 18 17 16 15 13 12 11 10 5 4 3 2 
112 124 123 121 119 118 117 115 114 109 104 103 101 100 99 96 95 93 92 91 88 84 78 77 76 74 73 72 70 69 68 67 65 60 51 50 49 47 46 45 43 40 38 37 36 35 34 31 30 29 26 25 23 22 20 12 11 10 6 3 2 1 
113 124 123 122 121 120 119 117 110 109 108 105 102 101 100 94 89 86 85 82 80 79 74 72 70 69 67 65 64 63 62 61 60 58 57 56 55 54 53 51 50 49 47 45 44 42 38 37 35 33 32 31 29 28 27 26 25 23 20 19 17 16 14 13 10 7 5 3 2 1 0 
114 123 122 121 119 116 115 112 110 109 108 106 105 102 99 97 96 94 92 90 85 84 80 79 76 73 72 69 66 65 62 60 59 54 52 51 50 48 47 46 45 43 41 40 39 35 34 33 32 31 30 28 27 26 22 21 19 18 16 15 14 12 6 3 1 
115 123 122 120 118 114 112 111 110 108 107 105 103 97 94 93 92 89 88 87 86 85 79 72 71 67 66 65 61 57 55 52 49 48 42 40 39 36 35 34 33 28 26 23 22 21 20 19 18 17 16 12 11 9 7 5 3 1 0 
116 124 122 121 120 118 114 111 100 98 96 93 90 89 88 83 79 76 74 72 71 65 64 63 61 60 59 58 55 53 50 49 45 44 43 41 39 38 32 29 27 19 18 17 16 14 12 9 8 7 3 0 
117 124 123 122 121 119 113 112 107 106 103 102 99 98 97 94 92 91 90 87 86 85 83 79 76 75 71 69 68 65 61 58 56 55 54 49 47 46 45 44 40 39 37 36 32 31 29 28 27 26 24 23 20 19 16 15 13 9 8 7 6 3 2 1 
118 124 123 116 115 112 107 105 103 102 101 100 99 95 91 89 88 84 82 79 77 75 74 67 65 64 63 60 56 55 52 50 49 44 42 40 38 36 33 32 31 28 27 25 24 23 22 18 17 15 13 11 10 9 8 5 2 
119 123 122 120 117 114 113 112 111 110 109 104 102 101 99 95 94 92 89 86 83 78 76 72 71 70 69 67 64 63 61 56 55 53 52 51 46 45 40 38 37 36 33 30 27 21 20 19 18 17 16 15 14 13 12 9 6 5 4 2 0 
120 122 121 119 116 115 113 108 107 105 103 100 98 97 96 95 94 93 91 89 86 83 81 77 70 65 63 61 58 57 56 55 54 53 52 47 43 42 40 39 36 35 34 31 30 27 26 25 24 19 18 17 13 12 11 9 6 5 3 2 0 
121 124 123 120 117 116 114 113 112 111 108 105 102 101 98 97 94 92 91 90 89 87 80 79 78 77 76 74 73 72 71 69 66 64 63 61 60 59 58 57 53 52 51 50 49 48 44 43 41 40 36 35 28 26 25 22 20 15 14 11 10 8 7 6 2 0 
122 123 120 119 117 116 115 114 113 109 108 107 105 103 102 101 99 97 96 93 92 91 90 89 88 84 83 81 79 77 74 71 68 67 66 64 63 61 60 59 56 55 53 52 49 48 47 46 45 43 41 40 39 37 36 33 31 27 25 23 22 20 15 13 12 11 10 9 8 5 1 0 
123 122 121 119 118 117 115 114 113 112 110 108 107 106 105 104 103 98 97 95 94 93 91 90 89 87 82 81 76 74 71 67 64 62 61 59 57 56 53 52 51 48 46 42 39 38 32 29 28 24 19 18 16 14 13 3 2 1 0 
124 121 118 117 116 113 112 110 107 106 105 100 98 94 92 89 88 86 85 84 80 78 77 75 72 71 70 66 65 62 61 60 59 58 57 55 54 53 51 48 47 45 42 41 40 37 34 33 27 25 24 23 22 19 18 17 14 13 11 9 7 5 4 3 

