31 475 458 447 441 434 417 412 411 405 399 393 390 382 375 364 360 348 342 329 323 322 321 318 310 287 263 262 260 245 232 230 223 219 202 194 191 187 178 170 169 154 151 147 145 142 139 138 135 130 127 116 114 113 99 88 87 83 75 74 60 58 55 50 46 38 28 21 3 
135 497 486 483 465 464 460 450 448 445 443 431 429 426 411 400 398 395 365 359 347 335 334 331 329 322 314 305 304 303 300 287 285 282 258 254 242 239 233 229 213 202 189 187 184 158 142 129 118 117 110 103 93 92 91 89 88 83 72 70 64 63 59 31 27 19 15 2 0 
239 494 490 466 457 456 453 450 439 423 420 418 407 405 397 396 385 372 365 358 351 347 335 310 307 288 286 284 274 265 262 259 254 233 224 201 183 182 175 164 162 160 154 151 150 135 130 117 116 107 103 97 92 91 81 74 70 62 60 56 53 50 39 33 32 20 12 1 
331 499 483 464 455 451 450 426 417 416 409 408 381 374 356 353 351 347 338 335 333 328 313 311 304 297 296 294 293 292 282 280 276 275 261 254 244 237 231 226 224 206 178 169 162 161 157 155 152 150 142 138 135 132 130 128 122 102 59 49 36 30 26 19 16 10 4 3 
493 499 495 489 467 457 442 435 427 418 411 405 400 398 375 373 371 369 367 359 356 345 336 319 313 308 304 284 281 272 270 257 250 243 241 236 233 226 224 216 214 199 188 185 181 179 176 164 162 156 140 138 128 125 100 92 89 83 82 77 76 72 66 35 17 12 6 
10 498 486 481 480 475 472 466 455 452 450 448 445 439 432 418 417 403 402 392 389 368 367 363 355 337 331 325 317 316 312 279 265 264 262 251 246 233 208 194 186 161 159 156 147 145 133 127 119 109 108 88 87 86 85 79 78 67 57 53 46 34 29 23 15 6 
490 496 495 481 475 471 468 466 459 455 447 440 418 416 413 394 390 378 373 370 353 351 348 340 327 326 324 321 320 316 312 298 291 287 266 264 256 255 253 251 239 231 230 172 167 162 159 155 147 131 123 122 105 100 89 85 69 64 56 42 27 26 19 5 4 3 
255 496 490 485 481 460 456 453 452 440 431 427 418 414 412 399 394 391 388 369 364 363 341 333 330 319 313 309 297 295 283 277 264 263 244 217 210 208 193 191 189 186 183 164 162 161 160 136 121 118 117 116 110 105 96 95 94 91 74 65 48 26 23 21 15 13 
408 496 486 485 465 457 451 442 413 409 403 398 387 386 376 365 364 357 355 341 336 335 331 320 317 314 300 299 298 296 289 286 272 265 262 259 254 248 243 242 238 232 229 226 219 215 206 193 182 167 149 106 102 92 82 75 68 58 56 55 52 49 21 20 8 
447 490 488 471 469 468 462 460 457 453 452 446 443 442 437 428 425 413 410 403 392 390 375 374 367 360 343 338 335 333 327 300 299 290 287 284 282 231 227 221 219 205 179 172 163 160 131 127 110 109 101 100 95 93 87 86 61 54 48 43 31 29 13 12 9 
243 493 481 466 454 448 446 441 435 431 427 420 419 418 408 377 375 371 358 336 330 324 313 300 299 288 285 281 272 251 250 249 246 234 222 210 209 203 202 199 187 168 164 161 150 148 147 137 133 126 115 108 106 105 95 75 58 57 50 42 38 34 33 8 0 
403 485 474 463 461 460 459 450 447 439 437 435 431 430 427 420 408 404 395 389 385 383 369 367 360 342 338 323 322 321 316 299 294 293 286 272 265 257 254 229 226 222 208 205 198 166 161 144 137 104 91 78 73 62 55 49 45 33 28 26 23 22 11 10 0 
89 494 493 490 483 475 472 466 464 463 459 452 435 404 397 383 376 366 361 332 327 326 318 307 290 287 279 277 275 269 264 262 260 245 231 214 210 209 208 192 179 177 174 170 161 156 136 135 113 94 79 78 58 52 51 43 40 39 37 36 30 25 16 7 
287 497 494 490 485 474 452 447 437 428 424 423 420 399 396 392 388 387 380 378 374 370 365 341 337 330 321 308 306 294 288 259 256 252 212 211 194 182 169 165 158 145 139 135 134 132 131 128 126 123 119 117 93 92 89 85 63 55 50 49 31 25 15 6 
294 494 484 480 475 472 460 446 438 437 430 417 403 385 383 376 370 368 357 353 346 335 333 331 319 317 312 308 303 301 298 290 289 287 279 262 251 232 227 218 206 204 202 196 194 183 179 177 171 170 161 148 140 137 124 123 105 97 79 67 57 53 26 5 
452 499 494 485 480 468 463 447 438 414 411 390 381 380 377 371 361 345 330 328 318 316 306 297 295 287 278 276 273 268 255 252 251 242 238 221 219 203 180 172 166 164 155 154 143 136 132 116 95 89 81 71 65 60 57 56 49 47 42 41 27 18 10 4 
202 471 468 456 442 434 431 428 424 420 417 410 406 402 396 381 373 342 327 326 320 317 310 302 297 294 291 288 282 271 268 262 246 243 225 210 205 185 171 167 163 157 151 146 140 138 135 133 115 110 102 98 95 91 88 87 84 79 75 74 41 31 23 22 
352 489 488 476 470 459 448 435 426 413 411 406 402 393 391 380 371 363 357 345 339 336 318 317 316 311 303 301 297 291 274 270 252 245 232 220 219 200 188 182 176 166 164 163 161 147 116 113 103 100 98 91 82 71 62 61 43 39 37 28 20 16 15 7 
360 492 488 474 471 468 447 446 428 426 409 403 392 391 384 369 366 359 358 344 341 326 320 314 306 300 298 289 275 270 247 241 238 231 215 213 211 201 196 180 176 158 110 100 97 59 46 40 39 32 31 29 28 19 18 17 13 12 11 5 4 3 2 
389 482 471 465 464 462 457 443 439 430 429 422 415 407 403 401 390 385 384 380 362 361 357 349 348 335 332 327 326 316 301 269 268 257 232 230 212 203 199 195 190 183 161 157 151 122 110 105 104 97 77 76 70 69 64 57 56 52 42 39 30 10 2 
160 497 487 462 459 457 447 442 415 414 405 402 395 384 383 378 370 364 357 343 339 338 332 325 317 300 296 272 255 250 249 241 239 234 228 220 216 214 211 207 205 194 181 170 154 149 132 131 124 122 119 117 88 86 75 70 63 61 60 34 28 18 15 
190 495 489 474 472 470 466 448 442 441 417 411 394 389 386 381 378 375 374 373 369 361 354 348 345 337 334 333 313 304 301 295 291 284 282 280 276 270 267 261 249 236 228 213 210 206 203 195 174 164 147 146 124 116 111 101 68 47 46 39 25 7 4 
69 498 494 491 490 480 469 467 459 453 444 436 431 420 415 410 397 393 392 389 386 384 375 372 362 355 350 326 318 315 313 306 305 300 297 293 261 260 254 253 249 242 240 233 187 173 170 165 137 134 133 108 107 93 88 83 71 62 55 48 38 29 6 
335 495 486 480 479 470 468 456 448 447 446 444 435 414 413 409 408 402 399 389 369 365 364 362 358 344 331 326 301 295 294 265 262 257 251 239 223 188 186 178 176 172 162 161 159 143 142 135 134 131 127 123 105 93 92 88 79 77 73 72 33 30 22 
340 498 490 485 475 465 439 431 429 425 423 405 396 384 375 374 365 362 357 345 329 324 323 319 313 295 290 273 245 242 241 219 210 192 183 182 178 175 142 141 139 136 134 130 126 123 118 108 102 100 86 80 66 55 54 51 50 39 33 22 19 14 2 
259 492 489 474 463 457 456 454 450 441 432 425 420 419 411 408 396 384 377 373 365 363 357 353 326 321 312 303 287 281 274 261 258 257 252 246 245 244 239 233 217 203 200 196 195 181 158 152 133 124 121 113 111 107 101 93 83 79 68 66 48 37 3 
86 496 480 475 459 451 447 443 430 426 420 405 401 397 393 388 387 386 368 351 340 327 326 321 311 296 293 289 236 232 213 208 206 204 197 185 179 172 161 160 156 139 131 127 122 116 106 95 88 77 60 47 45 38 37 35 30 23 22 18 13 10 
41 499 485 482 475 474 465 462 460 458 456 452 445 444 437 427 418 409 400 399 384 349 346 329 328 322 317 313 300 260 257 251 233 219 202 192 187 176 173 172 169 167 162 150 148 140 139 136 133 131 116 115 108 85 75 65 56 53 39 26 24 8 
203 497 481 471 461 457 452 434 432 424 423 422 417 416 412 396 389 382 375 350 319 304 299 270 268 266 259 256 253 252 243 236 234 228 206 201 199 193 190 184 171 168 154 153 136 131 124 118 97 96 93 84 81 79 77 72 53 38 37 25 19 7 
325 499 484 478 471 460 459 458 449 445 439 429 425 422 414 405 404 399 394 388 386 381 369 362 361 350 346 291 288 279 277 273 268 257 250 240 230 199 197 178 165 161 160 139 126 121 119 115 109 104 101 99 94 92 66 56 52 40 37 34 10 1 
405 493 476 470 463 461 458 456 451 434 428 422 420 418 391 377 373 361 354 345 343 340 325 322 320 278 268 239 219 218 213 212 197 192 185 176 170 160 155 142 130 128 125 123 120 119 108 105 100 86 73 72 71 48 42 39 31 27 8 1 0 
166 495 489 488 468 467 462 458 453 452 448 439 434 427 425 415 412 410 403 393 386 382 378 377 373 372 355 352 348 337 328 316 314 299 289 281 280 269 257 256 253 246 238 235 231 226 225 218 217 192 182 177 173 172 147 146 134 74 26 20 9 
409 499 495 483 482 480 477 446 443 442 428 418 417 412 408 381 379 378 370 365 360 359 339 335 331 323 319 292 291 289 275 274 271 265 241 217 201 196 182 172 169 146 145 144 142 139 134 133 119 115 110 109 98 94 91 83 67 41 36 29 1 
414 495 482 468 457 452 441 413 412 398 387 375 363 358 354 344 341 336 335 334 325 316 314 309 308 297 280 276 256 255 234 230 218 215 178 176 167 160 158 157 153 147 133 132 128 122 106 94 85 81 76 64 54 53 48 47 38 29 27 12 9 
149 497 492 486 484 482 479 477 474 473 470 469 468 450 448 442 439 437 435 424 411 408 393 380 375 354 351 344 334 318 312 307 297 289 284 277 275 254 224 208 198 181 174 172 171 160 159 144 117 113 110 92 87 79 70 60 54 38 20 18 0 
363 499 494 491 488 480 476 468 464 449 440 422 414 412 396 387 384 367 357 352 329 323 318 311 306 305 301 286 273 271 267 264 259 255 252 250 224 208 198 195 194 193 191 172 171 154 137 125 119 100 99 80 63 61 55 45 25 20 18 10 5 
481 492 490 486 482 469 457 446 429 424 421 411 410 395 387 370 356 354 346 316 313 300 297 295 289 275 271 270 255 248 243 236 233 231 212 205 203 186 185 182 177 172 162 159 157 126 122 110 104 103 94 71 70 51 46 25 16 10 5 4 0 
80 495 477 474 472 467 460 457 450 438 430 426 421 419 407 398 392 363 362 353 350 344 340 339 309 296 256 251 250 244 242 240 232 223 215 205 197 179 165 159 153 151 139 132 126 125 121 119 105 104 100 92 77 67 60 56 48 21 17 9 7 
254 494 487 484 483 478 468 457 443 408 407 403 401 399 380 361 350 348 337 332 331 307 296 276 267 258 239 232 221 220 215 207 198 197 196 193 184 182 179 161 157 151 149 146 145 142 136 135 112 92 91 79 74 69 62 55 45 21 20 16 6 
385 494 482 478 472 463 456 453 442 440 436 433 429 426 421 416 410 403 389 379 356 351 350 329 317 316 299 294 281 275 270 239 233 194 185 181 180 175 173 164 162 157 151 147 126 113 106 85 83 82 76 68 64 62 51 49 39 29 17 2 
388 499 432 425 400 394 382 380 373 346 342 326 325 322 319 315 312 305 300 298 295 287 285 278 269 262 255 252 233 228 222 186 181 180 176 174 173 170 163 157 139 136 127 126 119 108 104 103 93 86 81 74 68 66 56 47 36 29 13 9 
257 493 488 469 468 464 453 439 433 432 412 406 403 395 389 384 369 344 342 337 335 330 325 323 306 305 300 296 278 275 259 241 235 230 225 220 218 217 197 192 185 179 166 165 143 128 120 107 104 97 74 70 60 43 42 41 37 32 24 22 
46 494 481 474 465 449 441 433 432 428 423 417 410 404 395 380 373 360 353 349 338 334 332 330 326 323 302 284 281 280 279 271 252 231 208 195 193 190 183 182 175 147 126 122 112 105 100 92 87 82 64 62 56 34 31 29 19 10 5 3 
62 484 468 462 456 446 443 412 411 403 402 396 393 390 385 377 368 361 352 344 342 330 300 286 285 276 274 266 254 253 245 239 230 221 216 199 191 187 167 152 138 137 136 124 123 112 111 102 100 82 79 78 69 65 63 46 40 25 22 11 
134 491 483 473 456 451 443 439 438 409 402 394 379 342 340 339 337 335 311 298 293 289 287 285 225 218 215 198 195 193 168 166 151 150 141 139 131 123 122 119 117 108 107 96 90 87 85 78 77 69 63 55 54 50 45 37 34 30 24 22 
64 494 492 490 486 484 474 449 435 429 424 414 401 400 392 389 387 385 381 378 375 372 369 328 326 324 319 312 293 292 290 286 284 249 225 218 217 209 201 194 189 181 170 168 163 152 144 140 135 125 123 118 91 72 67 50 46 37 32 4 
139 494 478 469 442 436 431 409 404 391 388 375 373 371 356 346 340 332 325 322 318 313 308 301 287 280 277 265 246 237 234 231 229 217 192 187 184 173 134 128 121 108 102 101 95 93 86 85 81 80 77 67 65 61 60 51 47 41 31 30 
39 496 486 483 473 467 463 450 448 445 433 428 415 406 405 398 391 389 385 384 376 360 352 340 330 321 316 307 304 288 285 281 240 239 231 220 213 207 190 188 187 179 175 172 170 168 167 155 154 107 97 92 89 88 78 41 23 17 13 7 
249 487 479 478 476 469 465 457 443 422 416 395 393 390 378 372 368 347 344 342 332 327 288 279 260 250 243 242 233 229 206 200 199 196 193 192 190 180 175 170 160 145 136 133 107 97 90 83 72 71 69 64 58 43 36 33 24 22 14 0 
472 492 474 456 453 445 441 423 413 412 385 384 383 382 339 310 305 304 303 302 297 296 294 293 290 282 278 253 241 227 222 217 216 195 190 184 179 177 168 164 156 152 138 128 121 112 98 89 82 80 78 56 42 33 26 24 17 11 10 5 
252 497 489 486 485 478 468 460 452 451 450 446 441 438 431 416 404 400 399 388 363 357 352 350 333 322 321 320 316 307 293 289 287 259 251 233 209 206 203 200 187 185 180 163 159 153 148 128 123 116 79 77 46 44 36 29 28 25 19 15 
154 482 474 457 452 449 444 433 421 406 402 400 363 359 348 339 338 332 324 314 310 308 302 293 283 277 266 258 247 245 239 234 229 225 205 203 201 196 188 163 160 147 132 128 112 110 107 102 97 84 78 74 59 49 39 31 26 15 11 9 
38 495 491 486 484 471 462 448 442 440 423 414 410 404 357 336 324 320 312 311 300 291 290 289 286 284 269 267 266 245 243 241 236 228 223 222 215 212 205 203 194 188 169 153 152 149 138 132 126 115 95 86 76 75 69 31 30 26 20 0 
348 494 492 490 484 483 478 473 471 466 450 449 434 418 410 402 394 389 386 379 378 374 370 368 362 359 354 344 342 299 295 273 266 254 229 219 215 209 206 205 198 192 190 184 179 166 164 154 151 146 113 112 98 51 50 47 31 18 16 
88 497 462 460 445 421 415 390 387 381 375 374 373 366 358 345 335 333 308 299 297 290 286 281 245 231 222 219 208 202 201 175 169 160 153 150 140 135 133 121 117 112 111 110 103 101 94 86 78 74 69 52 50 39 31 27 10 7 1 
412 492 486 480 474 473 472 460 440 439 432 414 413 409 370 369 367 364 363 316 315 312 304 293 289 281 271 257 256 255 236 230 229 228 223 222 216 204 203 189 185 183 166 165 152 148 146 141 130 102 94 93 90 62 60 34 31 27 22 
187 491 440 422 398 396 366 359 334 330 328 324 322 319 299 292 289 285 278 273 272 268 267 252 243 242 237 231 214 213 212 198 188 181 146 140 139 135 125 116 111 106 104 84 73 71 69 67 63 62 54 53 43 41 39 35 31 23 21 
431 499 474 470 446 432 430 426 419 413 403 402 393 365 362 355 349 344 340 336 330 319 314 303 288 282 277 276 258 255 252 247 243 224 220 218 207 202 193 192 169 168 152 139 136 135 116 115 114 104 100 69 61 60 56 52 33 20 0 
205 497 489 485 483 481 473 456 451 447 441 436 407 406 403 381 370 364 354 350 348 347 324 319 307 299 293 286 280 236 234 222 214 209 202 196 194 180 168 160 154 152 151 117 108 100 98 94 80 77 74 65 60 38 30 20 13 11 4 
219 498 477 461 452 450 447 429 425 424 421 408 405 400 382 381 380 378 361 352 350 348 340 333 332 312 310 308 299 277 270 258 238 237 234 228 223 218 216 208 193 172 156 148 147 138 119 104 102 100 94 88 58 41 33 31 27 21 3 
459 496 490 484 453 448 443 440 429 420 416 403 401 400 399 365 352 330 325 324 313 312 310 300 293 282 281 275 272 268 266 263 241 235 234 229 207 193 168 165 160 126 111 92 89 86 78 73 69 65 58 57 51 27 26 20 17 5 2 
470 480 477 476 473 464 455 454 439 431 406 405 386 379 368 366 364 352 337 335 333 283 276 265 260 258 237 229 228 226 204 201 198 190 188 186 170 162 155 151 149 144 136 122 121 115 111 98 94 93 92 76 60 50 21 20 15 8 5 
189 496 495 484 471 467 443 438 434 428 412 404 402 394 392 390 387 380 373 370 355 349 336 314 297 280 274 272 255 244 237 227 214 208 198 161 152 146 136 135 121 120 118 113 101 97 92 82 64 54 52 49 28 26 21 13 11 9 2 
474 495 473 472 471 433 431 426 415 412 403 399 397 373 369 362 360 347 337 324 320 319 313 306 303 292 287 278 267 260 259 248 235 209 190 164 159 154 153 149 141 128 107 104 103 95 80 72 66 64 61 48 46 41 29 27 20 19 3 
477 499 498 489 473 470 463 460 451 437 436 429 426 422 409 398 395 394 382 381 370 365 349 345 339 334 329 326 313 308 304 290 285 273 247 229 222 219 209 197 172 152 150 149 147 116 105 103 98 91 80 77 63 50 26 25 24 21 9 
338 496 486 484 482 473 466 465 464 455 450 447 439 430 428 413 403 402 391 381 369 368 365 362 343 331 328 320 316 315 289 285 284 282 281 277 234 233 230 224 215 198 195 167 160 155 154 146 124 111 96 87 72 70 51 46 40 33 28 
50 477 470 465 448 438 430 420 417 401 392 384 380 372 368 357 354 351 350 348 340 337 332 317 315 313 301 287 274 268 264 247 243 239 232 230 213 194 193 182 178 171 155 134 129 128 115 110 109 93 88 79 70 65 64 58 56 31 5 
342 489 471 461 433 427 426 424 423 415 403 388 379 374 368 348 339 324 323 308 299 290 257 249 244 230 212 202 180 176 165 162 148 146 145 134 131 127 122 118 116 111 110 107 103 97 93 75 68 62 60 57 49 44 43 31 26 11 0 
60 498 485 470 458 452 450 432 431 418 412 400 393 381 380 376 372 371 362 361 345 342 313 303 292 288 262 257 239 232 228 205 195 194 192 176 167 165 163 160 152 150 149 140 139 129 120 112 93 92 86 80 55 54 47 31 26 24 
146 499 482 479 449 445 439 425 422 415 412 409 401 393 384 375 371 370 369 350 348 342 338 337 324 317 312 305 293 285 277 270 262 254 246 240 234 215 213 211 202 190 189 187 166 165 156 155 129 108 103 94 77 76 36 22 8 3 
380 496 467 465 452 448 442 429 411 394 391 389 388 386 352 332 326 315 301 293 292 287 284 273 254 230 228 224 219 217 210 208 195 189 182 165 149 120 115 112 108 106 99 91 84 77 70 66 60 52 50 48 46 43 29 28 27 25 
74 489 485 468 441 427 421 410 407 404 400 398 394 388 382 361 324 321 316 296 283 279 257 255 254 239 233 220 205 202 201 199 179 175 172 166 154 148 144 136 119 117 112 106 99 98 88 87 81 79 72 68 67 66 57 42 36 31 
322 496 482 476 475 461 451 450 420 418 411 405 403 399 391 388 355 321 312 304 289 276 275 272 263 262 258 252 241 240 234 227 226 222 218 207 201 191 187 184 176 171 139 136 135 122 121 85 57 41 37 31 30 19 15 13 7 0 
424 497 481 466 457 441 432 418 411 401 393 382 379 378 373 370 345 342 333 328 323 317 300 295 291 287 286 270 233 227 223 221 219 212 203 202 196 191 184 167 156 149 142 129 128 126 84 82 72 71 64 52 32 24 8 5 3 0 
20 499 489 484 474 470 464 459 458 455 448 444 438 431 418 408 404 363 352 350 324 323 315 313 309 305 296 285 274 264 261 254 247 239 228 223 215 205 201 199 195 186 184 173 168 166 149 140 118 108 83 61 58 55 52 42 38 24 
56 495 490 487 482 472 467 460 458 452 449 433 431 429 420 410 408 389 388 366 350 325 311 297 296 286 276 269 263 250 239 230 227 225 210 208 201 188 182 161 143 131 124 109 108 95 92 85 80 50 47 46 41 27 19 17 13 11 
450 488 479 476 475 467 464 455 448 446 445 432 426 403 400 390 382 378 370 365 359 354 350 348 341 338 331 322 265 261 260 259 252 239 225 224 219 214 212 192 162 149 141 135 129 119 116 110 97 95 80 60 57 39 32 29 22 10 
399 491 487 482 480 478 474 469 459 458 448 442 441 434 430 429 401 397 395 386 362 356 354 335 333 332 325 322 321 301 287 278 270 267 255 254 252 245 234 222 195 184 140 118 109 106 100 70 67 65 48 47 41 36 31 17 11 
323 482 468 436 424 421 420 409 403 395 377 375 371 367 363 350 345 342 341 340 333 329 327 320 312 303 292 284 277 274 261 258 257 229 228 226 223 209 173 165 157 153 124 113 98 94 73 46 42 37 31 29 21 20 17 8 1 
55 496 449 439 408 406 403 395 379 374 371 368 365 363 357 340 329 318 311 288 287 286 278 265 254 248 222 221 214 208 158 137 134 128 126 120 114 106 104 103 93 85 82 73 69 68 60 45 43 37 31 30 29 20 15 4 3 
329 497 494 485 477 467 464 434 427 419 411 401 385 384 364 363 361 356 353 351 343 340 323 314 307 290 273 272 260 236 215 214 212 209 182 145 136 135 128 120 105 92 85 84 79 73 70 58 55 41 35 34 33 31 30 26 23 
66 493 483 474 468 465 460 445 439 436 427 419 417 413 410 392 388 380 369 365 345 340 334 325 321 314 313 311 295 269 266 265 259 245 238 233 227 218 216 214 196 178 175 174 145 130 128 108 83 82 74 70 63 51 16 9 6 
245 465 454 445 444 435 430 407 404 401 399 397 374 369 357 352 340 330 316 314 312 311 308 295 290 278 276 268 263 259 248 224 216 209 194 159 154 152 151 147 120 118 115 89 88 75 66 62 54 40 38 36 31 29 26 2 1 
413 492 490 489 476 472 463 447 431 429 421 414 412 408 406 400 386 377 371 365 352 351 338 337 335 333 315 310 281 277 263 261 236 235 204 199 194 191 171 151 148 147 97 93 82 81 76 66 65 63 53 49 48 19 15 4 1 
67 499 492 473 453 443 439 416 409 406 399 376 372 371 336 334 328 319 311 302 294 278 265 258 251 250 247 238 236 227 222 209 195 187 184 174 161 159 147 139 131 126 122 104 98 80 77 74 72 64 49 47 43 27 18 10 9 
97 498 486 483 460 457 456 451 450 434 432 413 400 389 382 375 368 360 358 353 342 330 327 305 294 293 276 275 268 257 249 239 233 229 203 191 189 180 161 159 154 148 144 136 132 120 111 95 90 65 59 53 52 39 23 4 3 
100 499 493 490 486 479 462 457 447 440 431 429 426 425 422 417 405 399 393 373 363 360 356 353 352 347 340 304 291 290 281 271 258 244 234 219 218 216 205 176 165 141 127 120 115 109 102 80 62 61 53 46 42 33 32 3 1 
437 499 497 485 480 477 466 463 451 447 440 403 401 371 367 364 324 316 314 313 303 296 294 293 291 287 281 278 273 261 246 236 230 220 215 210 199 157 149 148 147 141 127 121 108 106 96 61 58 48 43 41 29 17 16 7 2 
36 475 453 446 445 428 423 411 409 407 399 388 382 339 331 326 317 316 307 300 296 295 283 277 276 267 252 251 249 248 245 233 228 222 208 206 185 171 158 152 146 119 94 90 89 83 78 75 74 72 65 42 21 17 11 2 0 
22 495 482 478 465 450 444 439 436 412 403 391 387 378 376 368 354 353 343 340 336 335 313 286 282 273 265 257 250 249 237 224 218 212 209 202 199 185 183 177 175 171 146 144 141 134 126 109 105 99 87 86 72 62 54 32 28 
79 494 488 478 461 453 379 367 364 362 356 343 335 329 312 294 273 272 266 259 254 252 232 226 222 220 206 203 202 200 192 178 157 149 141 137 128 124 118 116 115 104 101 96 91 89 74 65 62 54 50 44 18 13 10 7 1 
12 498 493 492 489 487 465 463 449 447 440 433 414 411 401 397 361 360 351 349 336 332 314 267 266 263 253 250 239 228 225 213 208 201 193 192 191 182 167 164 151 136 124 91 71 68 53 51 49 34 32 29 27 25 19 4 1 
371 498 497 496 494 493 461 452 437 426 421 419 417 413 406 401 398 382 354 352 339 336 327 323 321 293 290 277 264 250 243 236 228 227 204 191 186 178 152 146 139 138 133 114 107 106 90 67 65 60 55 52 51 40 26 23 1 
215 469 463 461 460 445 442 437 416 414 411 408 400 396 395 386 384 368 360 348 338 329 319 318 303 291 283 268 254 253 247 234 231 227 223 216 213 191 181 174 171 146 144 143 138 134 126 123 116 108 80 49 47 38 25 20 18 
305 495 484 483 479 478 473 472 464 425 421 418 416 415 401 388 369 363 358 356 330 327 303 292 277 261 257 251 242 235 229 220 217 212 211 200 185 183 180 174 170 146 136 135 123 120 111 104 98 97 69 68 48 43 29 20 6 
313 498 494 493 481 477 476 474 471 459 437 427 402 393 387 367 358 340 339 331 321 304 302 298 296 278 262 255 243 238 198 190 188 172 165 158 139 124 123 117 96 85 69 66 60 58 52 50 43 41 35 22 20 19 18 15 2 
85 499 490 488 480 469 461 454 448 435 427 419 414 398 397 385 368 344 336 332 329 322 313 307 292 287 272 268 256 250 240 237 233 228 220 214 162 139 134 127 122 118 116 104 77 73 70 56 55 54 42 41 34 10 9 7 3 
484 499 497 459 455 438 425 416 410 401 391 376 375 373 369 361 348 347 343 338 328 325 312 305 304 301 297 294 279 269 254 250 224 218 217 189 181 149 144 140 123 121 118 114 112 77 73 70 64 63 62 51 38 37 20 17 2 
390 495 490 485 479 478 465 460 456 452 450 449 447 404 402 391 389 387 381 378 364 336 334 319 317 306 302 292 291 282 262 260 253 249 242 217 214 210 201 189 171 165 156 116 110 104 95 91 88 62 53 43 31 16 7 5 1 
393 487 485 482 475 471 449 431 429 428 424 406 402 395 369 366 355 352 350 345 341 320 316 313 298 280 271 270 260 249 248 216 200 195 192 188 186 177 166 149 146 144 127 125 115 102 100 92 86 73 69 62 60 59 52 31 8 
429 498 487 481 479 477 476 475 471 466 465 459 413 411 410 404 399 397 393 389 385 380 375 369 365 362 347 340 325 320 309 296 281 280 279 247 219 218 213 184 181 167 135 127 125 123 109 100 82 76 64 56 42 19 14 3 
104 481 474 465 449 448 440 433 431 403 397 391 390 389 388 387 383 373 372 350 330 326 325 320 316 312 308 306 305 301 282 279 265 261 257 238 222 219 200 187 163 150 141 132 95 85 80 79 67 63 59 55 54 42 15 9 
432 499 497 476 469 456 450 445 431 424 412 411 396 391 388 357 347 319 318 312 308 307 296 288 282 274 266 261 259 257 256 240 212 203 181 172 144 133 132 128 123 118 103 99 97 96 92 90 87 68 60 51 46 42 14 10 
289 486 481 457 443 438 436 430 417 415 412 409 408 391 387 373 360 354 341 338 330 322 319 318 315 311 307 294 281 276 252 248 244 234 231 216 196 193 188 187 179 175 166 165 156 149 145 134 123 121 114 111 86 76 38 29 
446 489 488 481 479 463 455 450 447 442 439 433 431 430 425 409 398 381 378 360 359 347 335 319 301 297 294 271 268 262 260 252 243 231 227 226 225 221 212 208 186 185 184 136 124 105 95 90 87 62 59 57 40 36 26 3 
119 473 467 457 450 427 425 419 409 405 388 363 359 346 337 325 314 297 292 287 275 273 258 251 241 228 224 220 219 214 210 199 194 192 191 184 171 164 162 160 156 151 150 134 132 117 80 74 68 48 43 36 28 27 10 2 
448 499 480 479 468 459 450 438 411 402 399 387 380 359 352 345 335 324 318 312 307 291 273 265 263 261 251 243 234 231 213 211 194 190 174 166 149 145 143 137 135 104 85 83 78 50 40 39 38 33 29 25 20 10 9 8 
199 493 492 491 488 482 479 465 460 437 416 413 406 400 394 392 389 382 376 361 355 351 325 316 297 285 263 260 256 249 243 240 237 210 203 194 175 168 163 137 123 120 119 116 115 103 93 74 62 54 26 22 20 16 7 4 
451 499 497 494 492 486 483 477 476 464 457 454 441 437 423 419 417 408 405 351 339 331 322 304 300 281 272 253 252 237 230 223 205 193 188 179 177 153 147 141 134 130 118 115 107 102 97 91 86 47 44 43 19 15 5 0 
311 494 476 475 471 454 426 425 379 364 363 358 354 353 352 343 331 314 296 289 285 278 245 232 216 214 192 184 177 159 153 142 134 132 129 114 107 106 91 86 77 67 66 59 56 55 49 42 38 30 26 24 23 13 6 0 
454 487 482 475 470 465 451 441 433 423 416 402 394 392 391 387 381 376 368 366 353 351 350 346 317 311 310 304 278 272 266 260 259 258 253 245 243 240 226 225 222 220 183 181 179 177 161 142 107 85 52 44 43 28 24 2 
350 498 492 489 466 465 454 450 393 391 385 384 383 369 364 351 339 325 323 299 260 254 252 251 237 230 226 219 211 205 204 203 186 185 165 161 156 153 148 146 136 127 123 118 112 105 104 80 69 68 59 58 56 50 20 0 
15 499 492 489 473 470 451 441 440 430 425 413 378 372 364 352 347 327 322 313 295 287 282 274 256 255 252 233 220 212 210 209 207 186 185 178 170 162 161 160 159 154 151 148 144 135 131 130 104 99 84 55 53 47 10 5 
471 490 474 469 465 458 447 438 429 428 393 389 375 373 366 360 355 348 342 332 325 319 316 313 311 306 285 281 242 241 238 203 202 198 197 192 191 189 183 181 179 155 152 148 141 137 136 125 98 91 72 38 30 24 16 7 
354 495 481 461 457 450 444 439 433 414 405 399 395 371 370 369 348 343 330 328 321 315 311 303 301 298 292 289 274 247 238 237 213 209 205 190 188 170 165 161 158 149 118 117 114 113 94 83 75 61 58 50 42 40 34 22 
54 498 496 494 480 464 447 419 414 410 397 395 391 377 376 375 374 372 364 362 355 347 340 326 264 248 245 237 235 233 226 199 189 187 186 185 155 149 134 120 110 108 104 101 99 85 79 71 60 58 48 27 23 22 11 6 
136 471 470 452 446 431 388 386 370 367 355 350 341 340 329 322 305 292 278 269 260 258 255 254 249 241 230 203 198 189 188 183 181 168 167 162 159 141 132 131 128 98 97 89 76 74 73 62 52 41 27 14 12 8 4 3 
57 492 485 459 455 452 450 446 443 440 438 423 411 410 389 387 378 375 370 367 351 342 322 300 297 294 256 243 242 234 217 213 210 207 196 191 186 183 179 178 169 165 152 124 120 117 116 91 74 68 51 35 33 18 13 10 
188 493 470 469 458 455 453 451 438 430 415 406 404 395 393 387 379 377 368 357 354 353 352 351 335 327 316 313 289 275 270 258 247 234 214 206 187 181 175 162 154 147 136 115 109 102 98 63 58 56 45 39 38 33 17 9 
419 498 491 478 473 460 451 444 431 418 386 371 361 353 347 344 343 333 329 324 301 300 298 293 284 279 259 243 226 222 216 206 201 194 177 163 158 151 145 141 138 132 130 128 124 119 95 85 81 80 73 66 54 29 25 16 
231 494 490 481 478 448 447 446 438 435 398 379 378 360 331 316 306 297 293 291 289 288 284 270 264 261 260 235 233 229 224 218 215 192 187 182 178 172 169 166 139 138 125 106 89 88 87 71 63 61 59 46 39 16 8 0 
312 490 484 466 459 457 448 441 432 418 412 388 378 375 362 361 337 323 322 294 265 259 245 237 230 228 219 217 209 208 184 178 167 156 151 149 146 133 130 124 118 108 104 93 79 68 65 64 53 51 45 43 40 38 10 
126 492 481 475 466 461 459 457 424 407 391 388 385 383 377 364 347 340 333 325 306 287 278 268 263 260 253 243 237 227 215 200 195 171 165 162 152 142 124 114 105 103 102 90 84 80 67 55 46 45 44 38 29 22 4 
365 488 477 475 473 464 459 450 440 435 433 431 429 428 427 413 409 408 406 340 338 335 296 287 280 278 277 272 271 259 239 211 210 197 164 163 159 142 135 129 125 123 118 116 109 106 101 98 93 81 71 68 66 55 11 
368 470 467 463 454 423 422 417 416 398 377 366 351 349 348 342 338 327 324 321 308 294 284 269 263 250 249 229 225 215 196 188 165 157 153 138 133 102 97 90 86 85 76 70 62 55 51 50 45 35 25 22 16 10 9 
101 491 482 476 468 467 456 447 416 410 402 400 366 365 353 341 339 328 325 319 307 282 277 276 265 259 256 251 244 235 220 216 207 198 191 190 189 182 181 180 171 168 164 162 155 139 107 88 79 73 68 54 16 7 5 
375 495 493 484 482 471 466 447 444 429 423 416 414 397 384 376 362 347 341 340 334 327 323 314 312 298 288 243 237 236 235 233 203 190 178 174 173 149 146 139 114 97 88 73 69 64 59 57 54 31 30 29 18 14 3 
440 498 490 487 463 459 437 412 407 385 382 366 365 363 330 318 300 291 290 283 278 275 270 268 266 260 255 251 225 220 218 198 187 168 161 155 147 144 129 112 108 106 104 100 82 71 57 47 40 38 30 24 16 15 12 
445 489 476 472 467 461 450 435 432 423 398 386 382 374 367 361 349 345 341 325 302 288 276 274 272 250 248 245 235 223 222 218 217 215 194 181 174 170 146 145 142 140 135 122 111 99 88 66 49 48 41 39 36 13 10 
13 492 491 482 464 447 445 427 425 415 391 388 376 360 358 344 339 337 334 322 320 311 307 304 302 290 255 233 230 225 207 206 205 197 189 175 169 155 152 96 94 92 86 82 79 70 57 56 47 45 39 37 27 14 6 
164 498 493 474 472 452 449 443 422 402 398 392 387 385 367 365 362 356 352 348 333 327 324 320 277 276 263 258 255 251 250 243 239 230 227 216 208 196 190 184 167 129 119 108 101 92 87 78 49 47 28 25 23 12 4 
327 496 494 492 490 447 433 430 406 394 389 375 371 368 353 332 324 323 315 305 301 290 286 249 248 218 213 211 204 202 195 188 184 178 176 168 164 153 152 113 97 92 89 86 81 71 53 52 48 42 25 19 15 14 3 
118 489 486 485 484 458 451 443 432 421 418 399 374 365 355 354 350 346 342 340 316 312 293 274 269 262 256 255 245 238 230 229 223 212 211 208 207 206 203 189 185 181 135 127 124 116 95 85 79 78 75 64 37 20 9 
169 480 479 478 456 453 431 421 410 409 402 364 359 357 356 344 341 332 331 315 302 301 287 275 263 261 237 231 217 206 183 174 167 148 147 124 121 105 94 90 88 87 78 57 49 41 38 34 31 26 24 23 16 13 1 
333 483 470 447 426 424 420 419 418 413 399 386 376 353 336 331 323 319 294 290 279 258 255 253 252 219 216 198 197 196 191 190 183 175 164 132 129 126 125 116 115 109 103 98 95 91 88 81 59 51 40 32 11 4 2 
212 481 479 464 450 446 432 430 424 418 410 405 397 389 384 356 355 347 344 342 329 326 318 305 287 274 271 267 247 244 240 225 217 216 187 179 175 145 122 118 116 115 114 110 95 94 77 58 52 43 38 24 22 17 15 
400 496 495 493 473 464 459 450 441 422 413 401 397 395 388 378 373 346 337 310 307 301 298 282 266 264 262 261 252 244 235 234 219 215 208 199 180 157 154 140 135 124 101 97 75 74 68 64 60 52 41 27 24 23 6 
282 487 485 479 476 472 463 460 459 455 447 432 431 428 427 411 400 390 338 332 331 317 310 306 298 290 284 277 272 260 250 241 235 234 228 224 216 202 190 177 171 151 135 131 115 106 104 101 83 70 35 22 17 15 0 
171 496 485 473 468 461 439 417 413 396 390 383 364 363 351 343 339 330 322 294 286 283 282 277 247 229 228 221 215 203 202 193 184 178 161 158 155 149 148 126 119 101 95 91 76 73 50 44 43 36 28 22 21 6 2 
181 493 492 491 488 484 480 473 471 466 454 445 432 429 425 410 404 396 388 385 384 367 358 351 332 319 300 275 259 256 253 224 222 218 216 215 213 204 188 187 170 160 149 142 136 118 114 101 96 95 64 44 26 19 2 
473 487 483 480 477 474 470 461 428 419 412 400 381 377 370 365 364 351 348 338 334 320 318 305 303 281 280 263 250 238 207 205 201 200 198 194 191 184 181 171 158 149 134 119 95 87 84 67 53 44 39 21 17 15 0 
182 495 487 481 476 475 458 438 425 409 408 382 380 352 345 340 329 308 307 287 281 271 268 264 260 254 239 237 232 231 218 210 197 192 191 175 166 157 141 138 132 131 128 109 107 101 75 56 50 46 35 28 19 14 12 
410 484 481 478 447 439 435 434 429 428 411 404 395 385 372 364 356 348 330 328 291 290 281 279 276 260 244 232 212 202 200 183 181 178 169 166 150 148 113 106 101 98 92 82 74 69 66 58 57 56 54 46 43 38 16 
68 494 492 453 444 441 432 421 420 408 406 400 388 387 385 383 378 370 365 359 350 342 332 324 312 305 271 267 259 258 226 224 198 197 190 186 165 155 129 124 119 111 109 101 99 87 78 74 72 59 57 55 48 12 1 
306 488 480 474 471 463 462 452 441 428 418 398 396 394 390 382 363 360 343 336 330 326 320 314 309 302 287 282 262 257 247 236 231 217 198 194 184 179 177 159 155 126 122 114 106 104 103 92 78 70 69 48 24 11 6 
120 494 483 463 460 455 435 430 411 405 404 394 386 380 361 349 329 316 309 305 301 300 299 295 279 257 245 238 209 201 199 193 189 178 165 159 143 141 127 100 98 97 75 72 63 60 59 57 55 54 18 8 3 1 0 
417 499 496 482 458 451 439 438 427 422 420 409 396 371 368 347 344 331 294 289 285 283 281 274 265 256 247 240 237 227 218 203 202 191 190 185 183 173 171 152 131 116 108 100 96 91 90 78 66 52 50 46 31 10 3 
95 476 474 473 452 450 447 446 421 419 390 386 383 378 373 343 333 319 296 291 279 275 271 267 258 255 246 243 236 226 212 208 202 181 171 156 145 143 140 139 131 129 118 117 104 97 94 86 76 75 56 38 26 23 
214 496 493 488 450 434 425 404 402 401 396 390 379 367 361 358 355 344 334 329 328 324 311 309 302 296 277 276 264 262 248 227 222 205 193 189 188 187 172 170 163 160 144 133 119 114 111 89 85 66 55 52 32 1 
192 497 488 475 471 462 457 450 431 405 398 393 362 348 345 340 337 334 326 319 311 300 297 280 269 261 257 249 242 241 236 231 191 184 182 176 172 166 145 144 141 139 132 119 110 89 84 79 72 71 60 41 12 11 
281 493 485 475 473 471 459 453 451 437 429 428 425 420 417 413 412 410 398 385 376 370 367 338 298 296 289 284 259 243 237 232 222 206 193 182 177 166 158 155 147 109 106 100 88 83 72 46 44 42 39 28 5 3 
217 497 484 472 463 453 445 443 438 430 421 416 409 390 380 358 320 312 306 305 288 272 262 261 259 257 255 251 248 212 204 198 194 176 169 166 161 147 139 133 127 121 116 114 113 91 83 76 64 57 44 42 34 32 
394 497 490 483 478 477 454 434 430 426 425 423 421 388 383 380 348 336 327 325 321 316 306 280 271 262 255 246 244 206 199 191 190 189 168 167 165 158 142 134 123 120 74 71 58 49 47 42 27 23 19 14 4 3 
398 495 493 480 479 478 477 469 463 460 446 445 439 427 414 408 401 378 372 371 368 353 349 346 343 324 306 292 283 281 268 232 231 193 192 187 175 172 164 135 133 112 102 85 80 74 59 53 51 47 39 37 24 9 
336 493 443 431 428 414 411 408 394 390 371 366 359 357 352 349 345 333 318 309 306 301 299 274 267 261 243 216 211 206 201 195 189 180 170 153 147 143 138 128 127 117 113 109 85 72 67 63 58 38 37 29 22 12 
195 476 472 463 458 433 426 399 393 389 380 363 338 336 327 324 321 317 309 301 296 291 286 285 273 264 260 259 238 198 197 190 179 158 137 134 126 123 106 90 81 72 67 60 53 46 34 30 20 11 9 7 5 4 
228 489 483 476 470 466 462 449 438 422 412 388 380 371 357 339 330 323 321 312 304 300 282 246 244 219 206 203 196 190 176 171 160 159 152 143 131 127 125 119 117 85 83 82 73 60 43 38 36 34 21 20 18 12 
453 499 496 494 488 480 479 476 472 467 459 447 439 418 385 382 381 361 337 314 310 299 290 281 278 277 257 255 239 236 217 210 207 204 188 169 166 163 152 140 111 109 90 79 77 72 69 68 67 63 44 43 36 8 
230 490 451 437 414 412 389 380 374 366 361 356 350 342 338 325 319 317 312 308 295 288 285 277 275 264 258 257 242 240 224 211 200 173 172 164 136 122 118 103 99 94 62 59 56 50 49 42 31 21 19 18 16 13 
198 482 473 471 470 456 441 440 403 402 387 374 363 348 345 341 338 334 333 320 317 314 313 306 286 261 254 241 235 217 213 211 209 195 189 187 163 149 137 136 134 132 131 102 101 98 93 87 83 68 48 37 35 21 
3 490 474 446 442 438 436 434 429 424 423 418 417 394 375 360 344 332 331 327 326 309 291 285 281 269 268 263 262 259 253 246 233 220 219 200 184 179 162 146 136 120 113 100 97 85 72 70 55 46 31 29 8 7 
307 494 492 485 449 448 432 415 402 400 396 382 367 366 349 341 329 321 320 318 303 289 286 285 279 254 252 248 246 240 239 234 225 223 209 205 204 197 196 194 182 162 149 127 114 103 101 91 89 85 61 39 36 13 
201 498 478 473 470 467 458 442 419 409 406 401 390 382 379 360 356 347 344 336 326 322 310 302 296 293 271 242 239 238 234 227 226 203 197 196 185 176 165 154 148 145 141 120 88 74 64 63 56 32 29 20 12 2 
147 492 490 488 477 468 458 451 440 437 416 414 413 397 385 377 352 339 336 310 309 304 298 296 292 281 274 250 245 244 243 241 238 236 223 219 217 196 190 188 186 169 166 154 123 83 75 67 63 46 31 25 16 10 
2 494 487 484 459 454 437 420 402 389 385 381 369 362 360 357 340 333 326 321 313 303 301 284 280 277 261 253 245 210 208 201 189 181 180 179 178 171 138 135 125 119 115 106 96 59 49 47 45 36 30 25 11 7 
476 495 470 469 466 463 453 451 450 445 438 435 432 429 421 413 405 395 369 363 358 357 352 351 341 322 321 313 311 296 291 282 271 266 249 232 228 227 222 204 195 182 176 161 129 122 102 101 95 83 34 8 4 1 
319 493 475 474 471 467 446 432 431 427 409 392 390 388 367 340 333 294 289 285 275 272 267 262 256 255 230 227 220 215 205 203 192 187 181 180 161 157 150 145 142 138 132 101 95 90 84 75 71 67 64 34 23 18 
250 494 493 488 484 483 479 473 466 445 391 387 381 371 368 367 363 355 339 332 325 301 282 269 249 243 241 225 224 220 216 193 184 173 168 165 164 163 160 159 150 147 128 92 85 80 77 73 70 67 56 26 22 12 
51 489 484 481 459 444 443 432 425 422 418 415 398 385 381 374 371 368 367 348 340 338 333 321 314 312 299 283 279 267 236 222 204 180 175 161 155 142 139 137 132 128 122 114 106 89 78 66 57 49 27 12 8 0 
324 495 490 475 474 459 448 437 419 411 398 384 378 368 342 340 337 327 279 248 247 243 233 214 211 205 204 200 195 187 176 173 167 164 154 148 146 142 133 123 116 113 111 107 99 74 71 68 64 61 47 38 33 20 
210 489 488 483 466 464 462 461 453 438 437 421 390 387 380 365 355 353 351 340 339 337 320 304 302 301 283 272 255 243 234 233 208 202 199 191 190 182 177 156 119 115 94 89 76 57 56 48 44 34 33 15 8 2 
497 498 484 480 455 451 437 432 426 425 424 394 382 381 374 371 370 367 356 353 344 339 329 314 295 287 258 252 251 247 240 236 232 217 207 205 203 200 196 192 160 149 148 141 135 102 88 72 53 44 40 34 25 5 
498 497 480 477 463 449 440 430 429 427 425 419 391 383 378 371 350 340 318 317 316 313 309 297 271 261 225 219 206 201 174 172 165 164 159 121 111 108 103 102 97 81 72 70 69 60 54 37 26 23 17 12 10 7 
392 496 468 466 464 454 447 427 423 411 402 397 386 374 373 372 367 362 360 346 332 319 301 297 287 286 271 262 260 234 229 222 207 206 199 189 185 164 156 153 109 99 80 76 69 66 64 50 28 16 10 4 1 
73 484 482 465 463 462 459 449 436 427 423 419 411 405 403 397 393 375 372 357 347 339 337 335 329 328 323 292 279 260 256 250 228 194 191 187 179 177 171 136 131 123 122 101 99 90 85 63 59 55 44 24 14 
167 495 490 488 487 466 434 429 428 425 424 414 408 394 353 345 341 338 324 320 312 301 296 278 275 266 265 258 256 248 246 222 221 218 202 191 183 169 164 148 143 137 136 133 127 99 75 62 60 41 39 12 1 
339 497 477 472 468 465 463 458 456 451 418 416 409 371 367 359 358 352 350 342 326 313 299 295 292 268 261 256 250 242 228 210 207 174 171 160 154 147 134 132 114 101 99 91 80 78 76 73 61 36 23 13 9 
449 498 494 487 485 461 442 438 427 393 390 382 373 364 363 357 348 330 325 307 297 263 244 237 233 232 228 227 225 200 165 164 154 146 131 128 124 122 113 104 96 93 82 81 73 72 64 56 55 46 45 12 6 
37 498 496 495 484 455 439 434 406 398 379 372 369 366 352 345 337 336 332 328 325 323 322 265 259 257 246 238 236 203 198 193 156 153 150 134 131 128 118 111 110 89 86 70 64 55 49 32 24 19 13 11 8 
49 495 494 464 452 445 428 420 413 408 404 403 397 394 385 382 378 373 366 349 346 345 342 331 328 311 287 262 242 230 226 215 206 189 175 169 164 154 144 143 137 108 87 67 51 45 37 34 30 12 9 4 2 
1 476 461 456 428 426 413 409 405 392 390 384 376 372 371 346 330 325 323 295 292 247 245 239 236 223 220 214 206 204 193 186 169 168 167 165 140 128 120 100 93 88 81 79 71 68 63 47 35 19 12 9 5 
16 495 494 481 471 467 455 440 437 434 430 419 416 410 407 395 392 390 368 361 356 353 352 348 344 331 298 280 264 254 231 230 221 218 213 207 199 180 169 165 156 148 147 127 117 101 89 76 66 58 32 8 0 
111 498 480 470 463 461 459 456 453 445 443 425 421 397 395 379 373 366 355 349 342 338 324 320 318 305 298 289 283 271 260 259 256 241 214 190 187 185 159 144 137 124 116 97 88 78 68 62 44 37 23 17 0 
148 497 489 479 471 466 437 430 413 412 410 397 382 378 373 362 350 342 326 324 318 317 316 308 303 296 294 273 272 267 252 251 243 238 219 208 206 201 186 178 171 169 167 117 109 97 90 74 41 34 33 16 15 
321 491 490 479 476 464 458 457 443 435 430 403 399 394 377 371 368 366 357 354 353 322 317 313 307 287 286 266 259 258 252 228 225 195 183 165 151 144 86 81 74 66 52 51 45 44 39 34 32 31 11 8 2 
0 483 481 478 473 451 435 433 431 424 405 403 361 355 350 346 342 330 322 311 301 298 291 290 283 282 273 269 268 261 249 243 236 233 231 218 216 213 149 135 132 130 127 120 111 102 51 45 38 36 30 29 16 
70 498 484 481 478 466 434 425 399 396 389 380 379 377 376 373 368 353 338 329 314 306 299 298 290 283 282 257 250 239 234 218 162 161 160 150 149 135 132 93 90 85 81 66 50 44 37 33 28 27 13 6 3 
218 495 491 484 461 445 441 440 433 431 429 417 415 414 405 377 376 374 343 327 322 304 299 298 294 285 275 267 257 247 231 224 219 182 181 167 166 165 145 134 110 107 100 78 70 66 64 52 48 45 22 16 0 
267 496 474 468 438 427 416 404 399 378 370 363 346 345 336 328 319 314 280 276 269 254 225 218 216 212 193 190 187 170 153 148 133 117 115 112 110 95 68 63 58 51 44 42 38 36 29 24 23 14 12 11 4 
268 491 475 461 460 459 458 456 452 446 440 406 405 402 398 389 387 364 345 339 325 299 286 276 258 245 215 207 203 202 200 196 187 182 175 158 133 126 122 121 109 97 90 87 85 71 63 52 50 33 7 3 0 
378 498 490 486 450 446 424 421 409 404 400 398 390 381 364 348 324 312 310 295 288 287 273 267 249 244 240 231 219 190 166 162 160 155 150 148 144 138 129 122 95 84 68 64 57 53 49 42 29 22 15 8 7 
72 499 498 497 493 487 478 474 471 469 462 453 449 443 438 424 405 397 374 345 338 336 335 328 315 291 281 249 244 221 211 203 197 195 192 168 158 145 137 135 129 120 99 90 83 74 68 67 64 36 22 7 3 
330 488 486 462 459 456 452 449 440 434 431 411 410 379 367 362 359 354 345 320 310 306 305 302 289 287 270 257 255 245 243 228 220 197 187 171 168 156 153 137 133 107 104 97 96 71 62 46 39 8 6 1 0 
488 495 462 458 453 450 447 446 443 436 435 422 421 377 365 364 363 360 358 353 352 351 330 320 318 306 304 290 257 253 250 223 214 210 209 199 192 181 167 166 151 147 145 121 113 94 85 79 78 61 48 9 7 
222 496 479 477 476 475 472 467 460 454 445 443 441 430 421 419 412 411 403 399 392 388 357 355 332 328 322 295 281 272 269 243 225 221 214 205 191 181 172 167 158 123 107 104 88 79 77 67 55 51 38 36 28 
433 499 491 483 474 469 465 454 446 442 436 385 365 356 354 344 342 341 327 318 315 278 275 257 253 247 241 223 218 216 197 195 193 176 154 137 125 109 108 105 104 103 92 56 46 39 35 29 28 14 12 6 0 
93 491 470 463 449 447 413 412 388 386 379 370 365 345 342 337 335 318 316 312 309 301 299 287 272 265 259 253 235 232 223 216 204 203 199 198 174 170 155 143 142 139 135 129 110 107 70 69 60 55 50 21 1 
165 498 460 459 458 449 412 395 394 390 384 380 368 358 356 354 350 342 325 323 321 317 313 296 289 287 278 274 257 250 235 218 201 168 158 157 155 146 133 132 126 120 100 80 71 69 68 60 57 17 16 4 1 
193 468 459 451 444 442 441 438 433 431 415 408 401 398 396 381 376 363 310 296 295 290 289 286 281 267 255 254 250 249 227 219 214 206 203 173 171 163 157 144 134 125 120 53 50 46 43 42 37 29 12 1 
53 497 491 473 465 460 443 442 430 425 422 414 413 407 398 390 378 366 359 327 320 315 312 304 294 270 269 239 224 203 195 193 191 187 186 168 159 115 100 97 61 47 41 35 28 26 23 17 15 12 10 8 
377 492 488 487 473 466 463 452 435 434 423 413 405 395 387 384 381 369 368 323 321 320 296 292 280 271 259 253 243 236 233 223 218 209 191 188 176 174 166 159 152 147 138 129 126 91 70 62 59 54 27 24 
144 491 484 475 470 468 467 441 440 436 432 425 418 411 409 407 404 403 396 393 391 378 374 345 344 326 321 316 315 290 278 270 220 215 214 211 206 193 192 178 174 156 149 125 111 97 74 64 49 22 15 5 
233 493 481 479 469 455 449 438 424 397 396 388 387 385 381 377 375 370 338 324 303 296 259 252 249 239 232 231 210 174 173 135 130 97 85 82 74 69 66 63 61 58 54 41 36 34 33 15 13 10 3 0 
26 498 496 490 483 480 478 477 472 459 446 436 428 407 403 371 342 331 329 311 310 302 294 272 262 255 250 245 235 223 213 207 199 189 181 169 168 166 161 158 154 109 98 95 60 53 42 41 38 33 30 24 
458 496 488 486 471 439 438 434 427 420 417 405 399 381 379 369 359 357 339 325 321 318 298 295 278 276 268 237 235 204 201 197 195 188 185 182 179 166 165 147 125 118 87 83 76 60 56 41 33 31 20 5 
81 498 475 452 449 443 438 421 419 414 413 395 388 387 384 367 365 361 347 345 333 327 321 317 298 263 242 239 237 203 195 185 184 178 172 168 161 152 142 139 130 124 116 110 107 98 94 74 70 32 21 1 
468 496 490 475 464 452 448 447 422 414 392 363 360 358 339 335 323 310 304 293 292 279 276 273 271 267 257 254 253 252 246 224 202 200 193 180 171 166 159 149 147 144 130 110 101 99 74 66 62 61 47 5 
316 498 492 490 481 471 465 452 444 437 425 420 414 412 403 402 394 393 389 385 369 352 346 343 338 265 261 252 247 245 242 238 231 199 188 166 148 144 122 120 118 117 116 114 104 93 74 65 52 39 36 10 
427 499 498 493 491 458 449 430 428 422 417 403 398 392 382 365 349 344 342 329 319 318 313 309 300 282 280 267 260 256 255 251 248 243 213 207 191 184 166 151 122 119 117 114 109 85 74 73 66 41 13 8 
318 498 488 473 458 452 448 441 440 436 433 432 427 423 420 396 363 356 352 347 336 307 298 289 288 266 262 236 232 215 213 212 186 149 148 145 139 131 130 111 109 108 105 99 93 89 75 69 58 55 35 31 
430 498 495 478 465 455 446 438 431 427 420 403 399 394 389 374 373 338 327 326 321 304 294 293 289 284 278 275 272 247 246 245 244 222 217 212 188 157 151 148 120 105 94 86 80 53 50 45 25 16 15 6 
179 493 492 489 472 471 466 458 454 451 447 421 416 402 382 372 370 367 348 309 306 294 290 289 285 257 254 246 238 212 200 195 155 132 127 113 99 89 87 86 80 76 74 73 57 43 42 39 8 6 3 2 
320 490 488 474 473 466 456 444 429 416 408 406 405 393 391 387 377 369 360 359 357 355 338 330 323 307 306 297 274 261 252 244 223 217 210 202 198 173 168 167 164 112 111 104 90 75 53 38 33 30 13 9 
246 492 468 444 438 437 430 416 394 382 379 372 364 358 343 308 307 299 286 285 284 280 259 247 243 228 211 206 202 179 167 166 162 158 157 146 139 115 98 95 61 48 47 37 34 29 24 19 17 10 8 3 
480 498 497 482 473 470 461 460 453 452 448 437 435 425 416 412 409 399 398 381 374 372 363 355 335 328 314 306 297 294 293 278 266 253 221 191 181 169 159 130 111 109 102 90 86 85 69 54 47 32 26 10 
435 494 493 488 483 480 478 476 445 444 425 410 403 384 377 373 365 359 356 352 349 335 326 321 315 302 300 284 273 256 245 243 232 231 197 173 162 149 137 128 124 120 110 103 89 85 64 59 45 27 9 0 
285 496 495 477 471 457 418 417 407 388 362 356 338 334 319 315 311 309 308 307 301 290 279 277 246 243 230 221 218 199 195 187 179 150 146 145 135 134 133 96 94 63 62 61 59 45 42 39 25 20 8 3 
487 495 473 454 449 440 429 421 406 399 393 377 351 347 334 314 303 298 297 296 282 276 266 258 256 254 249 242 238 237 232 226 186 183 182 173 167 162 160 159 158 151 123 122 96 87 78 72 56 12 9 2 
191 496 480 475 473 471 427 426 424 417 413 407 402 397 394 391 377 371 363 333 322 304 288 255 236 222 220 215 210 192 182 175 167 153 152 138 119 102 101 97 94 92 73 71 62 57 53 31 27 12 7 6 
96 489 487 483 464 461 449 444 437 432 417 406 395 391 386 356 355 345 338 330 317 313 303 298 288 285 263 256 255 238 235 227 203 197 184 181 173 172 163 145 142 134 133 130 124 90 79 63 43 30 13 2 
293 496 492 480 472 468 459 441 437 430 419 412 403 380 373 371 366 331 297 295 279 260 252 240 236 231 226 225 205 201 185 177 163 154 146 143 140 134 127 125 118 114 113 97 86 77 75 69 64 43 27 25 
496 490 475 468 459 458 453 438 420 417 408 406 400 392 380 376 371 347 338 327 322 309 293 285 277 273 271 267 255 225 222 220 214 191 189 186 184 176 171 151 150 121 115 86 55 54 39 37 35 26 7 5 
227 482 479 476 472 460 455 449 447 446 426 424 417 415 402 371 361 357 355 322 319 309 299 294 292 283 277 270 225 221 215 214 207 201 196 193 189 183 174 172 170 164 126 96 94 87 67 66 56 24 18 5 
304 494 493 488 486 484 477 472 469 468 467 454 451 439 430 420 412 395 386 379 372 351 331 322 314 313 308 283 244 232 228 218 210 207 203 191 190 176 155 147 138 135 110 100 91 59 53 52 39 24 18 13 
499 493 484 477 466 462 457 453 452 451 448 437 433 432 431 427 423 417 409 402 388 363 349 331 325 315 309 248 224 216 194 184 151 146 145 123 121 100 91 85 82 77 72 67 44 41 32 30 21 20 19 15 
456 482 472 463 432 426 405 390 385 381 370 339 335 330 326 320 284 283 279 273 272 268 262 259 258 255 242 239 237 205 202 198 174 169 157 156 134 125 111 105 103 101 97 62 41 30 21 7 6 5 1 
344 497 478 455 441 436 433 431 427 423 419 417 414 404 372 360 358 348 337 335 317 309 302 296 269 257 249 214 212 201 184 169 149 144 131 110 109 108 102 92 85 80 63 62 32 23 16 13 7 5 3 
128 493 486 485 474 472 469 462 449 444 435 432 428 424 419 414 405 349 347 341 336 331 329 287 284 280 261 257 252 251 250 229 186 183 182 154 139 136 121 79 66 63 59 55 51 50 37 35 32 7 1 
206 498 491 478 466 419 416 408 396 394 392 381 379 374 361 357 348 336 331 294 281 263 262 260 252 249 246 234 228 203 193 190 188 178 170 169 161 152 148 144 138 125 118 86 84 79 71 49 36 13 1 
208 464 461 446 403 400 397 380 367 364 363 355 312 310 275 269 265 261 255 248 247 241 219 210 189 184 178 176 164 163 151 149 148 133 121 118 117 113 95 90 89 88 86 56 55 46 36 27 12 10 2 
58 492 459 443 438 437 436 434 410 408 402 394 387 354 350 336 329 318 317 313 295 267 249 244 243 234 233 232 224 223 219 212 197 188 157 140 129 94 89 84 75 71 54 50 48 47 31 23 20 17 16 
328 484 480 463 462 452 428 424 410 362 354 346 338 331 315 299 297 291 277 273 267 237 225 224 222 220 214 200 197 187 174 173 170 166 159 153 117 110 108 102 101 73 72 67 65 64 49 43 41 37 8 
361 494 484 461 453 452 445 419 405 389 379 370 346 345 334 329 325 312 303 301 280 279 270 254 253 230 227 221 219 214 206 199 190 163 121 120 103 98 89 84 81 74 62 60 52 30 25 18 16 12 0 
152 486 477 475 472 471 460 453 431 422 417 412 382 377 371 362 358 331 327 309 296 271 266 259 251 245 228 223 206 205 191 189 186 178 176 159 156 143 137 131 126 107 81 64 62 60 57 38 36 13 11 
402 499 483 454 448 431 393 392 390 369 364 362 352 348 341 338 335 316 313 307 288 268 265 261 258 256 237 235 227 214 202 198 191 189 179 169 164 163 160 154 134 123 121 102 101 62 59 58 52 10 2 
438 496 484 479 476 471 458 452 449 448 430 417 396 346 345 334 296 294 289 267 264 261 252 246 233 231 228 226 217 210 193 189 188 182 175 174 168 162 134 83 81 80 75 72 58 57 50 20 18 14 3 
261 498 450 448 438 437 436 432 425 413 402 400 395 391 379 366 341 339 336 331 323 320 316 305 295 274 266 259 241 236 231 229 225 224 217 208 200 198 192 190 176 169 128 108 104 94 69 44 20 2 0 
234 459 457 448 426 414 407 400 399 395 392 351 347 338 322 307 299 298 295 289 282 274 263 243 219 215 210 206 205 203 201 188 160 158 154 146 139 138 100 84 76 70 58 57 52 35 34 23 11 8 5 
369 493 485 484 476 474 460 458 434 429 412 406 404 403 402 393 377 360 354 350 338 335 325 320 316 305 298 290 279 265 257 255 245 223 220 211 194 190 176 158 146 145 142 131 109 66 64 47 37 23 2 
486 481 458 451 412 408 396 395 384 378 373 355 349 347 338 335 330 317 315 314 304 292 289 283 262 252 241 238 186 185 176 153 152 149 135 128 121 118 113 100 97 84 78 64 44 43 39 38 24 10 6 
43 486 454 453 451 447 437 428 410 395 390 386 380 373 352 342 337 328 313 312 309 305 299 293 258 257 249 247 237 228 212 204 193 187 184 179 177 175 173 171 150 137 131 119 96 92 89 67 63 55 9 
107 474 466 464 454 451 411 371 370 346 342 330 324 315 311 309 298 297 291 286 284 260 259 257 249 248 240 239 236 235 222 221 218 204 182 159 154 152 134 129 102 101 93 82 81 71 69 39 32 28 6 
411 493 481 452 448 432 429 424 410 392 380 357 352 347 336 334 330 329 324 322 317 284 282 273 264 259 248 222 221 215 194 190 172 149 144 142 135 120 107 105 83 73 62 57 45 36 32 31 27 17 12 
121 499 498 496 488 486 484 472 470 441 437 407 402 386 361 345 326 325 322 315 308 289 269 268 266 259 255 220 217 208 207 194 189 174 170 169 150 139 128 117 112 105 102 94 88 87 80 77 76 61 28 
494 469 453 452 451 449 435 406 385 384 372 371 363 361 356 355 348 329 327 313 311 309 307 304 294 287 284 258 254 250 248 239 231 196 139 120 115 89 79 69 68 64 54 49 48 46 28 23 17 16 2 
122 490 487 481 476 470 463 449 445 427 414 389 378 366 362 349 342 341 331 322 316 310 306 301 268 247 238 230 224 216 212 180 176 170 160 159 156 137 134 125 116 94 87 86 85 77 73 67 51 47 46 
247 497 495 477 469 444 433 431 430 429 417 416 372 360 354 351 337 324 316 308 306 302 301 273 246 235 229 218 215 212 208 204 188 171 154 132 131 129 122 116 108 99 94 67 61 50 43 20 19 18 1 
123 499 495 490 487 484 482 463 443 432 429 405 402 396 394 386 365 356 350 340 335 334 324 315 313 305 303 294 289 287 283 280 258 253 252 236 222 215 200 199 195 183 170 147 134 73 64 62 32 24 18 
75 482 465 460 438 422 421 416 415 408 401 400 395 381 354 342 334 320 319 318 293 288 258 245 244 243 242 229 202 197 184 182 174 167 160 156 155 147 129 120 118 110 95 91 58 41 38 36 31 30 23 
175 482 444 438 425 421 404 398 397 385 384 372 366 340 333 289 288 280 275 272 268 249 239 226 225 212 199 191 188 182 158 131 113 110 106 105 88 78 74 66 65 51 49 46 43 39 28 23 22 13 
351 490 489 488 487 476 473 454 451 428 413 407 385 374 368 356 355 350 346 345 331 329 304 262 258 247 239 234 210 207 199 188 185 184 183 181 172 171 149 137 99 86 65 57 50 47 42 35 30 12 
178 485 457 441 415 414 410 401 379 375 371 345 340 335 331 327 325 312 256 244 231 209 208 206 186 171 155 152 148 144 125 124 120 105 99 81 79 76 66 65 57 50 47 42 31 30 25 15 14 2 
42 490 475 472 464 452 439 432 429 405 394 389 378 354 351 346 334 327 323 311 288 285 281 277 267 263 257 243 238 230 226 217 193 179 178 177 142 127 108 104 100 85 76 74 45 36 27 26 21 20 
355 494 486 480 471 462 460 457 441 431 408 407 393 351 343 322 320 315 310 292 272 271 250 227 222 216 214 212 210 208 199 189 166 136 129 118 111 103 96 69 65 54 44 40 29 28 24 14 10 0 
404 489 464 436 429 420 410 406 403 390 378 373 369 358 347 344 325 300 267 252 245 241 238 237 214 189 188 181 175 153 151 144 143 139 138 127 120 112 91 89 76 74 49 46 40 38 27 21 20 5 
32 499 480 479 464 450 434 424 418 411 366 364 360 349 344 333 321 308 301 291 275 271 263 257 239 217 214 201 197 194 157 140 137 128 123 117 107 100 83 81 77 64 63 52 37 28 22 17 16 12 
237 489 487 470 469 458 456 451 449 417 416 404 402 395 391 375 357 354 350 331 328 312 283 281 258 253 241 225 219 204 199 189 187 182 169 163 157 139 138 127 126 85 83 81 63 54 43 40 27 22 
133 483 432 415 414 409 407 398 396 371 370 368 353 330 324 312 308 292 285 268 267 265 259 249 243 221 217 214 209 208 202 200 170 167 165 163 156 145 141 112 110 96 91 88 69 52 41 30 29 10 
184 499 496 489 483 473 472 467 455 446 429 427 424 399 381 351 348 347 344 327 322 312 311 306 303 290 286 254 250 242 221 208 203 200 192 171 164 139 135 119 116 96 94 83 81 75 67 43 20 3 
113 488 486 460 455 449 410 406 397 391 385 367 362 354 352 348 336 327 324 323 303 293 279 272 259 258 240 226 217 208 189 179 175 174 153 149 141 131 129 102 98 89 61 59 45 40 34 31 29 3 
460 495 480 478 477 447 419 412 403 398 390 369 355 347 325 295 294 288 282 268 255 252 242 232 227 222 215 199 185 165 162 158 152 135 120 113 99 98 97 90 88 82 80 75 66 61 56 53 41 4 
463 498 491 489 477 476 464 456 452 446 440 437 436 422 415 413 405 403 398 385 377 368 353 349 347 339 328 306 296 290 282 266 259 229 217 215 195 123 122 120 111 93 89 87 83 73 63 39 28 12 
159 498 490 487 481 480 474 468 462 443 439 377 374 365 349 335 328 311 306 288 286 266 265 252 250 245 235 228 225 197 196 172 152 149 141 136 122 120 111 107 102 97 87 80 67 61 53 45 15 10 
370 497 491 490 481 477 473 457 456 450 442 426 424 421 412 409 396 395 361 354 353 348 294 287 281 267 233 226 225 221 211 205 189 179 160 146 143 136 133 117 107 93 83 82 68 65 59 57 48 25 
296 495 487 476 472 463 438 437 432 429 425 408 406 397 377 365 344 331 313 311 281 257 254 241 233 214 204 201 197 195 193 186 167 165 160 157 152 148 147 138 110 98 95 86 84 80 74 56 36 20 
415 491 474 467 466 463 436 423 418 395 389 362 346 343 342 317 307 305 302 289 266 260 229 227 226 218 200 193 188 186 185 178 172 166 160 155 146 142 133 127 88 75 69 51 39 35 14 13 11 7 
416 490 484 482 480 465 462 459 454 391 385 375 368 366 358 343 339 331 320 305 288 267 263 252 249 247 246 237 223 217 215 206 203 199 186 179 174 158 147 138 106 103 101 75 67 48 47 21 16 8 
374 497 491 483 480 464 447 445 430 425 395 392 391 386 384 351 348 342 340 331 315 308 299 290 287 245 241 230 218 206 198 190 183 159 144 137 130 125 118 117 88 72 55 54 51 40 19 17 9 7 
7 498 496 488 485 471 456 437 426 415 390 387 378 374 373 372 352 345 344 337 322 308 298 276 271 268 248 203 199 195 191 190 172 170 138 128 109 102 101 89 88 85 80 79 72 39 21 6 3 2 
162 493 490 487 485 481 470 467 466 460 450 438 435 422 385 384 378 372 347 342 337 335 331 326 307 303 276 269 255 246 239 225 211 200 188 186 136 131 130 126 119 101 85 82 70 41 17 15 11 3 
479 495 491 478 464 453 450 448 446 438 429 398 395 390 386 382 364 357 335 334 321 305 303 301 295 286 282 272 253 250 249 248 233 227 222 212 199 169 155 149 148 146 127 100 90 87 82 76 44 32 
425 498 497 491 484 480 447 446 435 428 394 388 374 346 340 325 316 311 310 305 296 281 280 279 277 261 259 242 219 216 214 182 181 175 167 166 150 146 144 119 111 100 78 77 70 53 51 17 15 13 
216 499 493 492 478 472 433 425 420 419 412 401 393 376 359 355 336 333 332 314 311 309 289 282 274 267 253 250 245 232 219 215 212 181 172 164 160 127 122 101 100 93 87 82 78 66 62 28 25 0 
379 492 470 458 442 424 423 409 385 361 359 358 348 346 345 342 337 334 330 311 304 299 270 261 246 232 231 229 225 214 207 206 201 188 178 174 137 134 116 111 109 102 94 93 79 70 55 37 29 14 
8 476 470 453 448 427 424 416 408 405 393 383 382 378 359 330 328 323 321 288 285 269 258 256 246 243 234 231 224 211 210 194 186 179 146 136 127 120 84 78 61 53 51 41 40 37 25 19 16 3 
381 497 480 477 473 462 458 456 454 453 452 446 442 423 422 409 390 378 377 358 338 334 331 325 298 283 266 264 250 248 233 219 206 205 202 193 190 184 143 105 88 75 64 60 51 48 47 27 6 2 
337 475 474 470 453 428 426 413 406 400 379 357 344 324 312 298 287 269 266 264 257 254 253 247 229 210 192 190 180 166 163 162 150 146 134 130 119 103 93 91 90 73 59 50 43 37 23 13 10 7 
29 485 474 450 448 447 437 433 419 414 409 388 385 380 379 378 375 362 360 355 349 336 334 323 305 289 280 272 267 252 246 245 201 193 170 137 133 126 113 105 82 69 55 46 19 12 10 4 3 0 
492 481 472 451 442 413 412 383 382 379 377 360 350 348 327 316 307 293 273 265 262 259 246 242 216 204 199 181 179 173 157 151 149 147 126 115 109 78 71 68 67 64 61 58 57 45 33 15 13 12 
141 497 483 474 471 462 451 450 442 441 437 436 419 412 401 383 376 362 340 317 315 299 298 290 280 266 220 207 201 192 182 163 159 156 143 140 136 134 133 120 116 113 104 100 94 79 76 22 5 4 
30 499 495 471 467 456 440 439 418 389 375 372 361 351 335 331 329 322 320 311 286 284 242 235 226 205 195 178 176 150 139 134 133 129 96 89 86 75 71 61 55 49 38 27 26 19 17 6 2 0 
258 497 494 487 470 456 454 439 431 422 402 396 395 351 333 323 322 321 303 288 268 259 254 238 237 230 220 219 207 188 167 164 155 154 150 136 135 123 119 113 112 100 95 91 75 68 67 45 43 8 
61 492 488 474 468 460 457 447 437 431 426 363 354 352 346 339 324 309 308 307 285 279 269 253 247 246 233 232 231 221 172 168 160 159 139 121 113 109 106 103 100 94 91 87 53 30 25 20 8 4 
21 499 477 473 470 469 456 444 423 420 416 408 404 376 359 353 349 346 323 299 270 266 260 256 255 254 242 230 228 224 219 211 198 189 187 180 173 171 124 106 102 93 81 80 48 42 36 34 31 7 
395 486 485 481 479 477 476 415 410 403 400 399 393 384 377 374 370 354 343 323 304 299 292 274 261 258 257 249 237 234 232 229 215 188 172 165 160 157 140 135 111 96 81 75 63 55 54 46 43 16 
298 490 487 482 469 458 443 419 408 400 393 388 381 375 369 360 354 337 318 313 294 282 281 279 264 241 234 226 218 211 147 141 138 137 134 111 107 98 96 87 82 81 70 35 16 7 5 4 0 
373 493 490 486 484 474 471 449 435 430 424 421 405 404 400 392 388 383 317 315 302 301 293 292 291 289 276 259 202 190 189 173 166 150 148 142 139 131 111 104 100 95 88 70 49 46 43 9 7 
301 484 479 446 444 419 401 400 399 396 392 389 380 373 363 361 356 354 352 336 335 327 297 294 285 273 250 247 235 220 210 195 190 176 169 167 139 125 122 120 104 93 90 50 32 18 11 2 0 
303 487 485 479 478 474 473 472 437 431 361 359 354 352 343 323 314 307 305 297 294 292 283 272 259 258 251 233 224 215 209 207 184 177 173 162 148 145 138 135 127 123 113 105 96 60 47 18 2 
197 477 475 471 458 455 435 433 426 405 383 365 359 334 333 330 328 325 309 307 296 280 278 275 271 269 257 254 236 201 195 182 170 159 156 150 114 106 105 96 86 80 75 72 68 58 52 32 13 
229 483 477 470 463 459 442 428 418 415 412 408 403 395 392 387 379 368 348 345 337 323 305 283 279 265 263 261 251 249 247 232 231 221 186 174 173 171 168 154 153 139 135 128 118 97 75 9 6 
150 496 495 478 477 462 455 434 425 410 378 376 373 337 331 319 315 285 277 269 260 258 256 251 250 243 239 232 225 197 173 170 145 143 134 130 121 119 114 104 88 70 60 59 43 41 37 35 30 
108 498 491 485 440 437 433 417 405 388 384 383 380 359 344 340 332 328 318 315 312 300 261 247 243 215 211 205 164 146 140 139 138 134 109 103 82 76 69 66 56 54 49 48 42 41 24 20 10 
27 490 474 461 459 452 441 435 414 412 411 405 404 401 400 394 381 380 377 349 297 293 286 283 273 256 237 224 219 208 191 145 136 135 119 90 88 84 70 67 56 54 52 51 42 34 30 13 12 
420 496 469 459 458 455 443 439 430 417 405 404 403 401 333 323 322 318 316 304 302 291 287 283 281 259 243 239 216 202 180 177 168 142 91 90 86 83 69 68 63 56 50 49 48 45 21 6 2 
155 495 490 479 478 471 470 452 443 440 415 405 397 383 378 367 356 338 331 306 304 290 281 258 235 232 186 179 178 176 173 171 165 146 143 106 101 93 91 75 68 63 54 51 50 39 28 25 13 
387 489 481 475 467 454 448 414 408 390 377 372 363 359 320 313 309 289 287 273 270 268 263 250 244 241 240 233 229 210 200 198 189 188 176 164 161 157 124 104 88 86 81 68 64 58 57 22 7 
343 484 457 447 436 434 419 416 415 406 405 398 397 395 383 362 355 354 338 329 316 314 311 309 306 303 284 279 273 271 270 266 264 246 236 218 207 194 186 176 171 160 158 116 95 84 79 65 22 
428 491 483 482 473 471 465 447 444 427 425 423 410 409 405 393 365 360 351 338 337 336 334 328 306 287 282 281 229 221 220 202 189 167 157 140 128 124 105 103 92 77 49 46 43 39 36 26 1 
262 492 486 456 446 442 408 400 394 392 390 388 372 367 366 351 335 322 319 318 313 306 294 274 264 239 236 221 217 214 206 202 194 156 146 118 94 90 89 77 60 59 49 44 31 26 23 10 3 
345 493 477 452 448 445 438 424 405 393 379 361 352 351 340 336 330 323 283 273 268 267 229 220 213 198 192 190 182 178 176 167 144 130 124 121 110 96 93 88 81 72 66 60 49 45 37 33 7 
391 498 484 483 457 454 432 416 405 390 384 380 374 360 358 352 350 338 322 320 299 289 284 271 261 256 255 250 237 224 207 191 156 144 139 126 124 117 113 104 96 65 54 45 39 22 18 13 11 
236 497 493 481 462 453 437 413 412 383 382 377 376 375 371 367 358 343 329 318 306 295 293 280 262 261 211 205 203 197 192 191 190 147 123 107 95 92 87 86 67 51 45 44 38 37 18 1 0 
156 493 472 456 424 392 391 390 383 382 358 350 349 330 312 309 302 289 276 262 238 219 210 207 197 174 163 152 146 144 141 133 130 122 119 110 103 95 92 89 87 86 75 44 40 37 28 16 10 
275 481 469 466 459 441 440 433 430 423 418 409 406 397 385 360 353 332 331 322 319 302 299 278 257 238 230 218 208 204 197 188 181 176 175 169 167 149 142 125 119 115 97 95 91 89 52 32 6 
142 462 454 445 443 434 424 420 415 411 409 405 396 394 373 369 365 340 335 331 326 324 319 311 292 280 275 254 225 221 181 173 135 130 126 109 96 93 81 77 76 71 63 51 48 42 40 35 31 
194 499 491 473 464 448 445 419 413 411 386 385 369 363 357 343 307 306 294 291 290 287 284 280 279 262 245 217 205 199 173 160 145 121 119 105 90 73 64 60 50 45 38 32 31 10 8 6 5 
220 496 461 454 440 437 431 428 406 369 352 345 330 328 319 305 301 300 297 258 257 254 250 196 191 185 168 163 160 144 141 140 129 121 119 106 101 85 83 82 79 74 39 24 23 15 14 3 1 
443 491 488 459 447 420 409 389 372 358 357 336 334 321 310 308 300 298 292 289 288 254 249 222 217 213 189 173 164 159 155 142 135 134 125 123 118 111 99 86 81 72 67 63 62 58 57 53 51 
207 497 485 473 465 464 459 453 442 431 427 422 392 391 379 351 346 343 339 326 322 310 304 303 302 268 258 254 227 209 186 185 177 160 156 141 130 124 121 118 101 84 57 39 26 17 16 15 13 
224 499 493 484 468 467 450 431 391 380 363 358 338 331 328 303 292 282 277 261 250 245 242 239 231 230 218 211 196 181 157 149 125 124 122 119 114 98 71 68 58 53 28 27 22 21 19 18 8 
290 488 477 475 472 463 453 447 440 426 410 406 374 372 371 369 342 340 333 332 329 327 300 294 285 282 273 263 245 241 194 193 184 180 179 155 144 141 115 100 98 89 88 70 64 40 38 13 0 
495 493 490 488 487 479 476 474 460 430 414 409 400 398 390 375 366 354 335 324 310 305 296 285 248 247 241 218 204 190 189 182 167 166 155 150 123 114 80 71 56 49 38 37 30 24 22 16 11 
292 486 474 468 443 441 434 409 398 396 395 390 380 377 373 355 354 346 339 331 323 314 305 303 300 270 240 232 227 224 211 187 147 142 137 136 133 119 114 112 92 85 73 64 63 60 14 6 1 
225 498 496 475 454 450 449 446 442 440 379 370 368 328 321 310 307 293 267 263 261 257 250 237 235 227 222 212 202 175 166 162 159 158 154 150 143 142 140 134 129 110 90 64 56 40 25 13 12 
226 493 487 475 470 469 454 446 438 419 415 408 403 370 366 350 331 323 322 310 298 293 288 283 279 276 248 209 201 180 177 176 175 173 166 151 137 113 109 95 82 79 77 68 54 52 49 42 30 
91 499 477 475 471 451 444 442 420 417 409 404 403 390 380 377 352 339 337 333 311 307 304 275 274 258 255 254 240 239 217 202 196 174 171 168 155 140 135 133 79 77 75 64 61 57 44 14 12 
382 497 492 491 479 477 472 457 453 450 449 445 444 440 427 424 423 422 388 371 356 332 307 306 286 246 236 219 203 201 199 183 182 179 170 166 156 152 148 97 92 74 49 36 31 24 11 8 
241 495 493 486 485 482 472 471 464 459 444 433 426 421 409 404 387 376 374 362 360 357 340 322 298 296 295 290 282 272 261 257 250 237 208 198 192 160 147 137 136 129 119 117 111 106 87 38 
63 484 477 469 463 453 443 420 413 396 395 363 344 336 310 292 287 285 268 267 251 237 233 231 201 188 187 160 158 155 147 142 138 137 135 134 128 120 105 104 96 73 66 65 62 43 32 1 
186 496 489 487 486 481 470 465 446 444 416 415 393 388 383 376 371 350 343 335 318 296 260 255 238 229 221 207 200 178 162 155 152 148 147 129 128 117 68 57 54 53 45 20 15 10 8 1 
441 475 472 461 454 451 426 424 414 400 399 397 386 359 355 344 318 315 312 306 299 295 293 292 291 275 259 252 248 243 222 218 205 198 193 190 178 144 141 121 74 68 46 31 27 25 15 5 
127 489 479 447 444 437 429 422 415 407 404 393 388 356 350 342 341 336 335 307 303 302 293 264 237 228 217 216 179 176 174 173 167 157 132 120 118 100 86 85 42 31 16 14 11 10 8 0 
109 492 491 480 455 453 447 433 429 427 409 399 392 379 369 365 344 336 333 325 318 295 286 281 280 268 238 226 188 182 148 142 108 100 99 68 61 59 56 52 50 26 24 22 19 17 10 7 
478 479 461 460 435 430 419 410 401 399 398 397 394 390 385 383 348 344 325 305 303 269 254 252 249 231 216 206 204 201 169 155 153 150 139 132 125 106 98 79 76 72 70 59 26 22 4 0 
52 475 455 454 436 431 426 424 417 408 406 402 400 393 389 380 371 361 347 327 325 321 316 313 310 304 275 268 256 234 226 218 214 212 197 189 137 136 133 115 109 97 89 88 59 32 27 20 
4 490 483 481 478 476 460 452 434 413 407 394 392 383 367 360 341 333 331 298 274 267 265 205 200 199 195 190 176 170 165 164 145 141 136 126 110 99 97 64 61 55 49 40 29 14 12 9 
317 498 486 454 436 424 415 411 408 390 385 376 373 372 352 344 341 321 299 294 282 280 279 264 230 202 198 195 180 165 160 148 146 141 117 116 98 96 81 77 76 65 58 50 41 36 14 10 
418 493 490 482 469 453 424 419 415 409 405 383 349 348 339 333 322 312 306 305 285 275 265 263 255 243 239 229 212 204 183 180 158 144 143 118 114 87 60 51 48 41 32 30 24 20 10 3 
485 483 452 449 437 423 408 403 395 393 390 369 346 340 332 329 307 303 288 287 282 281 255 252 244 241 235 213 207 205 200 178 171 162 128 118 108 98 82 74 65 60 57 41 29 19 7 6 
17 498 494 493 484 482 473 472 459 442 437 425 422 411 399 397 385 376 374 372 360 323 314 300 291 284 282 274 246 212 207 188 165 163 162 157 130 111 109 80 58 56 53 44 39 36 32 30 
9 491 488 487 482 477 475 448 447 435 434 414 398 388 374 373 368 356 347 339 320 269 264 263 251 238 229 204 195 189 188 166 154 143 118 104 92 85 80 67 66 49 44 43 33 11 4 1 
77 499 493 484 477 453 434 428 425 422 389 380 341 335 326 317 311 309 293 284 262 252 250 242 235 226 222 212 205 203 151 146 142 139 134 125 124 122 121 112 91 86 85 80 67 45 33 32 
176 496 493 486 476 433 426 414 405 388 387 377 369 360 352 349 345 343 342 335 327 324 322 314 304 301 288 275 270 261 228 226 217 208 201 192 174 155 152 127 125 122 100 60 44 41 30 4 
103 498 481 477 474 456 444 436 435 433 432 428 416 396 388 386 364 361 355 352 342 337 334 333 307 306 277 264 239 230 223 200 199 185 156 151 146 135 131 126 108 88 83 71 61 55 48 35 
297 498 487 484 481 480 472 465 464 452 449 446 442 414 401 392 386 362 352 341 331 328 320 308 303 301 293 270 264 255 235 231 220 202 199 192 189 149 119 107 98 90 88 69 57 56 27 11 
157 492 481 469 456 437 430 428 426 414 400 395 389 388 387 386 385 368 358 331 323 319 296 278 266 256 254 246 242 237 224 213 204 202 196 193 182 165 163 132 127 114 79 59 58 44 32 17 
45 492 449 435 430 420 411 403 391 368 363 345 341 321 312 310 288 285 284 277 258 254 242 236 218 194 188 186 183 180 177 163 159 153 134 126 113 110 105 86 83 77 55 49 42 13 2 0 
92 493 491 483 470 461 459 433 432 428 410 408 393 383 382 372 367 344 335 329 327 325 306 300 292 287 283 265 254 250 240 239 236 191 189 164 156 149 135 80 60 56 46 43 39 14 13 9 
406 496 494 487 483 470 413 404 393 371 369 365 364 358 352 343 337 327 320 296 290 286 275 270 268 257 251 220 205 202 201 199 188 183 172 154 143 129 113 106 96 68 67 55 52 39 37 34 
465 471 469 466 462 461 454 433 430 429 428 416 408 390 389 380 350 340 339 338 316 308 300 297 271 263 249 245 207 199 186 174 143 135 104 90 75 73 66 59 53 50 46 44 41 28 22 12 
200 497 485 473 468 455 449 442 423 415 410 397 393 387 384 353 352 341 328 324 309 305 295 286 279 268 261 259 252 249 230 186 184 180 179 162 145 133 129 126 124 123 104 103 79 14 4 3 
269 484 478 466 396 389 388 384 383 368 347 344 337 315 309 308 278 276 273 267 264 260 250 240 222 208 197 192 180 166 162 150 136 121 118 112 106 89 66 61 56 53 38 9 8 3 0 
475 496 490 468 454 450 441 429 393 387 365 340 337 324 322 319 311 294 290 281 277 274 270 268 226 225 222 197 192 191 182 152 144 126 91 89 86 81 52 47 42 41 36 33 31 10 9 
115 496 494 492 470 451 431 409 393 380 376 356 333 325 290 282 275 267 265 246 245 243 212 210 202 199 196 188 180 177 174 170 168 163 138 130 100 79 59 53 52 50 41 40 38 6 2 
116 477 452 450 431 417 390 379 365 352 349 343 342 333 332 324 317 316 280 255 252 247 239 217 215 212 199 190 187 185 184 174 170 141 140 122 118 111 86 85 81 79 57 41 34 33 31 
358 488 476 468 443 416 414 407 406 404 391 381 379 367 364 360 344 339 335 313 311 309 305 299 286 279 246 243 239 236 224 217 214 181 177 165 157 156 152 143 124 97 88 14 13 11 5 
359 493 467 458 450 448 446 441 435 421 409 397 387 379 360 353 348 339 336 330 320 309 303 277 273 272 248 223 216 197 187 177 169 154 153 135 129 119 108 68 53 35 25 21 14 11 8 
124 464 449 446 435 428 419 400 391 387 376 358 345 338 323 313 312 295 294 286 259 251 248 240 232 224 207 203 200 190 178 169 163 160 126 118 111 96 81 79 77 68 62 57 56 21 12 
238 487 486 473 471 452 408 404 376 362 360 356 354 316 313 280 275 258 248 240 235 219 201 195 186 183 179 173 166 156 148 147 138 130 122 120 118 109 104 96 83 76 67 66 42 37 9 
6 493 486 485 456 449 433 430 426 420 400 386 381 330 311 310 306 305 300 292 287 275 270 256 254 253 242 229 213 194 191 179 174 171 115 114 107 83 71 70 69 66 54 30 13 10 7 
364 488 479 473 470 449 437 426 412 410 408 406 402 390 383 378 358 353 350 335 329 311 286 271 268 264 255 246 244 208 205 185 171 169 160 126 114 106 103 79 71 65 54 35 32 31 15 
110 481 468 450 447 442 435 426 409 401 390 389 360 345 344 342 328 304 296 283 270 267 255 225 218 212 202 192 175 173 156 154 149 135 133 129 106 93 88 81 75 54 50 45 37 25 4 
173 492 487 443 435 417 388 385 375 373 357 347 332 328 324 323 320 303 302 271 250 240 238 233 230 229 226 204 194 193 166 155 150 142 140 139 127 125 110 96 69 65 43 41 33 21 20 
434 458 410 405 399 394 377 369 356 348 346 343 341 332 330 329 314 308 292 283 240 214 203 202 196 189 167 166 161 150 143 142 130 97 77 70 58 37 34 33 32 31 23 16 9 4 3 
174 498 482 465 456 448 445 438 416 396 388 379 377 375 339 328 305 295 272 248 233 229 227 215 190 176 169 168 158 156 149 144 127 121 116 115 113 93 91 89 87 84 75 67 66 44 6 
83 493 476 469 463 458 455 448 438 420 411 409 397 385 372 370 354 295 282 281 270 259 249 238 237 228 220 217 198 184 147 135 131 114 103 78 72 69 66 47 45 36 35 32 31 20 6 
346 485 481 454 438 434 425 415 407 400 398 392 388 379 361 357 351 349 341 328 325 316 314 294 292 288 267 232 207 185 161 139 119 118 117 107 98 61 49 42 41 35 28 21 11 1 0 
439 470 458 453 446 426 420 417 412 410 403 398 389 376 354 340 338 325 304 288 284 278 258 257 239 196 185 171 166 159 149 146 134 130 129 87 84 67 66 55 42 37 34 30 22 14 10 
469 494 481 476 471 466 465 447 433 432 420 418 399 398 366 347 341 304 298 275 274 257 249 247 237 233 226 215 209 188 168 157 149 139 128 117 102 90 87 85 83 72 69 63 48 23 21 
264 491 490 462 461 438 411 400 397 381 371 364 363 343 337 317 298 297 271 270 269 262 255 251 244 235 231 230 214 209 195 182 153 140 129 127 114 103 98 89 54 50 20 18 16 10 9 
232 497 487 476 462 460 449 435 410 408 398 395 389 379 352 346 332 318 311 310 304 302 294 292 281 277 254 233 229 221 216 209 182 155 150 129 124 94 93 86 80 79 61 60 58 50 31 
397 478 474 441 429 400 399 392 375 359 343 296 275 264 248 245 239 233 212 211 208 200 191 183 175 163 155 148 147 145 114 113 112 111 104 89 86 85 83 73 72 69 54 49 28 17 12 
23 498 494 469 464 461 434 403 400 394 383 371 369 344 339 337 329 319 311 288 267 262 255 248 234 220 209 202 187 175 169 164 145 137 114 111 97 95 86 75 71 58 54 53 44 39 10 
279 484 468 462 456 429 425 419 410 369 361 358 343 333 325 324 317 307 298 294 293 285 276 263 249 229 226 221 200 194 161 140 120 113 104 102 95 89 74 73 61 51 46 35 11 10 
347 496 487 486 484 474 469 463 460 446 432 429 419 417 411 404 375 331 318 288 283 269 249 244 239 234 212 205 201 184 173 162 143 138 137 135 128 126 100 81 73 65 54 52 15 9 
326 490 477 467 456 442 435 430 421 396 389 388 380 360 339 335 310 306 259 235 212 207 202 201 192 180 170 163 162 148 144 142 121 104 99 89 86 77 69 64 54 48 46 36 3 2 
426 497 477 474 456 450 441 439 431 394 385 371 370 364 360 352 342 337 333 331 311 308 290 280 242 241 240 234 227 197 195 191 176 172 157 135 130 110 100 86 80 61 52 7 6 1 
349 499 486 477 463 461 445 435 431 427 418 398 389 368 346 336 314 307 288 271 270 244 240 189 176 168 159 156 131 128 122 120 116 112 111 65 59 49 46 41 32 29 27 21 18 12 
280 482 473 455 429 427 426 425 414 394 393 377 365 361 331 317 267 246 240 238 236 213 205 197 194 192 190 189 183 177 175 166 143 142 141 139 128 123 116 109 46 29 24 19 16 2 
183 489 487 471 464 454 418 417 412 410 406 401 397 389 382 374 353 351 340 333 321 305 295 294 280 272 255 251 244 239 238 227 169 167 143 140 136 128 123 82 57 46 45 28 22 5 
256 490 487 483 435 432 427 417 414 412 407 402 391 339 334 319 287 283 266 203 199 181 180 178 167 166 157 153 150 143 132 125 118 111 101 96 85 80 73 57 52 27 21 15 8 6 
204 495 492 478 476 470 462 458 453 418 413 412 371 367 350 332 327 324 309 307 296 294 288 275 251 247 237 217 181 173 158 157 151 138 107 93 90 86 51 43 40 35 19 14 9 1 
286 479 442 436 424 408 406 403 392 382 364 363 358 353 341 327 321 307 302 268 246 239 223 205 200 198 195 193 184 171 159 140 124 109 107 88 78 64 62 59 56 55 38 30 27 22 
11 495 491 472 415 403 399 391 386 382 365 360 359 358 346 342 333 321 306 302 301 297 279 270 267 266 242 234 205 195 192 189 162 154 152 132 127 105 62 56 54 37 36 35 9 2 
140 493 484 453 445 428 400 399 395 366 362 332 314 302 294 293 286 279 271 264 260 225 223 220 202 187 183 173 172 153 141 116 108 95 91 88 84 64 60 58 44 41 34 32 20 1 
59 478 465 457 446 435 421 402 398 393 377 375 370 360 350 349 337 333 331 311 304 286 285 272 265 262 231 230 211 157 154 150 135 128 125 120 115 113 109 104 97 73 68 52 19 2 
44 499 497 486 483 479 473 465 454 453 451 444 442 355 342 321 284 281 267 266 262 261 252 236 217 210 181 176 174 171 157 156 140 126 117 111 98 91 79 73 70 34 23 19 17 9 
248 499 495 494 481 479 474 464 445 441 427 411 408 397 393 381 359 327 324 307 289 277 273 265 245 244 238 235 226 217 214 208 174 167 161 125 124 107 84 55 54 36 35 34 23 7 
47 480 475 468 452 451 440 416 414 407 399 398 394 388 381 369 351 348 324 303 273 263 246 215 213 190 178 164 139 131 122 112 99 86 83 78 67 60 58 56 53 15 13 5 2 1 
295 497 491 481 479 460 458 457 452 441 424 388 378 372 362 348 340 339 335 293 261 255 245 242 241 236 234 230 222 200 193 190 183 174 124 120 112 109 106 83 66 58 36 18 15 1 
170 470 467 445 405 388 382 356 354 336 328 326 305 294 288 267 249 227 214 206 197 181 160 150 137 133 131 123 122 121 116 115 114 105 93 89 71 69 64 39 31 29 18 15 7 4 
71 495 492 481 452 442 440 424 422 421 407 405 394 365 364 352 330 327 324 319 276 268 249 235 231 224 206 192 191 187 170 165 142 129 125 107 103 82 69 58 54 30 23 12 6 1 
273 496 492 477 468 456 452 448 437 435 423 411 387 380 378 363 359 348 345 343 340 329 328 325 301 300 290 269 248 247 195 187 148 145 132 119 98 79 65 47 27 25 22 19 18 0 
172 498 490 481 477 457 452 447 432 426 415 411 409 406 398 395 363 351 335 313 299 284 266 231 230 227 222 219 216 214 192 166 161 159 149 140 117 99 96 86 81 74 61 41 39 7 
372 494 491 480 443 410 398 392 387 344 317 304 295 290 263 262 249 247 246 239 211 179 175 166 162 153 143 104 98 92 83 73 69 67 64 60 54 50 37 35 30 17 15 7 1 
263 473 465 459 449 448 442 422 418 416 413 407 387 372 368 334 322 290 284 279 255 245 234 229 225 206 199 169 164 126 112 105 96 81 76 56 47 42 32 31 18 14 12 9 3 
87 487 479 473 469 463 458 447 446 444 439 432 418 386 356 338 298 268 241 236 231 227 216 209 202 198 179 174 169 164 159 156 149 143 134 122 121 74 68 61 49 46 31 22 10 
242 492 487 471 460 456 452 426 425 408 396 390 340 339 316 310 305 300 295 265 249 230 224 201 192 187 184 157 138 135 130 98 82 81 80 77 75 69 57 49 45 30 21 11 6 
396 486 438 432 417 384 383 370 363 340 326 318 307 306 301 299 292 287 269 259 258 242 239 233 215 214 206 203 202 193 187 181 174 171 144 143 142 133 123 103 102 78 70 63 62 
482 481 480 456 454 428 418 417 416 414 409 399 393 389 385 375 338 323 322 298 280 277 272 266 241 227 199 198 175 174 154 149 146 132 123 101 76 75 73 56 41 22 17 13 9 
483 485 473 462 451 435 433 428 409 406 402 394 391 374 367 348 333 331 305 291 256 254 251 250 229 228 210 205 184 177 141 135 134 133 120 97 96 92 89 66 44 39 26 4 0 
288 485 466 460 445 443 439 432 431 416 402 378 375 362 349 347 346 325 318 287 258 249 243 239 231 230 226 217 204 202 191 176 175 170 159 96 76 75 60 55 45 42 39 23 8 
24 495 486 477 472 471 454 440 424 418 400 398 382 377 356 355 341 334 311 310 306 304 280 267 257 249 246 227 220 212 180 169 168 134 123 109 108 73 60 41 40 37 26 25 20 
341 476 469 457 450 445 434 433 414 408 402 393 375 360 356 346 332 323 317 307 297 289 287 286 261 255 200 198 177 169 167 163 136 128 127 122 101 84 77 76 45 33 24 5 4 
464 479 470 468 463 455 451 450 442 404 400 392 389 374 365 363 338 331 329 321 308 305 297 257 248 241 212 210 208 207 194 183 135 124 107 96 89 82 54 49 42 32 23 20 13 
94 488 481 470 430 414 412 409 379 354 325 323 285 276 272 262 261 255 247 232 230 227 219 212 210 205 191 184 169 146 141 138 122 121 117 112 95 89 88 81 61 58 36 25 13 
102 498 497 480 476 469 455 451 412 408 402 398 396 393 379 368 344 340 332 331 328 284 279 272 219 202 198 191 188 185 159 158 154 139 137 126 121 117 113 107 100 62 21 7 0 
422 488 477 468 463 461 444 427 417 405 400 389 382 381 368 366 363 325 271 263 258 249 228 213 209 207 203 196 187 164 162 152 146 145 127 106 100 84 77 75 71 53 51 34 17 
19 499 490 485 474 451 429 421 413 394 374 360 357 340 331 327 322 313 308 280 273 252 247 246 240 230 224 221 204 203 182 181 137 135 109 59 56 46 44 37 30 29 12 8 1 
276 487 470 468 458 452 445 431 414 410 373 367 331 322 315 289 284 283 279 269 268 267 254 245 226 214 211 190 164 162 161 156 151 131 101 97 94 90 78 71 62 56 36 14 7 
314 497 487 486 480 462 453 444 437 434 431 414 408 384 375 360 349 346 343 329 315 311 306 304 303 292 267 265 245 216 198 189 176 166 154 140 135 119 105 78 70 66 51 17 12 
161 476 454 440 434 403 389 387 354 353 352 350 346 335 331 325 319 308 302 294 279 276 255 254 248 243 217 211 209 206 189 172 171 97 89 86 81 70 67 56 51 26 15 10 5 
260 474 470 454 450 446 440 427 415 410 393 392 390 357 350 329 299 293 282 269 253 251 249 235 231 221 206 199 195 186 182 150 140 136 130 126 111 107 89 73 69 41 31 28 21 
82 499 493 485 479 472 464 460 449 440 429 424 413 410 408 401 385 370 352 298 244 242 233 228 226 220 216 189 183 177 162 151 112 108 107 106 99 84 71 66 62 55 46 29 13 
114 495 484 444 431 427 418 407 397 386 375 371 364 356 354 353 339 316 311 307 306 293 292 291 289 278 264 224 217 214 212 197 185 181 170 157 150 126 105 83 55 51 31 23 6 
284 494 493 456 447 439 435 430 421 419 411 391 380 376 368 343 338 323 310 282 281 276 263 246 239 231 221 194 190 180 172 149 128 107 102 77 64 46 45 44 38 30 17 2 
48 494 488 474 469 467 447 445 437 420 418 416 414 413 405 399 381 380 370 327 326 306 305 278 266 259 255 253 246 218 210 198 185 142 119 108 103 90 80 69 68 58 54 21 
299 453 447 441 408 403 401 396 395 391 385 379 374 358 350 348 342 339 336 328 317 275 268 260 246 243 234 227 219 218 205 203 187 172 166 141 120 93 88 78 70 51 43 21 
334 487 479 477 473 457 443 438 428 414 411 390 383 381 379 375 361 285 278 263 256 214 198 197 192 190 187 177 149 135 123 117 112 105 103 75 67 66 65 46 42 29 24 13 
106 491 478 440 437 422 416 414 410 408 406 401 399 385 380 371 365 364 311 306 295 282 281 269 251 243 241 231 220 197 195 187 175 158 155 110 86 82 74 61 55 51 21 2 
145 499 488 448 445 422 419 409 397 369 356 342 329 319 318 308 303 289 287 285 273 270 254 249 218 212 201 200 194 192 177 150 143 133 98 96 95 72 66 31 27 23 10 4 
457 499 493 481 451 447 424 414 408 391 389 383 382 370 355 354 343 341 334 321 312 295 291 289 285 259 254 249 239 234 203 192 178 172 160 154 126 119 100 97 80 61 59 18 
271 498 496 481 476 468 465 446 422 412 409 394 393 392 391 377 365 364 363 357 356 355 349 343 277 270 264 212 202 201 197 182 173 152 140 130 111 100 95 68 46 32 28 7 
185 493 486 481 461 460 458 455 446 439 436 417 415 412 405 392 385 364 351 350 346 305 293 257 252 235 220 207 202 201 180 118 116 114 111 103 102 86 81 54 48 36 22 15 
25 497 481 477 448 441 430 419 384 380 370 368 366 363 361 359 327 310 293 287 285 283 273 265 252 225 216 215 203 190 178 164 155 147 110 94 89 62 61 33 24 12 8 2 
461 480 478 473 465 449 445 441 422 405 403 384 371 361 354 353 349 342 322 274 268 264 220 219 218 215 211 210 208 203 185 171 126 112 111 96 92 85 79 35 33 27 23 1 
356 497 494 493 481 435 434 433 410 399 385 382 351 341 331 329 318 305 301 285 271 238 230 223 212 201 170 169 165 164 155 145 139 127 123 115 114 100 96 87 79 24 16 9 
357 489 479 476 458 449 443 432 423 411 408 389 363 352 346 340 337 336 321 320 294 271 260 259 252 245 241 237 228 227 222 206 194 188 173 169 160 73 55 50 38 19 18 2 
138 493 472 467 419 416 404 386 378 377 371 368 347 336 331 319 304 303 298 296 242 238 237 234 231 219 215 213 206 204 202 196 191 182 151 115 108 94 63 62 38 31 7 2 
442 493 492 464 449 447 446 433 409 408 399 385 381 380 379 370 326 297 286 266 263 262 229 225 215 207 202 201 200 193 190 160 149 141 139 112 110 91 71 53 44 38 17 3 
117 469 427 391 374 370 362 354 346 336 334 328 317 316 315 313 287 267 255 241 239 228 209 208 205 186 172 160 151 149 148 135 134 121 119 102 95 94 88 74 57 44 32 16 
444 435 428 422 419 407 382 375 362 354 335 320 316 314 310 302 301 247 246 245 241 235 193 186 175 154 128 127 114 103 96 91 87 84 78 69 68 51 44 41 40 22 21 20 
130 480 468 462 451 439 434 426 419 412 405 374 345 340 337 331 318 312 278 271 260 242 240 239 238 233 213 207 162 156 150 142 115 112 96 81 76 66 65 34 31 17 15 0 
78 492 488 487 486 472 459 448 444 425 417 403 396 353 339 314 308 306 299 286 276 218 216 177 175 169 164 154 153 134 118 111 99 89 88 83 68 62 51 47 39 36 10 8 
362 474 444 431 429 415 402 399 392 389 375 348 343 340 338 335 330 328 325 312 297 295 288 285 274 241 238 209 192 164 152 148 141 140 122 117 113 80 79 69 60 54 29 2 
266 490 487 482 480 476 463 459 454 442 440 432 415 400 381 348 343 337 321 318 291 261 256 203 196 172 167 159 157 154 152 143 141 121 99 79 66 62 48 44 38 21 12 11 
315 499 491 486 441 435 433 413 412 401 388 386 384 380 374 373 355 354 338 328 327 314 291 289 285 276 269 209 196 169 153 150 144 141 123 121 117 108 107 72 69 53 50 20 
462 499 488 483 467 465 447 416 389 381 355 332 330 328 314 306 279 270 264 240 236 232 228 210 204 192 166 163 160 159 150 142 141 130 128 100 88 84 73 72 62 41 38 
332 485 471 462 434 399 392 389 382 380 341 327 300 290 282 275 254 250 249 232 222 221 219 216 204 181 173 169 160 154 140 139 116 108 102 89 85 68 50 46 37 12 3 
353 497 490 488 467 463 461 454 419 398 370 364 359 333 331 329 327 321 311 294 286 275 259 210 200 196 188 183 167 161 133 114 101 100 97 80 78 70 46 35 22 21 16 
251 497 490 483 466 452 448 440 427 423 421 406 401 350 335 305 303 294 264 260 252 243 240 229 217 204 183 164 152 150 148 128 124 119 106 101 80 67 63 41 36 10 9 
367 497 493 483 447 445 437 421 412 403 401 392 363 358 339 330 323 319 313 307 291 281 276 262 250 236 214 208 204 181 179 164 155 136 113 92 81 79 57 51 10 5 4 
105 490 477 456 446 433 430 428 411 405 389 381 350 335 334 329 318 314 303 294 263 255 243 213 197 194 178 175 170 169 158 126 121 114 80 65 63 46 45 35 29 22 11 
98 485 478 477 472 471 470 460 410 409 372 365 361 352 348 346 333 323 317 305 298 297 296 290 273 264 246 242 224 205 202 198 188 145 136 120 113 84 81 74 67 44 26 
384 494 486 472 461 435 423 396 395 391 389 377 375 374 363 360 350 340 329 324 315 314 269 259 257 215 212 200 181 175 165 162 160 146 108 81 69 50 41 39 25 14 1 
277 496 482 475 453 431 425 413 371 365 359 338 328 325 323 305 291 285 282 271 255 248 232 230 227 224 219 214 171 164 154 150 149 146 143 139 103 101 89 45 42 36 2 
401 484 478 459 437 436 424 420 400 399 398 389 371 367 329 315 305 301 299 297 254 251 245 216 214 201 193 183 178 151 146 141 110 106 86 84 82 75 64 50 27 12 5 
386 479 470 445 441 419 413 408 399 392 380 376 374 366 348 333 325 315 304 297 223 215 211 194 190 166 157 138 136 123 121 120 114 103 96 95 93 87 86 69 43 11 6 
90 480 479 469 465 460 453 446 432 420 417 412 407 371 368 337 320 319 301 297 276 268 262 249 225 223 208 204 195 194 169 163 148 134 126 97 96 73 72 70 48 36 27 
309 499 498 496 494 429 427 414 387 359 358 344 343 336 306 285 274 269 255 227 216 214 204 200 197 195 179 177 156 152 147 131 120 107 99 93 80 77 61 43 34 20 3 
137 489 471 448 435 433 403 379 374 363 351 347 330 298 294 292 274 243 241 226 199 198 195 170 167 152 122 111 102 79 72 69 63 62 55 52 51 49 43 32 29 23 19 
270 493 481 475 462 440 436 424 406 399 393 387 385 379 366 361 360 352 349 343 330 297 292 271 264 231 227 219 203 190 188 176 163 146 145 144 110 84 83 53 21 11 6 
34 497 476 439 434 422 412 406 383 354 329 325 321 319 309 248 246 243 234 233 228 217 210 195 180 169 160 148 140 134 130 116 113 85 84 49 46 44 40 27 21 12 10 
376 496 484 454 439 408 386 375 333 317 294 284 281 253 241 240 238 236 223 218 216 199 193 186 150 141 124 115 89 70 67 60 54 40 39 35 33 22 21 18 17 13 1 
18 457 452 438 391 376 375 363 361 360 357 349 348 319 313 304 303 301 295 273 264 263 253 247 236 230 228 227 224 221 215 213 170 160 149 123 120 86 79 67 57 40 
211 461 448 436 421 397 386 372 370 369 366 365 360 350 336 327 324 305 298 292 287 283 278 276 246 236 230 224 198 177 168 162 161 160 146 144 118 108 72 59 21 8 
5 497 496 490 481 472 470 468 459 458 456 451 441 424 404 401 390 367 363 360 358 344 341 298 294 281 234 227 195 194 183 161 153 144 141 112 101 50 47 46 15 1 
28 494 465 463 454 433 403 397 392 383 380 360 355 352 346 338 281 271 260 252 224 222 216 196 189 183 182 175 171 164 160 156 155 121 119 112 107 70 53 32 31 22 
151 499 496 492 488 487 470 455 430 427 419 413 404 401 389 385 348 321 312 283 282 276 254 245 239 226 208 205 204 202 138 134 119 117 103 82 80 77 40 31 15 12 
131 491 490 449 447 417 373 369 349 344 342 335 318 309 287 282 276 247 228 203 198 182 175 170 162 160 152 136 134 113 103 95 86 83 73 67 56 47 43 41 37 15 
491 479 463 443 433 428 427 425 419 415 399 382 374 372 370 363 321 315 295 268 264 218 206 199 194 187 181 144 134 131 109 108 106 101 93 92 69 53 38 13 11 9 
308 493 489 477 465 464 443 434 432 426 414 374 368 342 304 297 294 291 287 285 269 247 246 245 230 219 182 161 154 148 145 139 133 121 104 88 78 61 40 32 19 7 
125 493 478 471 458 456 443 433 429 405 393 374 365 363 333 301 293 275 256 248 231 228 224 223 206 196 193 187 178 176 173 144 122 99 80 77 71 65 64 59 33 2 
310 495 472 468 459 454 453 444 443 425 413 400 378 355 330 326 302 284 282 242 239 232 226 225 219 208 207 202 201 193 163 154 147 122 63 52 45 31 26 25 24 6 
163 462 453 447 419 402 397 388 365 361 352 341 337 326 310 293 270 252 250 237 220 214 208 202 199 198 193 157 156 154 141 133 124 115 104 96 90 64 60 45 17 14 
240 497 462 454 434 432 426 417 387 378 376 349 325 322 307 293 292 280 269 265 251 238 230 213 212 199 180 177 173 153 146 130 124 113 107 92 91 85 80 69 39 19 
40 497 448 446 444 440 423 404 376 374 371 360 355 354 338 333 325 312 308 290 274 253 245 237 225 204 156 153 151 142 115 113 112 89 84 76 62 34 24 18 8 4 
421 488 487 481 476 413 394 385 378 373 371 370 367 359 326 323 305 284 278 251 241 222 219 217 211 210 179 175 169 154 118 111 95 88 81 80 75 74 71 68 59 19 
300 481 465 459 451 447 443 440 436 435 427 424 419 408 404 388 360 332 292 290 273 257 243 242 228 220 192 181 160 135 120 108 92 69 62 57 41 38 36 35 17 6 
129 476 450 440 439 424 423 406 378 377 365 359 355 333 311 264 247 241 235 232 225 220 200 186 164 146 135 113 112 110 107 95 93 75 72 71 68 60 58 50 30 
33 492 489 475 472 467 461 458 448 434 431 407 403 376 345 341 340 338 335 329 324 320 268 249 243 239 233 219 210 188 173 148 125 116 100 77 70 57 26 25 9 
65 489 485 459 452 413 399 391 371 370 364 355 351 349 347 343 334 328 317 316 312 273 255 244 205 180 178 175 173 158 139 130 125 105 97 79 63 62 50 41 36 
196 497 494 439 434 424 422 409 368 360 353 333 315 307 294 289 268 266 259 254 249 228 227 224 220 205 201 177 164 159 157 154 147 138 132 125 115 91 66 57 28 
244 485 449 436 430 410 400 394 387 383 378 364 349 347 342 331 320 304 289 264 259 255 253 248 228 221 212 189 183 178 153 147 101 100 99 82 80 75 72 65 58 
177 483 481 472 454 451 420 419 393 359 358 341 334 311 309 306 303 302 294 293 282 281 280 240 226 211 210 207 196 166 145 115 99 89 82 78 73 45 43 42 22 
272 493 482 479 459 456 454 451 445 430 408 403 365 359 355 329 322 319 303 282 243 241 222 217 210 189 187 183 175 174 160 148 113 102 94 93 85 79 59 29 26 
76 493 482 479 478 470 458 429 414 413 404 392 389 385 368 341 339 317 289 288 263 238 234 217 210 179 178 171 146 142 141 136 130 121 108 99 95 42 40 38 16 
112 489 484 472 461 442 440 404 398 397 380 350 349 348 334 320 295 292 269 267 263 258 254 180 154 133 130 129 121 94 88 82 77 74 62 60 47 46 40 28 5 
265 492 470 450 448 418 417 409 408 403 402 369 335 316 314 312 291 248 242 240 239 229 208 167 159 139 133 115 104 101 93 92 67 66 59 55 37 25 22 10 4 
153 486 478 474 455 451 414 404 392 372 368 359 350 336 330 328 327 323 315 311 267 264 256 252 244 240 229 209 203 191 140 113 88 80 78 45 40 38 37 5 
158 487 473 460 455 419 418 416 414 394 369 360 354 343 313 287 281 268 259 246 234 225 222 204 195 175 174 171 165 135 106 105 102 72 65 63 55 36 26 14 
489 493 477 463 446 445 413 404 387 357 352 351 350 342 308 259 252 237 228 210 205 190 186 184 183 179 166 148 137 127 118 112 96 74 65 51 33 20 15 12 
180 468 452 420 418 400 388 385 360 342 337 336 326 319 317 305 290 284 269 256 252 249 240 226 205 200 185 122 115 112 101 97 65 51 45 34 24 21 16 2 
84 486 473 462 444 439 424 422 401 383 380 378 361 343 341 329 319 296 274 270 248 234 207 206 203 202 192 187 174 154 140 126 98 82 58 40 34 27 15 8 
466 499 490 476 469 465 437 429 424 415 392 377 375 350 348 338 320 312 288 275 269 251 250 243 239 228 223 210 206 190 181 179 167 162 148 126 107 89 70 10 
278 480 474 472 467 458 454 453 452 440 439 437 433 430 421 405 399 388 365 334 313 311 275 269 257 245 211 197 187 167 165 157 144 136 130 126 114 67 55 48 
99 468 460 445 443 432 392 380 363 351 339 326 325 324 318 309 266 247 244 230 179 178 177 172 167 125 109 82 78 76 74 73 72 68 54 47 31 22 15 4 
235 485 474 459 458 445 444 413 402 400 375 326 305 301 297 282 264 260 257 248 247 238 231 225 198 185 166 165 159 155 129 107 101 96 93 77 71 54 30 26 
423 499 485 472 454 451 445 428 415 394 392 384 382 381 379 377 375 368 357 344 342 340 318 287 275 273 251 239 223 203 200 129 73 57 46 40 38 36 21 3 
143 465 452 448 434 418 406 404 396 381 372 370 358 347 336 335 293 280 277 266 257 256 228 225 215 213 183 167 155 152 150 145 141 120 95 93 87 56 49 9 
383 498 492 478 472 457 418 403 396 394 373 364 350 343 334 294 269 253 244 236 197 186 171 160 156 155 141 126 108 104 95 92 89 84 68 34 28 23 8 4 
291 490 483 476 457 448 441 440 437 424 420 410 409 390 373 367 352 328 325 315 308 277 266 265 231 215 202 195 194 190 114 107 100 95 72 38 32 17 3 0 
253 490 488 480 479 472 468 455 454 451 433 390 383 377 376 361 337 333 260 244 237 216 215 203 181 166 126 123 93 69 62 61 48 40 18 12 6 3 2 
455 497 490 484 470 464 450 446 430 420 344 338 331 282 280 274 253 233 227 200 197 188 185 184 158 153 151 150 120 113 109 102 83 57 52 37 20 16 10 
283 486 470 456 440 434 420 417 398 381 347 345 304 303 276 256 255 237 229 227 226 215 211 210 209 171 154 151 123 111 110 92 74 70 51 36 27 25 0 
274 475 469 461 455 445 432 417 409 395 366 362 354 352 336 323 320 309 262 261 259 239 234 216 212 189 165 147 137 118 91 84 62 50 40 20 17 15 4 
209 488 477 474 469 422 377 362 354 348 329 323 315 312 307 303 283 264 252 245 243 232 226 207 205 198 178 161 153 133 120 117 89 87 67 64 23 22 15 
35 496 493 461 433 415 376 372 368 364 359 353 351 346 329 318 313 300 298 282 279 248 234 204 198 187 182 150 142 128 105 103 86 83 57 53 11 1 
168 472 469 459 440 438 431 420 394 349 330 327 320 250 243 229 220 211 205 203 199 174 165 136 134 115 101 91 81 72 64 61 53 39 26 24 20 1 
223 488 466 451 445 433 424 423 416 412 386 377 376 369 359 356 335 323 320 307 286 219 215 152 147 140 125 118 103 93 90 80 58 38 31 26 20 1 
467 493 462 453 450 445 415 407 387 380 368 359 353 329 326 319 304 278 224 222 201 189 184 170 166 162 144 138 119 101 80 69 56 48 39 33 30 16 
213 485 448 443 429 427 422 405 360 354 345 327 318 280 240 215 198 190 187 181 157 146 143 138 135 130 105 86 57 50 47 39 26 18 16 12 6 0 
366 495 471 470 469 454 440 422 416 393 386 368 360 336 321 307 293 274 270 262 261 230 226 211 187 175 140 122 111 101 89 88 56 53 49 37 32 25 
221 480 452 447 446 436 428 424 411 370 361 332 285 284 279 262 260 254 244 232 229 227 222 186 184 171 167 142 133 107 72 62 61 55 19 18 16 
436 488 477 463 433 415 404 401 385 344 343 323 318 317 300 289 286 270 261 244 221 211 205 185 144 141 139 103 73 69 66 58 52 26 22 3 
132 482 478 452 432 419 414 339 333 331 319 311 287 273 256 247 198 196 192 182 179 165 160 157 154 136 127 119 104 97 80 70 51 38 11 0 
14 439 438 433 432 429 415 394 384 379 375 359 358 355 340 327 317 292 276 267 263 249 220 204 200 182 178 163 158 136 127 92 91 73 13 4 
302 472 445 444 435 420 415 390 373 344 330 313 310 306 286 275 247 232 214 210 207 202 201 177 173 169 161 156 154 140 127 67 46 26 13 11 
407 467 444 440 389 358 355 351 346 285 263 256 254 245 239 234 205 191 144 133 127 126 121 114 90 80 74 71 53 47 36 33 26 16 4 

