0 489 478 447 425 418 412 351 307 292 275 272 220 203 190 156 150 148 75 27 
1 499 476 473 452 451 443 413 374 370 306 297 226 197 161 135 95 90 88 23 
2 494 459 441 434 381 375 356 294 270 205 174 162 30 
3 490 487 482 462 438 422 378 346 327 311 281 256 251 212 188 167 146 125 116 87 54 39 
4 460 430 411 385 376 340 323 313 295 288 280 262 259 198 176 137 130 126 81 61 60 53 40 36 
5 472 440 424 400 303 237 207 153 67 48 29 
6 486 449 405 296 274 225 192 111 91 55 35 
7 497 486 465 449 405 402 391 337 286 274 132 111 79 
8 418 401 366 351 307 294 275 272 234 203 190 165 148 75 65 52 11 
9 398 348 300 269 241 240 158 89 45 22 
10 496 494 467 447 357 347 293 220 205 174 171 156 150 58 27 17 
11 401 351 330 275 234 211 165 159 134 78 65 52 8 
12 472 459 434 304 303 215 206 80 
13 485 458 457 432 426 421 410 397 380 328 224 217 210 115 114 77 15 
14 460 431 420 406 377 353 301 259 198 130 
15 471 458 457 432 426 421 410 397 380 335 328 318 242 210 115 110 77 13 
16 471 458 428 335 315 263 249 247 246 245 216 136 115 94 84 76 63 42 
17 488 389 381 260 253 205 194 174 140 124 34 10 
18 335 315 263 249 216 144 92 76 42 
19 466 373 344 244 228 223 145 117 62 
20 495 372 364 317 308 277 271 239 201 186 133 103 70 66 
21 461 456 399 387 384 332 273 265 223 172 129 128 73 
22 398 300 269 240 158 89 45 9 
23 499 476 473 452 443 403 374 370 352 306 302 226 197 161 135 90 88 33 1 
24 456 448 386 348 265 240 191 181 173 172 138 100 89 59 45 43 
25 367 338 319 178 97 96 
26 450 436 427 392 389 381 375 356 350 336 299 264 233 227 209 194 162 140 124 47 
27 494 467 447 418 417 412 366 347 307 293 272 222 220 203 190 171 156 150 148 75 58 10 0 
28 484 478 475 390 354 344 334 298 291 261 236 
29 472 424 408 400 321 215 207 206 153 112 85 67 48 5 
30 494 459 441 440 434 401 366 303 294 270 234 2 
31 470 453 427 379 369 350 341 326 312 299 289 214 106 
32 442 441 434 392 382 375 356 336 319 304 270 233 209 162 107 
33 476 473 469 452 374 370 314 287 135 118 95 90 83 23 
34 488 479 477 433 395 389 349 282 260 253 194 157 151 72 38 17 
35 486 405 296 225 192 111 55 6 
36 483 460 454 435 430 376 313 295 288 280 176 137 130 126 61 60 53 4 
37 498 491 413 390 388 354 334 306 298 291 236 231 226 184 161 88 
38 488 479 433 395 349 282 260 253 157 151 72 34 
39 487 482 462 451 429 422 413 378 346 297 256 251 212 167 161 146 125 86 3 
40 430 428 411 385 340 323 320 313 295 280 262 259 182 176 169 143 127 81 53 4 
41 496 467 447 445 417 357 347 229 222 171 156 150 
42 471 458 432 335 315 263 249 246 216 144 115 94 84 76 63 18 16 
43 461 456 365 317 265 191 172 138 103 100 59 24 
44 404 371 355 330 324 237 211 193 168 123 113 
45 398 384 348 300 269 265 241 240 172 138 89 59 24 22 9 
46 446 362 345 333 263 255 189 169 143 92 84 76 
47 470 450 436 427 392 389 375 350 336 326 312 299 264 233 227 209 194 177 162 140 124 26 
48 472 424 408 400 355 321 207 206 153 113 112 85 67 29 5 
49 491 403 396 368 359 352 325 302 290 284 266 218 180 56 
50 455 437 423 409 377 257 232 185 147 129 73 
51 371 324 285 276 213 122 99 57 
52 418 401 366 351 307 275 272 203 190 165 148 134 78 75 65 11 8 
53 460 430 420 411 376 353 340 323 313 295 288 280 262 259 198 169 143 130 81 61 60 40 36 4 
54 482 481 465 462 438 429 402 391 378 311 281 256 252 238 188 139 79 3 
55 486 449 405 296 274 225 192 111 91 35 6 
56 468 403 352 339 331 314 302 290 267 135 90 74 49 
57 480 404 371 360 324 285 276 213 122 99 51 
58 494 467 447 412 366 347 307 293 220 174 171 156 150 148 27 10 
59 461 456 399 365 348 332 265 241 240 191 181 172 138 100 89 45 43 24 
60 460 430 376 340 323 313 295 288 280 262 259 198 176 137 130 126 81 61 53 36 4 
61 483 460 454 435 430 376 313 295 288 280 259 176 137 130 126 60 53 36 4 
62 484 368 344 266 244 223 164 145 128 19 
63 471 458 432 335 315 263 249 246 245 216 136 115 94 84 42 16 
64 439 394 383 372 364 305 277 271 202 160 66 
65 418 401 366 351 307 294 275 272 234 190 165 148 52 11 8 
66 495 439 372 364 305 277 271 201 186 133 70 64 20 
67 472 440 424 408 400 237 207 153 48 29 5 
68 477 463 444 407 322 258 230 221 208 200 187 155 152 142 141 109 104 101 82 
69 419 393 358 329 279 278 204 175 121 120 
70 365 364 317 278 277 201 186 103 66 20 
71 453 322 316 243 214 196 183 166 163 104 101 
72 433 395 357 349 253 38 34 
73 495 461 308 257 239 147 129 50 21 
74 468 414 403 339 331 290 267 218 158 56 
75 489 425 418 412 351 343 307 292 275 272 250 220 203 190 52 27 8 0 
76 428 345 333 315 263 255 249 216 169 143 92 84 46 42 18 16 
77 471 457 432 426 421 410 397 380 328 242 224 210 115 110 15 13 
78 480 404 371 361 360 351 330 275 213 165 159 134 108 52 11 
79 481 465 402 391 378 311 238 195 98 54 7 
80 382 367 319 304 215 206 178 97 96 12 
81 430 420 411 353 340 333 323 313 280 262 259 198 169 143 130 60 53 40 4 
82 477 463 444 407 322 312 243 230 221 208 200 187 177 155 142 109 104 101 68 
83 469 452 415 374 370 287 118 95 33 
84 428 411 333 315 263 247 246 169 143 94 76 63 46 42 16 
85 408 400 355 321 193 153 123 113 112 48 29 
86 499 487 482 462 451 443 429 413 306 297 256 251 184 167 161 146 125 88 39 
87 490 482 438 422 378 346 327 311 281 276 256 251 212 188 116 3 
88 499 476 473 452 451 443 413 374 352 306 297 226 197 161 135 90 86 37 23 1 
89 456 398 386 348 269 265 241 240 172 138 100 59 45 24 22 9 
90 499 476 473 468 452 403 374 370 352 331 314 302 267 197 135 88 56 33 23 1 
91 486 449 405 337 296 274 225 132 111 55 6 
92 446 362 345 263 255 189 76 46 18 
93 485 458 380 245 224 219 217 196 183 179 166 136 114 102 
94 471 458 432 428 335 315 249 247 246 245 235 216 179 136 115 84 63 42 16 
95 499 497 476 473 452 451 443 415 374 370 297 286 118 83 33 1 
96 367 338 319 304 178 97 80 25 
97 367 338 319 304 215 178 96 80 25 
98 481 391 238 195 79 
99 480 404 371 360 324 285 276 213 134 122 108 57 51 
100 456 448 386 365 348 265 240 191 181 175 172 138 89 59 43 24 
101 453 444 322 316 312 243 208 200 187 163 155 142 109 104 82 71 68 
102 485 316 219 217 196 183 166 114 104 93 
103 495 461 365 364 317 308 239 201 191 133 70 43 20 
104 463 453 322 316 243 200 196 187 183 163 155 142 109 102 101 82 71 68 
105 492 439 431 394 160 149 119 
106 470 453 436 427 379 369 350 326 312 243 214 187 163 142 31 
107 450 442 392 382 379 375 356 341 336 319 299 289 264 233 227 209 32 
108 490 480 361 360 351 268 165 134 116 99 78 
109 463 407 322 316 258 243 230 200 196 179 155 104 101 82 68 
110 471 457 432 426 421 397 328 318 242 210 77 15 
111 486 449 405 391 296 274 225 192 132 91 55 35 7 6 
112 408 400 321 207 153 113 85 48 29 
113 400 355 321 237 193 153 123 112 85 48 44 
114 485 458 457 426 421 410 397 380 245 224 219 217 115 102 93 13 
115 471 458 457 432 426 421 410 397 380 335 328 318 315 249 242 216 210 114 94 77 63 42 16 15 13 
116 490 438 422 363 361 360 346 327 281 268 251 212 108 87 3 
117 483 466 455 454 435 373 228 185 145 126 19 
118 473 452 415 374 370 337 95 83 33 
119 492 431 394 160 154 105 
120 419 358 329 279 121 69 
121 419 358 329 279 120 69 
122 480 404 371 360 324 285 276 213 99 57 51 
123 400 355 330 237 211 193 168 153 113 85 44 
124 450 436 392 389 381 375 350 299 264 260 233 227 205 194 177 162 140 47 26 17 
125 487 482 462 451 429 422 413 378 346 297 256 251 212 167 146 86 39 3 
126 483 460 455 454 435 376 295 288 280 185 137 130 117 61 60 36 4 
127 479 430 395 385 349 342 313 295 282 280 182 176 157 152 151 141 137 40 
128 399 396 387 384 332 273 266 244 223 180 164 62 21 
129 461 308 273 257 239 147 73 50 21 
130 460 455 430 420 406 376 353 301 288 280 259 198 126 81 61 60 53 36 14 4 
131 438 311 309 281 276 252 188 139 
132 497 486 449 415 405 337 286 274 111 91 7 
133 495 423 383 372 364 317 308 283 271 257 239 202 103 66 20 
134 480 404 371 361 360 330 213 165 159 108 99 78 52 11 
135 499 476 473 468 403 374 370 352 331 314 302 290 267 197 90 88 56 33 23 1 
136 458 380 247 246 245 235 219 217 179 94 93 63 16 
137 483 454 435 430 376 295 288 280 182 176 127 126 61 60 36 4 
138 461 456 365 348 265 241 240 191 181 172 100 89 59 45 43 24 
139 481 438 378 311 309 281 276 252 238 195 188 131 54 
140 450 436 392 389 381 375 350 264 260 233 227 205 194 177 162 124 47 26 17 
141 479 477 407 395 385 342 320 282 230 221 182 176 157 152 151 127 68 
142 477 470 453 444 436 326 322 312 243 230 221 208 200 187 177 155 106 104 101 82 68 
143 430 428 420 411 340 333 323 320 313 262 259 198 169 84 81 76 53 46 40 
144 471 335 318 315 263 249 216 42 18 
145 466 373 344 244 228 185 117 62 19 
146 487 482 465 462 451 429 413 378 297 256 251 167 161 125 86 39 3 
147 409 273 257 232 223 129 73 50 
148 494 418 412 401 366 307 294 293 275 272 234 220 203 190 156 65 58 52 27 8 0 
149 439 437 423 406 394 383 377 372 301 283 232 202 105 
150 496 467 447 417 412 357 347 293 222 220 171 156 58 41 27 10 0 
151 488 479 477 395 349 342 282 260 253 230 221 182 157 152 141 127 38 34 
152 479 477 463 407 385 342 320 282 258 230 221 200 182 151 141 127 68 
153 472 424 408 400 355 321 237 207 193 123 113 112 85 67 48 29 5 
154 446 431 362 345 255 189 119 
155 477 463 444 407 322 316 312 258 243 230 221 208 200 187 177 142 109 104 101 82 68 
156 496 467 447 418 417 412 357 347 307 293 222 220 171 150 148 58 41 27 10 0 
157 488 479 477 395 389 349 342 282 260 253 221 177 151 141 127 38 34 
158 414 300 269 74 22 9 
159 404 401 371 330 237 211 165 134 78 11 
160 492 439 394 305 271 202 119 105 64 
161 499 498 476 473 451 443 413 354 306 297 231 226 197 184 167 146 88 86 39 37 23 1 
162 450 441 392 381 375 356 336 270 264 233 227 209 205 194 140 124 47 32 26 2 
163 453 326 322 316 312 243 214 187 106 104 101 71 
164 396 387 368 359 284 273 266 244 223 180 128 62 
165 480 404 371 361 360 351 330 275 159 134 108 78 65 52 11 8 
166 485 316 219 217 196 183 102 93 71 
167 487 482 465 462 451 429 413 378 306 297 256 251 161 146 125 86 39 3 
168 404 371 355 324 237 213 211 193 123 44 
169 430 428 420 411 340 333 323 320 313 262 259 198 143 84 81 76 53 46 40 
170 469 468 414 339 331 314 287 267 
171 496 467 447 417 412 357 347 293 222 220 156 150 58 41 27 10 
172 461 456 399 398 384 348 332 265 241 240 191 138 100 89 59 45 43 24 21 
173 448 386 204 181 175 24 
174 494 441 381 270 205 58 17 10 2 
175 448 419 393 204 191 181 173 100 69 
176 479 430 395 385 342 323 313 295 280 182 141 137 127 61 60 40 36 4 
177 488 477 470 444 436 389 326 312 260 221 208 200 194 187 157 155 142 140 124 82 47 
178 464 367 338 319 97 96 80 25 
179 463 258 247 246 245 235 219 217 196 136 109 94 93 
180 399 398 396 387 384 359 332 325 290 284 273 266 241 218 164 128 49 
181 448 393 386 348 240 204 191 175 173 138 100 59 24 
182 479 430 395 385 342 340 323 320 313 295 282 280 176 152 151 141 137 127 40 
183 485 322 316 219 217 196 166 104 102 93 71 
184 498 416 413 388 354 334 306 298 236 231 226 161 86 37 
185 483 466 455 454 437 435 409 376 373 288 232 228 145 126 117 50 
186 364 305 278 277 201 70 66 20 
187 470 453 444 326 322 316 312 243 208 200 177 163 155 142 106 104 101 82 68 
188 481 438 378 311 309 281 276 256 252 212 139 131 87 54 3 
189 446 431 362 345 255 154 92 46 
190 418 412 366 351 307 275 272 220 203 148 75 65 52 27 8 0 
191 461 456 448 393 365 348 317 265 181 175 172 138 103 100 59 43 24 
192 486 405 296 274 225 111 55 35 6 
193 355 237 211 168 153 123 113 85 44 
194 488 436 392 389 381 260 253 227 205 177 162 140 124 47 34 26 17 
195 481 311 309 252 238 139 98 79 
196 485 322 316 219 217 183 179 166 109 104 102 93 71 
197 499 476 473 443 403 374 354 352 306 302 226 161 135 90 88 23 1 
198 460 420 411 353 323 301 262 259 169 143 130 81 60 53 14 4 
199 493 474 464 367 310 254 215 206 
200 477 463 444 407 322 258 243 230 221 208 187 177 155 152 142 109 104 101 82 68 
201 365 364 317 278 277 186 103 70 66 20 
202 495 439 423 394 383 377 372 283 271 257 160 149 133 64 
203 489 425 418 412 351 343 307 292 275 272 220 190 148 75 52 27 8 0 
204 448 419 393 181 175 173 69 
205 389 381 260 253 194 174 162 140 124 17 10 2 
206 408 310 215 207 199 80 48 29 12 
207 472 440 424 408 400 321 215 206 153 112 67 48 29 5 
208 477 470 444 436 326 312 243 230 221 200 187 177 155 142 101 82 68 
209 450 442 392 382 375 356 350 336 304 299 270 264 233 227 162 107 47 32 26 
210 471 458 457 432 426 421 410 397 380 335 328 318 242 115 110 77 15 13 
211 404 371 330 237 193 168 159 123 44 11 
212 490 487 482 438 422 378 363 346 327 281 268 256 251 188 125 116 87 39 3 
213 480 404 371 360 324 285 168 134 122 99 78 57 51 
214 453 326 243 163 106 71 31 
215 408 207 206 199 97 80 29 12 
216 471 335 315 263 249 144 115 94 76 63 42 18 16 
217 485 458 380 245 224 219 196 183 179 166 136 114 102 93 13 
218 399 398 396 387 384 359 325 290 284 266 241 180 74 49 
219 485 458 380 247 245 235 217 196 183 179 166 136 114 102 93 
220 496 494 467 447 418 417 412 366 357 347 307 293 222 203 190 171 156 150 148 75 58 27 10 0 
221 488 479 477 444 342 282 260 230 208 200 177 157 155 152 151 142 141 82 68 
222 496 478 467 447 445 417 412 357 347 293 292 220 171 156 150 41 27 
223 399 387 332 273 244 164 147 128 62 21 19 
224 485 458 457 426 421 410 397 380 217 114 93 77 13 
225 486 405 296 274 192 111 91 55 35 6 
226 499 491 476 473 451 443 413 374 354 352 306 302 231 197 184 161 88 37 23 1 
227 470 450 436 427 392 381 375 350 336 299 264 233 209 194 162 140 124 107 47 26 
228 483 466 454 435 373 185 145 117 19 
229 496 466 445 435 417 41 
230 477 463 444 407 342 282 258 221 208 200 155 152 151 142 141 109 82 68 
231 498 491 484 413 390 388 354 334 306 298 291 236 226 184 161 37 
232 455 437 423 409 406 377 283 257 185 149 147 50 
233 450 436 392 382 381 375 356 350 336 299 264 227 209 162 140 124 107 47 32 26 
234 494 440 401 366 294 148 65 30 11 8 
235 463 428 407 320 258 247 246 245 219 179 136 94 
236 498 484 478 475 425 416 390 388 343 334 298 292 291 261 250 248 231 184 37 28 
237 424 400 355 330 211 193 168 159 153 123 113 67 44 5 
238 481 391 311 252 195 139 98 79 54 
239 495 461 372 365 317 308 257 133 129 103 73 20 
240 456 398 386 348 265 241 181 172 138 100 89 59 45 24 22 9 
241 399 398 387 384 348 332 284 265 240 218 180 172 138 89 59 45 9 
242 471 457 432 397 328 318 210 115 110 77 15 
243 470 453 444 326 322 316 312 214 208 200 187 163 155 142 109 106 104 101 82 71 
244 466 445 344 261 223 164 145 128 62 19 
245 458 380 247 246 235 219 217 179 136 114 94 93 63 16 
246 428 320 315 247 245 235 179 136 94 84 63 42 16 
247 463 428 407 320 258 246 245 235 219 179 136 94 84 16 
248 498 489 478 425 416 390 388 363 343 334 298 292 250 236 
249 471 432 335 318 315 263 216 144 115 94 76 63 42 18 16 
250 498 489 478 425 416 388 363 343 334 298 292 248 236 75 
251 490 487 482 462 438 429 422 378 346 327 281 256 212 167 146 125 116 87 86 39 3 
252 481 438 378 311 309 281 276 238 195 188 139 131 54 
253 488 479 433 395 389 349 282 260 205 194 157 151 72 38 34 17 
254 493 474 310 199 
255 446 362 345 333 263 189 154 92 76 46 
256 487 482 462 451 438 429 422 378 346 311 281 251 212 188 167 146 125 87 86 54 39 3 
257 495 437 423 409 383 377 372 308 283 239 232 202 147 133 129 73 50 
258 463 407 247 235 230 200 179 155 152 109 68 
259 460 430 420 411 376 353 340 323 313 280 262 198 169 143 130 81 61 60 53 40 14 4 
260 488 479 395 389 381 349 282 253 221 205 194 177 157 151 140 124 38 34 17 
261 484 478 475 445 390 344 298 291 244 236 28 
262 430 428 420 411 385 340 323 320 313 295 280 259 198 169 143 81 60 53 40 4 
263 428 333 315 255 249 216 144 92 84 76 63 46 42 18 16 
264 470 450 442 436 427 392 379 375 356 350 336 299 289 233 227 209 162 140 124 107 47 26 
265 456 399 398 384 348 332 241 240 191 172 138 100 89 59 45 43 24 21 
266 491 396 387 368 359 325 290 284 218 180 164 128 62 49 
267 468 414 403 352 339 331 314 290 170 135 90 74 56 
268 490 489 425 422 363 361 346 327 212 116 108 
269 386 300 158 89 45 22 9 
270 459 441 434 382 375 356 304 303 209 174 162 32 30 2 
271 439 383 372 364 305 277 202 160 133 66 64 20 
272 489 425 418 412 351 307 275 203 190 148 75 65 52 27 8 0 
273 399 387 384 332 223 180 164 147 129 128 21 
274 486 449 405 337 296 225 192 132 111 91 55 7 6 
275 418 401 351 307 272 203 190 165 148 78 75 65 52 11 8 0 
276 438 309 281 252 188 139 131 122 99 87 57 51 
277 439 364 305 271 201 186 70 66 64 20 
278 419 393 279 201 186 70 69 
279 419 393 358 329 278 121 120 69 
280 460 430 411 385 376 340 323 313 295 288 262 259 182 176 137 130 127 126 81 61 60 53 40 36 4 
281 490 482 438 422 378 327 311 309 276 256 252 251 212 188 139 131 116 87 54 3 
282 488 479 477 444 395 349 342 260 253 230 221 182 157 152 151 141 127 38 34 
283 495 437 423 406 383 377 372 257 232 202 149 133 
284 399 398 396 387 384 359 332 325 290 266 241 218 180 164 49 
285 480 404 371 360 324 213 122 99 57 51 
286 497 465 449 405 402 391 337 132 95 7 
287 469 452 370 314 170 83 33 
288 483 460 455 454 435 376 295 280 185 137 130 126 61 60 53 36 4 
289 450 442 427 379 369 350 341 299 264 107 31 
290 491 403 396 368 359 352 331 325 302 284 267 266 218 180 135 74 56 49 
291 498 491 484 475 390 368 354 334 298 261 236 231 37 28 
292 489 478 475 425 416 388 343 298 250 248 236 222 203 75 0 
293 496 494 467 447 417 412 357 347 307 222 220 171 156 150 148 58 27 10 
294 494 440 434 401 366 307 234 148 65 30 8 2 
295 454 430 385 342 340 323 313 288 280 262 182 176 137 127 126 61 60 53 40 36 4 
296 486 405 274 225 192 111 91 55 35 6 
297 499 473 465 462 451 443 429 413 374 306 167 161 146 125 95 88 86 39 1 
298 498 484 478 475 416 390 388 354 343 334 292 291 261 250 248 236 231 184 37 28 
299 470 450 436 427 392 379 369 350 341 336 326 312 289 264 233 227 209 124 107 47 31 26 
300 269 158 45 22 9 
301 460 431 420 406 377 353 198 149 130 14 
302 491 403 368 354 352 290 226 197 135 90 56 49 23 
303 472 459 441 440 434 424 304 270 30 12 5 
304 459 434 382 356 319 303 270 209 97 96 80 32 12 
305 439 364 277 271 186 160 66 64 
306 499 498 476 473 451 443 413 354 297 231 226 197 184 167 161 88 86 37 23 1 
307 494 418 412 401 366 351 294 293 275 272 220 203 190 156 148 75 65 58 52 27 8 0 
308 495 461 383 372 317 257 239 133 129 103 73 20 
309 481 311 281 276 252 195 188 139 131 
310 493 474 464 254 206 199 
311 481 438 378 309 281 256 252 238 195 188 139 131 87 79 54 3 
312 470 453 444 436 427 350 326 299 243 208 187 177 163 155 142 106 101 82 47 31 
313 430 411 385 340 323 320 295 280 262 259 182 176 169 143 127 81 61 60 53 40 36 4 
314 469 468 414 403 339 331 287 267 170 135 90 56 33 
315 471 428 335 263 249 246 216 144 115 94 84 76 63 42 18 16 
316 453 322 243 196 187 183 166 163 155 109 104 102 101 71 
317 495 461 365 364 308 239 201 191 133 103 70 43 20 
318 471 432 335 328 249 242 210 144 115 110 15 
319 442 382 367 338 304 178 107 97 96 80 32 25 
320 430 428 411 385 340 323 313 262 247 246 235 182 169 152 143 141 40 
321 408 400 355 207 153 113 112 85 48 29 
322 453 316 243 200 196 187 183 163 155 142 109 104 101 82 71 68 
323 430 411 385 340 320 313 295 280 262 259 198 182 176 169 143 81 60 53 40 4 
324 404 371 285 213 168 122 99 57 51 44 
325 403 396 387 384 368 359 290 284 266 218 180 49 
326 470 453 444 436 427 379 350 312 299 243 214 208 187 177 163 142 106 47 31 
327 490 489 487 438 422 363 361 346 281 268 251 212 116 87 3 
328 471 457 432 426 421 410 397 335 318 242 210 115 110 77 15 13 
329 419 358 279 121 120 69 
330 404 371 237 211 165 159 134 123 78 44 11 
331 468 403 352 339 314 290 267 170 135 90 74 56 
332 456 399 398 387 384 284 273 265 241 223 180 172 128 59 21 
333 428 411 263 255 169 143 84 81 76 46 
334 498 491 484 416 390 388 354 343 298 291 250 248 236 231 184 37 28 
335 471 458 457 432 328 318 315 249 216 210 144 115 94 63 42 18 16 15 
336 450 442 392 382 375 356 350 299 264 233 227 209 162 107 47 32 26 
337 497 486 449 415 286 274 132 118 91 7 
338 442 367 319 178 97 96 25 
339 468 414 331 314 267 170 74 56 
340 430 428 411 385 323 320 313 295 280 262 259 182 169 143 81 60 53 40 4 
341 442 379 369 299 289 107 31 
342 479 477 395 385 349 295 282 230 221 182 176 157 152 151 141 127 
343 498 489 478 425 416 388 363 334 298 292 250 248 236 203 75 
344 484 475 445 261 244 145 62 28 19 
345 446 362 255 189 154 92 76 46 
346 490 489 487 482 438 422 388 363 327 268 256 251 212 125 116 87 39 3 
347 496 467 447 417 412 357 293 222 220 171 156 150 58 41 27 10 
348 456 386 265 241 240 191 181 172 138 100 89 59 45 24 9 
349 488 479 433 395 342 282 260 253 157 151 127 72 38 34 
350 470 450 436 427 392 379 369 336 326 312 299 289 264 233 227 209 140 124 106 47 31 26 
351 489 425 418 361 307 275 272 203 190 165 108 78 75 65 52 11 8 0 
352 491 476 473 403 331 302 290 267 226 197 135 90 88 56 49 23 
353 460 420 406 376 301 259 198 130 81 53 14 
354 498 491 484 390 368 334 306 302 298 291 231 226 197 184 161 37 28 
355 400 321 237 193 168 153 123 113 85 48 44 
356 459 442 441 434 392 382 375 336 304 270 264 233 209 162 107 32 26 2 
357 496 467 447 433 417 347 293 222 220 171 156 150 72 41 10 
358 419 329 279 121 120 69 
359 399 398 396 387 384 368 325 290 284 266 218 180 164 49 
360 480 404 371 361 285 213 165 134 122 116 108 99 78 57 
361 490 480 422 363 360 351 327 268 165 134 116 108 78 
362 446 345 255 189 154 92 46 
363 490 489 425 422 416 388 361 346 343 327 268 250 248 212 116 
364 495 372 317 305 277 271 201 186 133 103 70 66 64 20 
365 461 456 317 239 201 191 138 103 100 70 59 43 
366 494 412 401 307 294 234 220 190 148 65 58 52 30 27 8 
367 464 338 319 199 178 97 96 80 25 
368 491 484 396 359 354 325 302 291 290 266 164 62 49 
369 427 379 350 341 299 289 106 31 
370 499 476 473 469 452 374 287 135 118 95 90 83 33 23 1 
371 480 404 360 330 324 285 213 211 168 165 159 134 122 99 78 57 51 44 
372 495 439 423 383 364 308 283 271 257 239 202 149 133 66 64 20 
373 483 466 454 435 228 185 145 117 19 
374 499 476 473 452 443 370 297 226 197 135 118 95 90 88 83 33 23 1 
375 450 441 434 392 382 381 356 336 270 264 233 227 209 162 140 124 107 47 32 26 2 
376 483 460 455 454 437 406 353 288 280 259 185 137 130 126 61 60 53 36 4 
377 455 437 423 409 406 383 301 283 257 232 202 149 50 14 
378 487 482 462 438 429 422 311 281 256 252 251 212 188 167 146 139 125 87 79 54 39 3 
379 470 450 442 427 369 350 341 326 299 289 264 107 106 31 
380 485 471 458 457 432 426 421 410 397 245 224 219 217 210 136 115 114 93 77 15 13 
381 441 392 389 375 260 233 227 205 194 174 162 140 124 26 17 2 
382 442 434 392 375 356 336 319 304 270 233 209 107 80 32 
383 495 439 423 377 372 308 283 271 257 202 149 133 64 
384 399 398 396 387 359 332 325 284 273 265 241 218 180 172 128 45 21 
385 479 430 342 340 323 320 313 295 280 262 182 176 152 141 127 40 4 
386 448 348 269 240 181 173 100 89 24 
387 399 398 396 384 359 332 325 284 273 266 241 223 218 180 164 128 21 
388 498 489 478 425 416 363 346 343 334 298 292 250 248 236 231 184 37 
389 488 381 260 253 205 194 177 157 140 124 47 34 26 17 
390 498 491 484 478 475 354 334 298 291 261 248 236 231 37 28 
391 497 481 465 405 402 286 238 111 98 79 54 7 
392 450 436 382 381 375 356 350 336 299 264 233 227 209 194 162 140 124 107 47 32 26 
393 448 419 279 278 204 191 181 175 69 
394 492 439 431 202 160 149 119 105 64 
395 488 479 477 433 349 342 282 260 253 182 176 157 151 141 127 72 38 34 
396 387 384 368 359 325 290 284 266 218 180 164 128 49 
397 471 458 457 432 426 421 410 380 328 242 224 210 115 114 110 77 15 13 
398 399 387 384 359 332 284 265 241 240 218 180 172 89 45 22 9 
399 456 398 387 384 359 332 284 273 265 241 223 218 180 172 128 59 21 
400 472 440 424 408 355 321 237 207 153 123 113 112 85 67 48 29 5 
401 440 366 307 294 275 234 159 148 65 52 30 11 8 
402 497 465 429 391 286 79 54 7 
403 468 352 331 325 314 302 290 267 197 135 90 74 56 49 23 
404 480 371 360 330 324 285 213 211 168 165 159 134 122 99 78 57 44 
405 497 486 449 391 296 286 274 225 192 132 111 91 55 35 7 6 
406 460 455 437 423 409 377 376 353 301 283 232 149 130 14 
407 477 463 258 247 235 230 200 155 152 141 109 82 68 
408 400 321 215 207 206 153 112 85 67 48 29 
409 455 437 406 377 257 232 185 147 50 
410 471 458 457 432 426 421 397 380 328 224 210 115 114 77 15 13 
411 430 428 420 340 333 323 320 313 280 262 259 198 169 143 84 81 53 40 4 
412 494 467 447 418 417 366 347 307 293 272 222 220 203 190 171 156 150 148 75 58 27 0 
413 499 498 487 451 443 429 306 297 231 226 184 167 161 146 125 88 86 39 37 1 
414 468 339 314 267 170 158 74 
415 449 337 132 118 95 83 
416 498 489 478 425 388 363 343 334 298 292 250 248 236 184 
417 496 467 447 412 357 347 293 229 222 220 171 156 150 41 27 
418 447 412 351 307 275 272 220 203 190 156 148 75 65 52 27 8 0 
419 448 393 358 329 279 278 204 175 121 120 69 
420 460 411 353 301 262 259 198 169 143 130 81 53 14 
421 471 458 457 432 426 410 397 380 328 224 210 115 114 110 77 15 13 
422 490 487 482 438 378 363 361 346 327 281 268 256 251 212 125 116 87 39 3 
423 495 437 406 383 377 372 283 257 232 202 149 133 50 
424 472 440 400 303 237 207 153 67 48 29 5 
425 489 478 416 388 363 351 343 292 272 268 250 248 236 203 75 0 
426 471 458 457 432 421 410 397 380 328 224 210 115 114 110 77 15 13 
427 470 450 436 379 369 350 326 312 299 289 264 227 106 47 31 26 
428 411 340 333 320 315 263 262 247 246 235 169 143 94 84 76 40 16 
429 487 482 465 462 451 413 402 378 297 256 251 167 146 125 86 54 39 
430 460 411 385 340 323 320 313 295 280 262 259 182 176 169 143 137 130 127 81 61 60 53 40 36 4 
431 492 394 301 189 154 119 105 14 
432 471 458 457 426 421 410 397 380 335 328 318 249 242 210 115 110 94 77 63 42 15 13 
433 395 357 349 253 72 38 34 
434 459 441 382 375 356 304 303 294 270 32 30 12 2 
435 483 466 454 373 288 229 228 185 137 126 117 61 36 
436 470 450 427 392 350 326 312 299 264 233 227 208 194 177 142 140 124 106 47 26 
437 460 455 423 409 406 377 376 283 257 232 185 149 50 
438 490 482 422 378 346 327 311 281 276 256 252 251 212 188 139 131 116 87 54 3 
439 492 394 383 372 305 277 271 202 160 149 105 66 64 
440 472 459 424 401 400 303 294 234 207 67 30 5 
441 459 434 381 375 356 303 270 174 162 32 30 2 
442 450 382 379 356 341 338 336 319 289 264 209 107 32 
443 499 476 473 452 451 413 374 306 297 226 197 161 95 88 86 23 1 
444 477 470 326 312 282 243 230 221 208 200 187 177 155 142 101 82 68 
445 475 466 344 261 244 229 222 41 
446 362 345 255 189 154 92 46 
447 496 467 418 417 412 357 347 293 222 220 171 156 150 58 41 27 10 0 
448 419 393 386 204 191 181 175 173 100 24 
449 497 486 415 405 337 286 274 132 111 91 55 7 6 
450 470 442 436 427 392 379 375 350 336 299 289 264 233 227 209 162 140 124 107 47 26 
451 499 487 482 462 443 429 413 306 297 256 226 167 161 146 125 95 88 86 39 1 
452 499 476 473 443 374 370 287 118 95 90 88 83 33 23 1 
453 470 326 322 316 312 243 214 187 163 142 106 104 101 71 31 
454 483 466 435 376 373 295 288 228 185 137 126 117 61 36 
455 460 437 409 406 377 376 288 232 185 130 126 117 50 
456 461 399 365 348 332 265 240 191 172 138 100 89 59 43 24 21 
457 471 458 432 426 421 410 397 380 335 328 242 224 210 115 114 110 77 15 13 
458 471 457 432 426 421 410 397 380 335 245 224 219 217 210 136 115 114 94 93 63 42 16 15 13 
459 472 441 440 434 356 304 303 270 30 12 2 
460 455 437 430 420 406 376 353 301 288 280 259 198 130 126 61 60 53 36 14 4 
461 456 365 317 308 239 191 172 138 129 103 73 59 43 21 
462 487 482 465 451 429 378 297 256 251 167 146 125 86 54 39 3 
463 477 407 258 247 235 230 200 179 155 152 109 104 82 68 
464 493 474 367 310 199 178 
465 497 462 429 402 391 297 286 167 146 79 54 7 
466 483 454 445 435 373 244 229 228 185 145 117 19 
467 496 447 417 412 357 347 293 222 220 171 156 150 58 41 27 10 
468 414 403 339 331 314 267 170 135 90 74 56 
469 370 314 287 170 83 33 
470 453 450 444 436 427 379 350 326 312 299 264 243 227 208 187 177 142 106 47 31 
471 458 457 432 426 421 410 397 380 335 328 318 315 249 242 216 210 144 115 110 94 77 63 42 16 15 
472 459 440 424 400 303 207 153 67 48 29 12 5 
473 499 476 452 443 374 370 352 306 297 226 197 161 135 118 95 90 88 33 23 1 
474 493 464 310 254 199 
475 484 478 445 390 344 298 292 291 261 236 28 
476 499 473 452 443 374 370 352 306 226 197 161 135 95 90 88 33 23 1 
477 488 479 463 444 407 395 342 282 230 221 208 200 177 157 155 152 151 142 141 82 68 34 
478 475 425 416 390 388 343 298 292 261 250 248 236 222 28 0 
479 488 477 395 385 349 342 282 260 253 221 182 176 157 152 151 141 127 38 34 
480 404 371 361 360 285 213 165 134 122 108 99 78 57 
481 391 311 309 252 238 195 188 139 98 79 54 
482 487 462 451 438 429 422 378 346 281 256 251 212 167 146 125 87 86 54 39 3 
483 466 454 435 376 373 288 228 185 137 126 117 61 36 
484 491 475 390 368 354 344 334 298 291 261 236 231 62 28 
485 380 224 219 217 196 183 166 114 102 93 13 
486 449 405 337 296 274 225 192 132 111 91 55 35 7 6 
487 482 462 451 429 422 413 378 346 327 256 251 212 167 146 125 86 39 3 
488 479 477 395 389 349 282 260 253 221 194 177 157 151 38 34 17 
489 425 416 388 363 351 346 343 327 292 272 268 250 248 203 75 0 
490 438 422 363 361 346 327 281 268 251 212 116 108 87 3 
491 484 390 368 354 352 334 302 291 290 266 231 226 49 37 
492 439 431 394 160 119 105 
493 474 464 310 254 199 
494 412 366 307 294 293 234 220 174 148 58 30 27 10 2 
495 423 383 372 364 317 308 283 257 239 202 133 103 73 66 20 
496 467 447 417 357 347 293 229 222 220 171 156 150 41 10 
497 465 449 405 402 391 337 286 132 95 7 
498 416 413 390 388 354 343 334 306 298 291 250 248 236 231 184 161 37 
499 476 473 452 451 443 413 374 370 306 297 226 197 161 135 95 90 88 86 23 1 

