0 450 447 444 443 442 440 438 436 435 434 433 432 431 430 429 428 426 425 424 422 421 419 418 417 416 415 414 413 412 411 410 408 405 404 403 402 401 399 398 397 396 393 392 391 390 389 388 387 385 383 382 379 376 375 374 373 372 371 370 369 368 367 366 365 364 363 362 360 359 358 355 354 353 352 351 350 349 348 347 346 345 344 342 338 337 334 333 332 331 330 329 328 325 323 322 321 320 319 318 317 316 315 314 313 312 311 310 309 308 307 306 305 304 303 302 299 298 297 296 295 294 293 292 291 290 289 288 287 285 284 282 280 278 277 276 274 273 272 271 270 269 268 267 266 265 264 263 262 261 260 259 258 257 256 255 254 253 252 251 248 247 244 243 241 240 239 238 237 234 233 232 231 230 229 228 227 226 225 224 223 222 221 220 219 218 217 215 214 213 212 211 210 209 208 205 204 203 202 201 200 199 198 197 196 195 194 193 192 191 190 189 188 187 186 185 184 183 182 181 180 179 178 177 175 170 169 168 167 166 165 164 162 161 160 159 158 157 155 154 153 152 151 150 148 147 146 145 141 140 138 137 136 135 134 133 132 131 130 129 127 125 124 123 121 120 117 116 115 114 113 112 111 110 109 108 104 103 102 101 100 99 98 97 96 95 94 93 92 91 90 88 87 86 85 84 83 82 81 80 79 78 77 76 75 74 73 72 71 70 69 68 67 66 65 64 63 62 61 60 59 58 57 56 55 51 49 44 43 42 37 32 15 14 13 12 11 10 9 8 7 6 5 4 3 2 1 
1 450 447 444 443 442 440 438 436 435 434 433 432 431 430 429 428 426 425 424 422 421 419 418 417 416 415 414 413 412 411 410 408 405 404 403 402 401 399 398 397 396 393 392 391 390 389 388 387 385 383 382 379 376 375 374 373 372 371 370 369 368 367 366 365 364 363 362 360 359 358 355 354 353 352 351 350 349 348 347 346 345 344 342 338 337 334 333 332 331 330 329 328 325 323 322 321 320 319 318 317 316 315 314 313 312 311 310 309 308 307 306 305 304 303 302 299 298 297 296 295 294 293 292 291 290 289 288 287 285 284 282 280 278 277 276 274 273 272 271 270 269 268 267 266 265 264 263 262 261 260 259 258 257 256 255 254 253 252 251 248 247 244 243 241 240 239 238 237 234 233 232 231 230 229 228 227 226 225 224 223 222 221 220 219 218 217 215 214 213 212 211 210 209 208 205 204 203 202 201 200 199 198 197 196 195 194 193 192 191 190 189 188 187 186 185 184 183 182 181 180 179 178 177 175 170 169 168 167 166 165 164 162 161 160 159 158 157 155 154 153 152 151 150 148 147 146 145 141 140 138 137 136 135 134 133 132 131 130 129 127 125 124 123 121 120 117 116 115 114 113 112 111 110 109 108 104 103 102 101 100 99 98 97 96 95 94 93 92 91 90 88 87 86 85 84 83 82 81 80 79 78 77 76 75 74 73 72 71 70 69 68 67 66 65 64 63 62 61 60 59 58 57 56 55 51 49 44 43 42 37 32 15 14 13 12 11 10 9 8 7 6 5 4 3 2 0 
2 440 426 425 424 408 385 383 360 359 358 285 284 241 240 239 238 237 215 214 213 212 211 210 209 208 180 127 85 84 83 82 81 80 79 78 77 49 15 14 13 12 11 10 9 8 7 6 5 4 3 1 0 
3 440 426 425 424 408 385 383 360 359 358 285 284 241 240 239 238 237 215 214 213 212 211 210 209 208 180 127 85 84 83 82 81 80 79 78 77 49 15 14 13 12 11 10 9 8 7 6 5 4 2 1 0 
4 440 426 425 424 408 385 383 360 359 358 285 284 266 241 240 239 238 237 215 214 213 212 211 210 209 208 180 127 85 84 83 82 81 80 79 78 77 69 49 15 14 13 12 11 10 9 8 7 6 5 3 2 1 0 
5 440 426 425 424 408 385 383 360 359 358 285 284 266 265 241 240 239 238 237 215 214 213 212 211 210 209 208 180 127 85 84 83 82 81 80 79 78 77 70 69 49 15 14 13 12 11 10 9 8 7 6 4 3 2 1 0 
6 440 426 425 424 408 385 383 360 359 358 285 284 266 265 264 241 240 239 238 237 215 214 213 212 211 210 209 208 180 127 85 84 83 82 81 80 79 78 77 71 70 69 49 15 14 13 12 11 10 9 8 7 5 4 3 2 1 0 
7 440 426 425 424 408 385 383 360 359 358 285 284 266 265 264 263 241 240 239 238 237 215 214 213 212 211 210 209 208 180 127 85 84 83 82 81 80 79 78 77 72 71 70 69 49 15 14 13 12 11 10 9 8 6 5 4 3 2 1 0 
8 440 426 425 424 408 385 383 360 359 358 285 284 266 265 264 263 262 241 240 239 238 237 215 214 213 212 211 210 209 208 180 127 85 84 83 82 81 80 79 78 77 73 72 71 70 69 49 15 14 13 12 11 10 9 7 6 5 4 3 2 1 0 
9 440 426 425 424 408 385 383 360 359 358 285 284 266 265 264 263 262 261 241 240 239 238 237 215 214 213 212 211 210 209 208 180 127 85 84 83 82 81 80 79 78 77 74 73 72 71 70 69 49 15 14 13 12 11 10 8 7 6 5 4 3 2 1 0 
10 440 426 425 424 408 385 383 360 359 358 331 296 285 284 241 240 239 238 237 215 214 213 212 211 210 209 208 180 169 166 141 127 94 88 85 84 83 82 81 80 79 78 77 76 75 74 73 72 71 70 69 56 49 43 42 15 14 13 12 11 9 8 7 6 5 4 3 2 1 0 
11 440 426 425 424 408 385 383 360 359 358 331 296 285 284 241 240 239 238 237 215 214 213 212 211 210 209 208 180 169 166 141 127 94 88 87 86 85 84 83 82 81 80 79 78 77 76 75 74 73 72 71 70 69 56 49 43 42 15 14 13 12 10 9 8 7 6 5 4 3 2 1 0 
12 440 426 425 424 408 385 383 360 359 358 331 296 285 284 241 240 239 238 237 215 214 213 212 211 210 209 208 180 169 166 141 127 94 88 87 86 85 84 83 82 81 80 79 78 77 76 75 74 73 72 71 70 69 56 49 43 42 32 15 14 13 11 10 9 8 7 6 5 4 3 2 1 0 
13 440 426 425 424 408 385 383 360 359 358 331 296 285 284 241 240 239 238 237 215 214 213 212 211 210 209 208 180 169 166 141 127 94 91 90 88 87 86 85 84 83 82 81 80 79 78 77 76 75 74 73 72 71 70 69 56 49 43 42 32 15 14 12 11 10 9 8 7 6 5 4 3 2 1 0 
14 440 426 425 424 408 385 383 360 359 358 331 296 285 284 241 240 239 238 237 215 214 213 212 211 210 209 208 180 169 166 141 127 94 88 85 84 83 82 81 80 79 78 77 56 49 43 42 15 13 12 11 10 9 8 7 6 5 4 3 2 1 0 
15 440 426 425 424 408 385 383 360 359 358 331 296 285 284 266 265 264 263 262 261 260 241 240 239 238 237 215 214 213 212 211 210 209 208 180 169 166 141 127 94 88 85 84 83 82 81 80 79 78 77 75 74 73 72 71 70 69 56 49 43 42 14 13 12 11 10 9 8 7 6 5 4 3 2 1 0 
16 450 447 444 443 442 440 438 436 435 434 433 432 431 430 429 428 426 425 424 422 421 419 418 417 416 415 414 413 412 411 410 408 405 404 403 402 401 399 398 397 396 393 392 391 390 389 388 387 385 383 382 379 376 375 374 373 372 371 370 369 368 367 366 365 364 363 362 360 359 358 355 354 353 352 351 350 349 348 347 346 345 344 342 338 337 334 333 332 331 330 329 328 325 323 322 321 320 319 318 317 316 315 314 313 312 311 310 309 308 307 306 305 304 303 302 299 298 297 296 295 294 293 292 291 290 289 288 287 285 284 282 280 278 277 276 274 273 272 271 270 269 268 267 266 265 264 263 262 261 260 259 258 257 256 255 254 253 252 251 248 247 244 243 241 240 239 238 237 234 233 232 231 230 229 228 227 226 225 224 223 222 221 220 219 218 217 215 214 213 212 211 210 209 208 205 204 203 202 201 200 199 198 197 196 195 194 193 192 191 190 189 188 187 186 185 184 183 182 181 180 179 178 177 175 170 169 168 167 166 165 164 162 161 160 159 158 157 155 154 153 152 151 150 148 147 146 145 141 140 138 137 136 135 134 133 132 131 130 129 127 125 124 123 121 120 117 116 115 114 113 112 111 110 109 108 104 103 102 101 100 99 98 97 96 95 94 93 92 91 90 88 87 86 85 84 83 82 81 80 79 78 77 76 75 74 73 72 71 70 69 68 67 66 65 64 63 62 61 60 59 58 57 56 55 51 49 44 43 42 37 32 31 30 29 28 27 26 25 24 23 22 21 20 19 18 17 
17 450 447 444 443 442 438 436 435 434 433 432 431 430 429 428 422 421 419 418 417 416 415 414 413 412 411 410 405 404 403 402 401 399 398 397 396 393 392 391 390 389 388 387 382 379 376 375 374 373 372 371 370 369 368 367 366 365 364 363 362 355 354 353 352 351 350 349 348 347 346 345 344 342 338 337 334 333 332 331 330 329 328 325 323 322 321 320 319 318 317 316 315 314 313 312 311 310 309 308 307 306 305 304 303 302 299 298 297 296 295 294 293 292 291 290 289 288 287 282 280 278 277 276 274 273 272 271 270 269 268 267 266 265 264 263 262 261 260 259 258 257 256 255 254 253 252 251 248 247 244 243 234 233 232 231 230 229 228 227 226 225 224 223 222 221 220 219 218 217 205 204 203 202 201 200 199 198 197 196 195 194 193 192 191 190 189 188 187 186 185 184 183 182 181 179 178 177 175 170 169 168 167 166 165 164 162 161 160 159 158 157 155 154 153 152 151 150 148 147 146 145 141 140 138 137 136 135 134 133 132 131 130 129 125 124 123 121 120 117 116 115 114 113 112 111 110 109 108 104 103 102 101 100 99 98 97 96 95 94 93 92 91 90 88 87 86 76 75 74 73 72 71 70 69 68 67 66 65 64 63 62 61 60 59 58 57 56 55 51 44 43 42 37 32 31 30 29 28 27 26 25 24 23 22 21 20 19 18 16 
18 450 447 444 443 442 438 436 435 434 433 432 431 430 429 428 422 421 419 418 417 416 415 414 413 412 411 410 405 404 403 402 401 399 398 397 396 393 392 391 390 389 388 387 382 379 376 375 374 373 372 371 370 369 368 367 366 365 364 363 362 355 354 353 352 351 350 349 348 347 346 345 344 342 338 337 334 333 332 331 330 329 328 325 323 322 321 320 319 318 317 316 315 314 313 312 311 310 309 308 307 306 305 304 303 302 299 298 297 296 295 294 293 292 291 290 289 288 287 282 280 278 277 276 274 273 272 271 270 269 268 267 266 265 264 263 262 261 260 259 258 257 256 255 254 253 252 251 248 247 244 243 234 233 232 231 230 229 228 227 226 225 224 223 222 221 220 219 218 217 205 204 203 202 201 200 199 198 197 196 195 194 193 192 191 190 189 188 187 186 185 184 183 182 181 179 178 177 175 170 169 168 167 166 165 164 162 161 160 159 158 157 155 154 153 152 151 150 148 147 146 145 141 140 138 137 136 135 134 133 132 131 130 129 125 124 123 121 120 117 116 115 114 113 112 111 110 109 108 104 103 102 101 100 99 98 97 96 95 94 93 92 91 90 88 87 86 77 76 75 74 73 72 71 70 69 68 67 66 65 64 63 62 61 60 59 58 57 56 55 51 44 43 42 37 32 31 30 29 28 27 26 25 24 23 22 21 20 19 17 16 
19 450 447 444 443 442 438 436 435 434 433 432 431 430 429 428 422 421 419 418 417 416 415 414 413 412 411 410 405 404 403 402 401 399 398 397 396 393 392 391 390 389 388 387 382 379 376 375 374 373 372 371 370 369 368 367 366 365 364 363 362 355 354 353 352 351 350 349 348 347 346 345 344 342 338 337 334 333 332 331 330 329 328 325 323 322 321 320 319 318 317 316 315 314 313 312 311 310 309 308 307 306 305 304 303 302 299 298 297 296 295 294 293 292 291 290 289 288 287 282 280 278 277 276 274 273 272 271 270 269 268 267 266 265 264 263 262 261 260 259 258 257 256 255 254 253 252 251 248 247 244 243 234 233 232 231 230 229 228 227 226 225 224 223 222 221 220 219 218 217 205 204 203 202 201 200 199 198 197 196 195 194 193 192 191 190 189 188 187 186 185 184 183 182 181 179 178 177 175 170 169 168 167 166 165 164 162 161 160 159 158 157 155 154 153 152 151 150 148 147 146 145 141 140 138 137 136 135 134 133 132 131 130 129 125 124 123 121 120 117 116 115 114 113 112 111 110 109 108 104 103 102 101 100 99 98 97 96 95 94 93 92 91 90 88 87 86 78 77 76 75 74 73 72 71 70 69 68 67 66 65 64 63 62 61 60 59 58 57 56 55 51 44 43 42 37 32 31 30 29 28 27 26 25 24 23 22 21 20 18 17 16 
20 450 447 444 443 442 438 436 435 434 433 432 431 430 429 428 422 421 419 418 417 416 415 414 413 412 411 410 405 404 403 402 401 399 398 397 396 393 392 391 390 389 388 387 382 379 376 375 374 373 372 371 370 369 368 367 366 365 364 363 362 355 354 353 352 351 350 349 348 347 346 345 344 342 338 337 334 333 332 331 330 329 328 325 323 322 321 320 319 318 317 316 315 314 313 312 311 310 309 308 307 306 305 304 303 302 299 298 297 296 295 294 293 292 291 290 289 288 287 282 280 278 277 276 274 273 272 271 270 269 268 267 266 265 264 263 262 261 260 259 258 257 256 255 254 253 252 251 248 247 244 243 234 233 232 231 230 229 228 227 226 225 224 223 222 221 220 219 218 217 205 204 203 202 201 200 199 198 197 196 195 194 193 192 191 190 189 188 187 186 185 184 183 182 181 179 178 177 175 170 169 168 167 166 165 164 162 161 160 159 158 157 155 154 153 152 151 150 148 147 146 145 141 140 138 137 136 135 134 133 132 131 130 129 125 124 123 121 120 117 116 115 114 113 112 111 110 109 108 104 103 102 101 100 99 98 97 96 95 94 93 92 91 90 88 87 86 79 78 77 76 75 74 73 72 71 70 69 68 67 66 65 64 63 62 61 60 59 58 57 56 55 51 44 43 42 37 32 31 30 29 28 27 26 25 24 23 22 21 19 18 17 16 
21 450 447 444 443 442 438 436 435 434 433 432 431 430 429 428 422 421 419 418 417 416 415 414 413 412 411 410 405 404 403 402 401 399 398 397 396 393 392 391 390 389 388 387 382 379 376 375 374 373 372 371 370 369 368 367 366 365 364 363 362 355 354 353 352 351 350 349 348 347 346 345 344 342 338 337 334 333 332 331 330 329 328 325 323 322 321 320 319 318 317 316 315 314 313 312 311 310 309 308 307 306 305 304 303 302 299 298 297 296 295 294 293 292 291 290 289 288 287 282 280 278 277 276 274 273 272 271 270 269 268 267 266 265 264 263 262 261 260 259 258 257 256 255 254 253 252 251 248 247 244 243 234 233 232 231 230 229 228 227 226 225 224 223 222 221 220 219 218 217 205 204 203 202 201 200 199 198 197 196 195 194 193 192 191 190 189 188 187 186 185 184 183 182 181 179 178 177 175 170 169 168 167 166 165 164 162 161 160 159 158 157 155 154 153 152 151 150 148 147 146 145 141 140 138 137 136 135 134 133 132 131 130 129 125 124 123 121 120 117 116 115 114 113 112 111 110 109 108 104 103 102 101 100 99 98 97 96 95 94 93 92 91 90 88 87 86 80 79 78 77 76 75 74 73 72 71 70 69 68 67 66 65 64 63 62 61 60 59 58 57 56 55 51 44 43 42 37 32 31 30 29 28 27 26 25 24 23 22 20 19 18 17 16 
22 450 447 444 443 442 438 436 435 434 433 432 431 430 429 428 422 421 419 418 417 416 415 414 413 412 411 410 405 404 403 402 401 399 398 397 396 393 392 391 390 389 388 387 382 379 376 375 374 373 372 371 370 369 368 367 366 365 364 363 362 355 354 353 352 351 350 349 348 347 346 345 344 342 338 337 334 333 332 331 330 329 328 325 323 322 321 320 319 318 317 316 315 314 313 312 311 310 309 308 307 306 305 304 303 302 299 298 297 296 295 294 293 292 291 290 289 288 287 282 280 278 277 276 274 273 272 271 270 269 268 267 266 265 264 263 262 261 260 259 258 257 256 255 254 253 252 251 248 247 244 243 234 233 232 231 230 229 228 227 226 225 224 223 222 221 220 219 218 217 205 204 203 202 201 200 199 198 197 196 195 194 193 192 191 190 189 188 187 186 185 184 183 182 181 179 178 177 175 170 169 168 167 166 165 164 162 161 160 159 158 157 155 154 153 152 151 150 148 147 146 145 141 140 138 137 136 135 134 133 132 131 130 129 125 124 123 121 120 117 116 115 114 113 112 111 110 109 108 104 103 102 101 100 99 98 97 96 95 94 93 92 91 90 88 87 86 81 80 79 78 77 76 75 74 73 72 71 70 69 68 67 66 65 64 63 62 61 60 59 58 57 56 55 51 44 43 42 37 32 31 30 29 28 27 26 25 24 23 21 20 19 18 17 16 
23 450 447 444 443 442 438 436 435 434 433 432 431 430 429 428 422 421 419 418 417 416 415 414 413 412 411 410 405 404 403 402 401 399 398 397 396 393 392 391 390 389 388 387 382 379 376 375 374 373 372 371 370 369 368 367 366 365 364 363 362 355 354 353 352 351 350 349 348 347 346 345 344 342 338 337 334 333 332 331 330 329 328 325 323 322 321 320 319 318 317 316 315 314 313 312 311 310 309 308 307 306 305 304 303 302 299 298 297 296 295 294 293 292 291 290 289 288 287 282 280 278 277 276 274 273 272 271 270 269 268 267 266 265 264 263 262 261 260 259 258 257 256 255 254 253 252 251 248 247 244 243 234 233 232 231 230 229 228 227 226 225 224 223 222 221 220 219 218 217 205 204 203 202 201 200 199 198 197 196 195 194 193 192 191 190 189 188 187 186 185 184 183 182 181 179 178 177 175 170 169 168 167 166 165 164 162 161 160 159 158 157 155 154 153 152 151 150 148 147 146 145 141 140 138 137 136 135 134 133 132 131 130 129 125 124 123 121 120 117 116 115 114 113 112 111 110 109 108 104 103 102 101 100 99 98 97 96 95 94 93 92 91 90 88 87 86 82 81 80 79 78 77 76 75 74 73 72 71 70 69 68 67 66 65 64 63 62 61 60 59 58 57 56 55 51 44 43 42 37 32 31 30 29 28 27 26 25 24 22 21 20 19 18 17 16 
24 450 447 444 443 442 438 436 435 434 433 432 431 430 429 428 422 421 419 418 417 416 415 414 413 412 411 410 405 404 403 402 401 399 398 397 396 393 392 391 390 389 388 387 382 379 376 375 374 373 372 371 370 369 368 367 366 365 364 363 362 355 354 353 352 351 350 349 348 347 346 345 344 342 338 337 334 333 332 331 330 329 328 325 323 322 321 320 319 318 317 316 315 314 313 312 311 310 309 308 307 306 305 304 303 302 299 298 297 296 295 294 293 292 291 290 289 288 287 282 280 278 277 276 274 273 272 271 270 269 268 267 266 265 264 263 262 261 260 259 258 257 256 255 254 253 252 251 248 247 244 243 234 233 232 231 230 229 228 227 226 225 224 223 222 221 220 219 218 217 205 204 203 202 201 200 199 198 197 196 195 194 193 192 191 190 189 188 187 186 185 184 183 182 181 179 178 177 175 170 169 168 167 166 165 164 162 161 160 159 158 157 155 154 153 152 151 150 148 147 146 145 141 140 138 137 136 135 134 133 132 131 130 129 125 124 123 121 120 117 116 115 114 113 112 111 110 109 108 104 103 102 101 100 99 98 97 96 95 94 93 92 91 90 88 87 86 83 82 81 80 79 78 77 76 75 74 73 72 71 70 69 68 67 66 65 64 63 62 61 60 59 58 57 56 55 51 44 43 42 37 32 31 30 29 28 27 26 25 23 22 21 20 19 18 17 16 
25 450 447 444 443 442 438 436 435 434 433 432 431 430 429 428 422 421 419 418 417 416 415 414 413 412 411 410 405 404 403 402 401 399 398 397 396 393 392 391 390 389 388 387 382 379 376 375 374 373 372 371 370 369 368 367 366 365 364 363 362 355 354 353 352 351 350 349 348 347 346 345 344 342 338 337 334 333 332 331 330 329 328 325 323 322 321 320 319 318 317 316 315 314 313 312 311 310 309 308 307 306 305 304 303 302 299 298 297 296 295 294 293 292 291 290 289 288 287 282 280 278 277 276 274 273 272 271 270 269 268 267 266 265 264 263 262 261 260 259 258 257 256 255 254 253 252 251 248 247 244 243 234 233 232 231 230 229 228 227 226 225 224 223 222 221 220 219 218 217 205 204 203 202 201 200 199 198 197 196 195 194 193 192 191 190 189 188 187 186 185 184 183 182 181 179 178 177 175 170 169 168 167 166 165 164 162 161 160 159 158 157 155 154 153 152 151 150 148 147 146 145 141 140 138 137 136 135 134 133 132 131 130 129 125 124 123 121 120 117 116 115 114 113 112 111 110 109 108 104 103 102 101 100 99 98 97 96 95 94 93 92 91 90 88 87 86 84 83 82 81 80 79 78 77 76 75 74 73 72 71 70 69 68 67 66 65 64 63 62 61 60 59 58 57 56 55 51 44 43 42 37 32 31 30 29 28 27 26 24 23 22 21 20 19 18 17 16 
26 450 447 444 443 442 438 436 435 434 433 432 431 430 429 428 422 421 419 418 417 416 415 414 413 412 411 410 405 404 403 402 401 399 398 397 396 393 392 391 390 389 388 387 382 379 376 375 374 373 372 371 370 369 368 367 366 365 364 363 362 355 354 353 352 351 350 349 348 347 346 345 344 342 338 337 334 333 332 331 330 329 328 325 323 322 321 320 319 318 317 316 315 314 313 312 311 310 309 308 307 306 305 304 303 302 299 298 297 296 295 294 293 292 291 290 289 288 287 282 280 278 277 276 274 273 272 271 270 269 268 267 266 265 264 263 262 261 260 259 258 257 256 255 254 253 252 251 248 247 244 243 234 233 232 231 230 229 228 227 226 225 224 223 222 221 220 219 218 217 205 204 203 202 201 200 199 198 197 196 195 194 193 192 191 190 189 188 187 186 185 184 183 182 181 179 178 177 175 170 169 168 167 166 165 164 162 161 160 159 158 157 155 154 153 152 151 150 148 147 146 145 141 140 138 137 136 135 134 133 132 131 130 129 125 124 123 121 120 117 116 115 114 113 112 111 110 109 108 104 103 102 101 100 99 98 97 96 95 94 93 92 91 90 88 87 86 85 84 83 82 81 80 79 78 77 76 75 74 73 72 71 70 69 68 67 66 65 64 63 62 61 60 59 58 57 56 55 51 44 43 42 37 32 31 30 29 28 27 25 24 23 22 21 20 19 18 17 16 
27 450 447 444 443 442 438 436 435 434 433 432 431 430 429 428 422 421 419 418 417 416 415 414 413 412 411 410 405 404 403 402 401 399 398 397 396 393 392 391 390 389 388 387 382 379 376 375 374 373 372 371 370 369 368 367 366 365 364 363 362 355 354 353 352 351 350 349 348 347 346 345 344 342 338 337 334 333 332 331 330 329 328 325 323 322 321 320 319 318 317 316 315 314 313 312 311 310 309 308 307 306 305 304 303 302 299 298 297 296 295 294 293 292 291 290 289 288 287 282 280 278 277 276 274 273 272 271 270 269 268 267 266 265 264 263 262 261 260 259 258 257 256 255 254 253 252 251 248 247 244 243 234 233 232 231 230 229 228 227 226 225 224 223 222 221 220 219 218 217 205 204 203 202 201 200 199 198 197 196 195 194 193 192 191 190 189 188 187 186 185 184 183 182 181 179 178 177 175 170 169 168 167 166 165 164 162 161 160 159 158 157 155 154 153 152 151 150 148 147 146 145 141 140 138 137 136 135 134 133 132 131 130 129 125 124 123 121 120 117 116 115 114 113 112 111 110 109 108 104 103 102 101 100 99 98 97 96 95 94 93 92 91 90 88 87 86 85 84 83 82 81 80 79 78 77 76 75 74 73 72 71 70 69 68 67 66 65 64 63 62 61 60 59 58 57 56 55 51 44 43 42 37 32 31 30 29 28 26 25 24 23 22 21 20 19 18 17 16 
28 450 447 444 443 442 438 436 435 434 433 432 431 430 429 428 422 421 419 418 417 416 415 414 413 412 411 410 405 404 403 402 401 399 398 397 396 393 392 391 390 389 388 387 382 379 376 375 374 373 372 371 370 369 368 367 366 365 364 363 362 355 354 353 352 351 350 349 348 347 346 345 344 342 338 337 334 333 332 331 330 329 328 325 323 322 321 320 319 318 317 316 315 314 313 312 311 310 309 308 307 306 305 304 303 302 299 298 297 296 295 294 293 292 291 290 289 288 287 282 280 278 277 276 274 273 272 271 270 269 268 267 266 265 264 263 262 261 260 259 258 257 256 255 254 253 252 251 248 247 244 243 234 233 232 231 230 229 228 227 226 225 224 223 222 221 220 219 218 217 205 204 203 202 201 200 199 198 197 196 195 194 193 192 191 190 189 188 187 186 185 184 183 182 181 179 178 177 175 170 169 168 167 166 165 164 162 161 160 159 158 157 155 154 153 152 151 150 148 147 146 145 141 140 138 137 136 135 134 133 132 131 130 129 125 124 123 121 120 117 116 115 114 113 112 111 110 109 108 104 103 102 101 100 99 98 97 96 95 94 93 92 91 90 88 87 86 85 84 83 82 81 80 79 78 77 76 75 74 73 72 71 70 69 68 67 66 65 64 63 62 61 60 59 58 57 56 55 51 44 43 42 37 32 31 30 29 27 26 25 24 23 22 21 20 19 18 17 16 
29 450 447 444 443 442 438 436 435 434 433 432 431 430 429 428 422 421 419 418 417 416 415 414 413 412 411 410 405 404 403 402 401 399 398 397 396 393 392 391 390 389 388 387 382 379 376 375 374 373 372 371 370 369 368 367 366 365 364 363 362 355 354 353 352 351 350 349 348 347 346 345 344 342 338 337 334 333 332 331 330 329 328 325 323 322 321 320 319 318 317 316 315 314 313 312 311 310 309 308 307 306 305 304 303 302 299 298 297 296 295 294 293 292 291 290 289 288 287 282 280 278 277 276 274 273 272 271 270 269 268 267 266 265 264 263 262 261 260 259 258 257 256 255 254 253 252 251 248 247 244 243 234 233 232 231 230 229 228 227 226 225 224 223 222 221 220 219 218 217 205 204 203 202 201 200 199 198 197 196 195 194 193 192 191 190 189 188 187 186 185 184 183 182 181 179 178 177 175 170 169 168 167 166 165 164 162 161 160 159 158 157 155 154 153 152 151 150 148 147 146 145 141 140 138 137 136 135 134 133 132 131 130 129 125 124 123 121 120 117 116 115 114 113 112 111 110 109 108 104 103 102 101 100 99 98 97 96 95 94 93 92 91 90 88 87 86 85 84 83 82 81 80 79 78 77 76 75 74 73 72 71 70 69 68 67 66 65 64 63 62 61 60 59 58 57 56 55 51 44 43 42 37 32 31 30 28 27 26 25 24 23 22 21 20 19 18 17 16 
30 450 447 444 443 442 438 436 435 434 433 432 431 430 429 428 422 421 419 418 417 416 415 414 413 412 411 410 405 404 403 402 401 399 398 397 396 393 392 391 390 389 388 387 382 379 376 375 374 373 372 371 370 369 368 367 366 365 364 363 362 355 354 353 352 351 350 349 348 347 346 345 344 342 338 337 334 333 332 331 330 329 328 325 323 322 321 320 319 318 317 316 315 314 313 312 311 310 309 308 307 306 305 304 303 302 299 298 297 296 295 294 293 292 291 290 289 288 287 282 280 278 277 276 274 273 272 271 270 269 268 267 266 265 264 263 262 261 260 259 258 257 256 255 254 253 252 251 248 247 244 243 234 233 232 231 230 229 228 227 226 225 224 223 222 221 220 219 218 217 205 204 203 202 201 200 199 198 197 196 195 194 193 192 191 190 189 188 187 186 185 184 183 182 181 179 178 177 175 170 169 168 167 166 165 164 162 161 160 159 158 157 155 154 153 152 151 150 148 147 146 145 141 140 138 137 136 135 134 133 132 131 130 129 125 124 123 121 120 117 116 115 114 113 112 111 110 109 108 104 103 102 101 100 99 98 97 96 95 94 93 92 91 90 88 87 86 85 84 83 82 81 80 79 78 77 76 75 74 73 72 71 70 69 68 67 66 65 64 63 62 61 60 59 58 57 56 55 51 44 43 42 37 32 31 29 28 27 26 25 24 23 22 21 20 19 18 17 16 
31 450 447 444 443 442 438 436 435 434 433 432 431 430 429 428 422 421 419 418 417 416 415 414 413 412 411 410 405 404 403 402 401 399 398 397 396 393 392 391 390 389 388 387 382 379 376 375 374 373 372 371 370 369 368 367 366 365 364 363 362 355 354 353 352 351 350 349 348 347 346 345 344 342 338 337 334 333 332 331 330 329 328 325 323 322 321 320 319 318 317 316 315 314 313 312 311 310 309 308 307 306 305 304 303 302 299 298 297 296 295 294 293 292 291 290 289 288 287 282 280 278 277 276 274 273 272 271 270 269 268 267 266 265 264 263 262 261 260 259 258 257 256 255 254 253 252 251 248 247 244 243 234 233 232 231 230 229 228 227 226 225 224 223 222 221 220 219 218 217 205 204 203 202 201 200 199 198 197 196 195 194 193 192 191 190 189 188 187 186 185 184 183 182 181 179 178 177 175 170 169 168 167 166 165 164 162 161 160 159 158 157 155 154 153 152 151 150 148 147 146 145 141 140 138 137 136 135 134 133 132 131 130 129 125 124 123 121 120 117 116 115 114 113 112 111 110 109 108 104 103 102 101 100 99 98 97 96 95 94 93 92 91 90 88 87 86 85 84 83 82 81 80 79 78 77 76 75 74 73 72 71 70 69 68 67 66 65 64 63 62 61 60 59 58 57 56 55 51 44 43 42 37 32 30 29 28 27 26 25 24 23 22 21 20 19 18 17 16 
32 450 447 444 443 442 438 436 435 434 433 432 431 430 429 244 243 234 233 232 231 230 229 228 227 226 225 224 223 222 221 220 219 218 217 205 204 203 202 201 200 199 198 197 196 195 194 193 192 191 190 189 188 187 186 185 184 183 182 181 179 178 177 175 170 169 168 167 166 165 164 162 161 160 159 158 157 155 154 153 152 151 150 148 147 146 145 141 140 138 137 136 135 134 133 132 131 130 129 125 124 123 121 120 117 116 115 114 113 112 111 110 109 108 104 103 102 101 100 99 98 97 96 95 94 93 92 91 90 88 63 62 61 60 59 58 44 42 31 30 29 28 27 26 25 24 23 22 21 20 19 18 17 16 13 12 1 0 
33 
34 
35 
36 
37 428 422 421 419 418 417 416 415 414 413 412 411 410 405 404 403 402 401 399 398 397 396 393 392 391 390 389 388 387 382 379 376 375 374 373 372 371 370 369 368 367 366 365 364 363 362 355 354 353 352 351 350 349 348 347 346 345 344 342 334 333 332 331 330 329 328 325 323 322 321 320 319 318 317 316 315 314 313 312 311 310 309 308 307 306 305 304 303 302 299 298 297 296 295 294 293 292 291 290 289 288 287 282 280 278 277 276 274 273 272 271 270 269 268 267 254 253 252 251 94 88 68 67 66 65 64 57 56 55 51 43 31 30 29 28 27 26 25 24 23 22 21 20 19 18 17 16 1 0 
38 
39 
40 
41 
42 243 234 233 232 231 230 229 228 227 226 225 224 223 222 221 220 219 218 217 205 204 203 202 201 200 199 198 197 196 195 194 193 192 191 190 189 188 187 186 185 184 183 182 181 179 178 177 175 170 169 168 167 166 165 164 141 94 88 62 61 44 32 31 30 29 28 27 26 25 24 23 22 21 20 19 18 17 16 15 14 13 12 11 10 1 0 
43 382 379 376 375 374 373 372 371 370 369 368 367 366 365 364 363 362 355 354 353 352 351 350 349 348 347 346 345 344 342 338 337 334 333 332 331 330 329 328 296 94 88 68 67 56 51 37 31 30 29 28 27 26 25 24 23 22 21 20 19 18 17 16 15 14 13 12 11 10 1 0 
44 442 438 436 435 434 433 432 431 430 429 244 243 234 233 232 231 230 229 228 227 226 225 224 223 222 221 220 219 218 217 205 204 203 202 201 200 199 198 197 196 195 194 193 192 191 190 189 188 187 186 185 184 183 182 181 179 178 177 175 170 169 168 167 166 165 164 162 161 160 159 158 157 155 154 153 152 151 150 148 147 146 145 141 94 88 63 62 61 42 32 31 30 29 28 27 26 25 24 23 22 21 20 19 18 17 16 1 0 
45 
46 
47 
48 
49 385 383 85 84 83 82 81 80 79 78 77 16 15 14 13 12 11 10 9 8 7 6 5 4 3 2 1 0 
50 
51 428 422 421 419 418 417 416 415 414 413 412 411 410 405 404 403 402 401 399 398 397 396 393 392 391 390 389 388 387 362 355 354 353 352 351 350 349 348 347 346 345 344 342 332 331 330 329 328 325 323 322 321 320 319 318 317 316 315 314 313 312 311 310 309 308 307 306 305 304 303 302 299 298 297 296 295 294 293 292 291 290 289 288 287 282 280 278 277 276 274 273 272 271 270 269 268 267 252 251 94 88 68 66 65 64 57 56 55 43 37 31 30 29 28 27 26 25 24 23 22 21 20 19 18 17 16 1 0 
52 
53 
54 
55 287 282 280 278 277 276 274 272 271 269 88 65 51 37 31 30 29 28 27 26 25 24 23 22 21 20 19 18 17 16 1 0 
56 382 379 376 375 374 373 372 371 370 369 368 367 366 365 364 363 362 355 354 353 352 351 350 349 348 347 346 345 344 342 338 337 334 333 332 331 330 329 328 325 296 94 88 68 67 51 43 37 31 30 29 28 27 26 25 24 23 22 21 20 19 18 17 16 15 14 13 12 11 10 1 0 
57 410 405 404 403 402 401 399 398 397 396 393 392 389 296 94 88 66 51 37 31 30 29 28 27 26 25 24 23 22 21 20 19 18 17 16 1 0 
58 129 125 124 123 121 120 117 116 115 114 113 112 111 110 109 108 103 102 101 99 94 88 60 59 32 31 30 29 28 27 26 25 24 23 22 21 20 19 18 17 16 1 0 
59 129 125 124 123 121 120 117 116 115 114 113 112 111 110 109 108 103 102 101 99 94 88 60 58 32 31 30 29 28 27 26 25 24 23 22 21 20 19 18 17 16 1 0 
60 129 125 124 123 121 113 112 103 99 94 88 59 58 32 31 30 29 28 27 26 25 24 23 22 21 20 19 18 17 16 1 0 
61 243 234 232 230 225 169 166 141 94 88 44 42 32 31 30 29 28 27 26 25 24 23 22 21 20 19 18 17 16 1 0 
62 217 205 203 201 200 197 191 141 94 88 44 42 32 31 30 29 28 27 26 25 24 23 22 21 20 19 18 17 16 1 0 
63 442 438 436 433 94 88 44 32 31 30 29 28 27 26 25 24 23 22 21 20 19 18 17 16 1 0 
64 428 422 421 419 418 415 94 88 51 37 31 30 29 28 27 26 25 24 23 22 21 20 19 18 17 16 1 0 
65 287 282 278 274 272 269 88 55 51 37 31 30 29 28 27 26 25 24 23 22 21 20 19 18 17 16 1 0 
66 410 405 403 396 393 389 296 94 88 57 51 37 31 30 29 28 27 26 25 24 23 22 21 20 19 18 17 16 1 0 
67 382 379 376 375 372 369 367 331 296 94 88 56 43 37 31 30 29 28 27 26 25 24 23 22 21 20 19 18 17 16 1 0 
68 362 355 353 350 296 94 88 56 51 43 37 31 30 29 28 27 26 25 24 23 22 21 20 19 18 17 16 1 0 
69 31 30 29 28 27 26 25 24 23 22 21 20 19 18 17 16 15 13 12 11 10 9 8 7 6 5 4 1 0 
70 31 30 29 28 27 26 25 24 23 22 21 20 19 18 17 16 15 13 12 11 10 9 8 7 6 5 1 0 
71 31 30 29 28 27 26 25 24 23 22 21 20 19 18 17 16 15 13 12 11 10 9 8 7 6 1 0 
72 31 30 29 28 27 26 25 24 23 22 21 20 19 18 17 16 15 13 12 11 10 9 8 7 1 0 
73 31 30 29 28 27 26 25 24 23 22 21 20 19 18 17 16 15 13 12 11 10 9 8 1 0 
74 31 30 29 28 27 26 25 24 23 22 21 20 19 18 17 16 15 13 12 11 10 9 1 0 
75 31 30 29 28 27 26 25 24 23 22 21 20 19 18 17 16 15 13 12 11 10 1 0 
76 31 30 29 28 27 26 25 24 23 22 21 20 19 18 17 16 13 12 11 10 1 0 
77 440 426 425 424 408 385 383 360 359 358 285 284 241 240 239 238 237 215 214 213 212 211 210 209 208 180 127 85 84 83 82 81 80 79 78 49 31 30 29 28 27 26 25 24 23 22 21 20 19 18 16 15 14 13 12 11 10 9 8 7 6 5 4 3 2 1 0 
78 440 426 425 424 408 385 383 360 359 358 285 284 241 240 239 238 237 215 214 213 212 211 210 209 208 180 127 85 84 83 82 81 80 79 77 49 31 30 29 28 27 26 25 24 23 22 21 20 19 16 15 14 13 12 11 10 9 8 7 6 5 4 3 2 1 0 
79 440 426 425 424 408 385 383 360 359 358 285 284 241 240 239 238 237 215 214 213 212 211 210 209 208 180 127 85 84 83 82 81 80 78 77 49 31 30 29 28 27 26 25 24 23 22 21 20 16 15 14 13 12 11 10 9 8 7 6 5 4 3 2 1 0 
80 440 426 425 424 408 385 383 360 359 358 285 284 241 240 239 238 237 215 214 213 212 211 210 209 208 180 127 85 84 83 82 81 79 78 77 49 31 30 29 28 27 26 25 24 23 22 21 16 15 14 13 12 11 10 9 8 7 6 5 4 3 2 1 0 
81 440 426 425 424 408 385 383 360 359 358 285 284 241 240 239 238 237 215 214 213 212 211 210 209 208 180 127 85 84 83 82 80 79 78 77 49 31 30 29 28 27 26 25 24 23 22 16 15 14 13 12 11 10 9 8 7 6 5 4 3 2 1 0 
82 440 426 425 424 408 385 383 360 359 358 285 284 241 240 239 238 237 215 214 213 212 211 210 209 208 180 127 85 84 83 81 80 79 78 77 49 31 30 29 28 27 26 25 24 23 16 15 14 13 12 11 10 9 8 7 6 5 4 3 2 1 0 
83 440 426 425 424 408 385 383 360 359 358 285 284 241 240 239 238 237 215 214 213 212 211 210 209 208 180 127 85 84 82 81 80 79 78 77 49 31 30 29 28 27 26 25 24 16 15 14 13 12 11 10 9 8 7 6 5 4 3 2 1 0 
84 440 426 425 424 408 385 383 360 359 358 285 284 241 240 239 238 237 215 214 213 212 211 210 209 208 180 127 85 83 82 81 80 79 78 77 49 31 30 29 28 27 26 25 16 15 14 13 12 11 10 9 8 7 6 5 4 3 2 1 0 
85 440 426 425 424 408 385 383 360 359 358 285 284 241 240 239 238 237 215 214 213 212 211 210 209 208 180 127 84 83 82 81 80 79 78 77 49 31 30 29 28 27 26 16 15 14 13 12 11 10 9 8 7 6 5 4 3 2 1 0 
86 31 30 29 28 27 26 25 24 23 22 21 20 19 18 17 16 13 12 11 1 0 
87 31 30 29 28 27 26 25 24 23 22 21 20 19 18 17 16 13 12 11 1 0 
88 450 447 444 443 442 438 436 435 434 433 432 431 430 429 428 422 421 419 418 417 416 415 414 413 412 411 410 405 404 403 402 401 399 398 397 396 393 392 391 390 389 388 387 382 379 376 375 374 373 372 371 370 369 368 367 366 365 364 363 362 355 354 353 352 351 350 349 348 347 346 345 344 342 338 337 334 333 332 331 330 329 328 325 323 322 321 320 319 318 317 316 315 314 313 312 311 310 309 308 307 306 305 304 303 302 299 298 297 296 295 294 293 292 291 290 289 288 287 282 280 278 277 276 274 273 272 271 270 269 268 267 254 253 252 251 248 247 244 243 234 233 232 231 230 229 228 227 226 225 224 223 222 221 220 219 218 217 205 204 203 202 201 200 199 198 197 196 195 194 193 192 191 190 189 188 187 186 185 184 183 182 181 179 178 177 175 170 169 168 167 166 165 164 162 161 160 159 158 157 155 154 153 152 151 150 148 147 146 145 141 140 138 137 136 135 134 133 132 131 130 129 125 124 123 121 120 117 116 115 114 113 112 111 110 109 108 104 103 102 101 100 99 98 97 96 95 94 93 92 91 90 68 67 66 65 64 63 62 61 60 59 58 57 56 55 51 44 43 42 37 32 31 30 29 28 27 26 25 24 23 22 21 20 19 18 17 16 15 14 13 12 11 10 1 0 
89 
90 88 32 31 30 29 28 27 26 25 24 23 22 21 20 19 18 17 16 13 1 0 
91 94 93 92 88 32 31 30 29 28 27 26 25 24 23 22 21 20 19 18 17 16 13 1 0 
92 91 88 32 31 30 29 28 27 26 25 24 23 22 21 20 19 18 17 16 1 0 
93 91 88 32 31 30 29 28 27 26 25 24 23 22 21 20 19 18 17 16 1 0 
94 450 447 444 443 442 438 436 435 434 433 432 431 430 429 428 422 421 419 418 417 416 415 414 413 412 411 410 405 404 403 402 401 399 398 397 396 393 392 391 390 389 388 387 382 379 376 375 374 373 372 371 370 369 368 367 366 365 364 363 362 355 354 353 352 351 350 349 348 347 346 345 344 342 338 337 334 333 332 331 330 329 328 325 323 322 321 320 318 317 316 315 314 313 312 311 310 309 308 307 306 305 304 303 302 299 298 297 296 295 294 293 292 291 290 289 288 251 248 247 244 243 234 233 232 231 230 229 228 227 226 225 224 223 222 221 220 219 218 217 205 204 203 202 201 200 199 198 197 196 195 194 193 192 191 190 189 188 187 186 185 184 183 182 181 179 178 177 175 170 169 168 167 166 165 164 162 161 160 159 158 157 155 154 153 152 151 150 148 147 146 145 141 140 138 137 136 135 134 133 132 131 130 129 125 124 123 121 120 117 116 115 114 113 112 111 110 109 108 104 103 102 101 100 99 98 97 96 95 91 88 68 67 66 64 63 62 61 60 59 58 57 56 51 44 43 42 37 32 31 30 29 28 27 26 25 24 23 22 21 20 19 18 17 16 15 14 13 12 11 10 1 0 
95 94 88 32 31 30 29 28 27 26 25 24 23 22 21 20 19 18 17 16 1 0 
96 99 98 97 94 88 32 31 30 29 28 27 26 25 24 23 22 21 20 19 18 17 16 1 0 
97 101 100 99 98 96 94 88 32 31 30 29 28 27 26 25 24 23 22 21 20 19 18 17 16 1 0 
98 97 96 94 88 32 31 30 29 28 27 26 25 24 23 22 21 20 19 18 17 16 1 0 
99 129 125 124 123 121 120 117 116 115 114 113 112 111 110 109 108 104 103 102 101 100 97 96 94 88 60 59 58 32 31 30 29 28 27 26 25 24 23 22 21 20 19 18 17 16 1 0 
100 102 101 99 97 94 88 32 31 30 29 28 27 26 25 24 23 22 21 20 19 18 17 16 1 0 
101 104 103 102 100 99 97 94 88 59 58 32 31 30 29 28 27 26 25 24 23 22 21 20 19 18 17 16 1 0 
102 108 104 103 101 100 99 94 88 59 58 32 31 30 29 28 27 26 25 24 23 22 21 20 19 18 17 16 1 0 
103 129 125 124 123 121 120 117 116 115 114 113 112 111 110 109 108 104 102 101 99 94 88 60 59 58 32 31 30 29 28 27 26 25 24 23 22 21 20 19 18 17 16 1 0 
104 103 102 101 99 94 88 32 31 30 29 28 27 26 25 24 23 22 21 20 19 18 17 16 1 0 
105 
106 
107 
108 114 113 112 111 110 109 103 102 99 94 88 59 58 32 31 30 29 28 27 26 25 24 23 22 21 20 19 18 17 16 1 0 
109 112 111 110 108 103 99 94 88 59 58 32 31 30 29 28 27 26 25 24 23 22 21 20 19 18 17 16 1 0 
110 111 109 108 103 99 94 88 59 58 32 31 30 29 28 27 26 25 24 23 22 21 20 19 18 17 16 1 0 
111 112 110 109 108 103 99 94 88 59 58 32 31 30 29 28 27 26 25 24 23 22 21 20 19 18 17 16 1 0 
112 129 125 124 123 121 120 117 116 115 114 113 111 109 108 103 99 94 88 60 59 58 32 31 30 29 28 27 26 25 24 23 22 21 20 19 18 17 16 1 0 
113 129 125 124 123 121 120 117 116 115 114 112 108 103 99 94 88 60 59 58 32 31 30 29 28 27 26 25 24 23 22 21 20 19 18 17 16 1 0 
114 113 112 108 103 99 94 88 59 58 32 31 30 29 28 27 26 25 24 23 22 21 20 19 18 17 16 1 0 
115 113 112 103 99 94 88 59 58 32 31 30 29 28 27 26 25 24 23 22 21 20 19 18 17 16 1 0 
116 113 112 103 99 94 88 59 58 32 31 30 29 28 27 26 25 24 23 22 21 20 19 18 17 16 1 0 
117 113 112 103 99 94 88 59 58 32 31 30 29 28 27 26 25 24 23 22 21 20 19 18 17 16 1 0 
118 
119 
120 113 112 103 99 94 88 59 58 32 31 30 29 28 27 26 25 24 23 22 21 20 19 18 17 16 1 0 
121 124 123 113 112 103 99 94 88 60 59 58 32 31 30 29 28 27 26 25 24 23 22 21 20 19 18 17 16 1 0 
122 
123 129 125 124 121 113 112 103 99 94 88 60 59 58 32 31 30 29 28 27 26 25 24 23 22 21 20 19 18 17 16 1 0 
124 129 125 123 121 113 112 103 99 94 88 60 59 58 32 31 30 29 28 27 26 25 24 23 22 21 20 19 18 17 16 1 0 
125 129 124 123 113 112 103 99 94 88 60 59 58 32 31 30 29 28 27 26 25 24 23 22 21 20 19 18 17 16 1 0 
126 
127 85 84 83 82 81 80 79 78 77 16 15 14 13 12 11 10 9 8 7 6 5 4 3 2 1 0 
128 
129 125 124 123 113 112 103 99 94 88 60 59 58 32 31 30 29 28 27 26 25 24 23 22 21 20 19 18 17 16 1 0 
130 131 94 88 32 31 30 29 28 27 26 25 24 23 22 21 20 19 18 17 16 1 0 
131 132 130 94 88 32 31 30 29 28 27 26 25 24 23 22 21 20 19 18 17 16 1 0 
132 131 94 88 32 31 30 29 28 27 26 25 24 23 22 21 20 19 18 17 16 1 0 
133 134 94 88 32 31 30 29 28 27 26 25 24 23 22 21 20 19 18 17 16 1 0 
134 133 94 88 32 31 30 29 28 27 26 25 24 23 22 21 20 19 18 17 16 1 0 
135 94 88 32 31 30 29 28 27 26 25 24 23 22 21 20 19 18 17 16 1 0 
136 94 88 32 31 30 29 28 27 26 25 24 23 22 21 20 19 18 17 16 1 0 
137 138 94 88 32 31 30 29 28 27 26 25 24 23 22 21 20 19 18 17 16 1 0 
138 137 94 88 32 31 30 29 28 27 26 25 24 23 22 21 20 19 18 17 16 1 0 
139 
140 141 94 88 32 31 30 29 28 27 26 25 24 23 22 21 20 19 18 17 16 1 0 
141 243 234 233 232 231 230 229 228 227 226 225 224 223 222 221 220 219 218 217 205 204 203 202 201 200 199 198 197 196 195 194 193 192 191 190 189 188 187 186 185 184 183 182 181 179 178 177 175 170 169 168 167 166 165 164 162 160 159 158 157 155 154 153 152 151 150 148 147 146 145 140 94 88 62 61 44 42 32 31 30 29 28 27 26 25 24 23 22 21 20 19 18 17 16 15 14 13 12 11 10 1 0 
142 
143 
144 
145 141 94 88 44 32 31 30 29 28 27 26 25 24 23 22 21 20 19 18 17 16 1 0 
146 141 94 88 44 32 31 30 29 28 27 26 25 24 23 22 21 20 19 18 17 16 1 0 
147 148 141 94 88 44 32 31 30 29 28 27 26 25 24 23 22 21 20 19 18 17 16 1 0 
148 147 141 94 88 44 32 31 30 29 28 27 26 25 24 23 22 21 20 19 18 17 16 1 0 
149 
150 141 94 88 44 32 31 30 29 28 27 26 25 24 23 22 21 20 19 18 17 16 1 0 
151 141 94 88 44 32 31 30 29 28 27 26 25 24 23 22 21 20 19 18 17 16 1 0 
152 153 141 94 88 44 32 31 30 29 28 27 26 25 24 23 22 21 20 19 18 17 16 1 0 
153 152 141 94 88 44 32 31 30 29 28 27 26 25 24 23 22 21 20 19 18 17 16 1 0 
154 141 94 88 44 32 31 30 29 28 27 26 25 24 23 22 21 20 19 18 17 16 1 0 
155 141 94 88 44 32 31 30 29 28 27 26 25 24 23 22 21 20 19 18 17 16 1 0 
156 
157 141 94 88 44 32 31 30 29 28 27 26 25 24 23 22 21 20 19 18 17 16 1 0 
158 159 141 94 88 44 32 31 30 29 28 27 26 25 24 23 22 21 20 19 18 17 16 1 0 
159 158 141 94 88 44 32 31 30 29 28 27 26 25 24 23 22 21 20 19 18 17 16 1 0 
160 141 94 88 44 32 31 30 29 28 27 26 25 24 23 22 21 20 19 18 17 16 1 0 
161 94 88 44 32 31 30 29 28 27 26 25 24 23 22 21 20 19 18 17 16 1 0 
162 141 94 88 44 32 31 30 29 28 27 26 25 24 23 22 21 20 19 18 17 16 1 0 
163 
164 141 94 88 44 42 32 31 30 29 28 27 26 25 24 23 22 21 20 19 18 17 16 1 0 
165 141 94 88 44 42 32 31 30 29 28 27 26 25 24 23 22 21 20 19 18 17 16 1 0 
166 243 234 233 232 231 230 229 228 227 226 225 224 223 222 221 220 219 218 181 179 175 170 169 168 167 141 94 88 61 44 42 32 31 30 29 28 27 26 25 24 23 22 21 20 19 18 17 16 15 14 13 12 11 10 1 0 
167 169 168 166 141 94 88 44 42 32 31 30 29 28 27 26 25 24 23 22 21 20 19 18 17 16 1 0 
168 170 169 167 166 141 94 88 44 42 32 31 30 29 28 27 26 25 24 23 22 21 20 19 18 17 16 1 0 
169 243 234 233 232 231 230 229 228 227 226 225 224 223 222 221 220 219 218 182 181 179 175 170 168 167 166 141 94 88 61 44 42 32 31 30 29 28 27 26 25 24 23 22 21 20 19 18 17 16 15 14 13 12 11 10 1 0 
170 169 168 166 141 94 88 44 42 32 31 30 29 28 27 26 25 24 23 22 21 20 19 18 17 16 1 0 
171 
172 
173 
174 
175 169 166 141 94 88 44 42 32 31 30 29 28 27 26 25 24 23 22 21 20 19 18 17 16 1 0 
176 
177 141 94 88 44 42 32 31 30 29 28 27 26 25 24 23 22 21 20 19 18 17 16 1 0 
178 141 94 88 44 42 32 31 30 29 28 27 26 25 24 23 22 21 20 19 18 17 16 1 0 
179 169 166 141 94 88 44 42 32 31 30 29 28 27 26 25 24 23 22 21 20 19 18 17 16 1 0 
180 215 214 213 212 211 210 209 208 85 84 83 82 81 80 79 78 77 16 15 14 13 12 11 10 9 8 7 6 5 4 3 2 1 0 
181 188 187 186 185 184 183 182 169 166 141 94 88 44 42 32 31 30 29 28 27 26 25 24 23 22 21 20 19 18 17 16 1 0 
182 189 188 187 186 185 184 183 181 169 141 94 88 44 42 32 31 30 29 28 27 26 25 24 23 22 21 20 19 18 17 16 1 0 
183 186 185 184 182 181 141 94 88 44 42 32 31 30 29 28 27 26 25 24 23 22 21 20 19 18 17 16 1 0 
184 183 182 181 141 94 88 44 42 32 31 30 29 28 27 26 25 24 23 22 21 20 19 18 17 16 1 0 
185 183 182 181 141 94 88 44 42 32 31 30 29 28 27 26 25 24 23 22 21 20 19 18 17 16 1 0 
186 187 183 182 181 141 94 88 44 42 32 31 30 29 28 27 26 25 24 23 22 21 20 19 18 17 16 1 0 
187 191 190 189 188 186 182 181 141 94 88 44 42 32 31 30 29 28 27 26 25 24 23 22 21 20 19 18 17 16 1 0 
188 192 191 190 189 187 182 181 141 94 88 44 42 32 31 30 29 28 27 26 25 24 23 22 21 20 19 18 17 16 1 0 
189 193 192 191 190 188 187 182 141 94 88 44 42 32 31 30 29 28 27 26 25 24 23 22 21 20 19 18 17 16 1 0 
190 194 193 192 191 189 188 187 141 94 88 44 42 32 31 30 29 28 27 26 25 24 23 22 21 20 19 18 17 16 1 0 
191 217 205 204 203 202 201 200 199 198 197 196 195 194 193 192 190 189 188 187 141 94 88 62 44 42 32 31 30 29 28 27 26 25 24 23 22 21 20 19 18 17 16 1 0 
192 196 195 194 193 191 190 189 188 141 94 88 44 42 32 31 30 29 28 27 26 25 24 23 22 21 20 19 18 17 16 1 0 
193 204 203 202 201 200 199 198 197 196 195 194 192 191 190 189 141 94 88 44 42 32 31 30 29 28 27 26 25 24 23 22 21 20 19 18 17 16 1 0 
194 200 199 198 197 196 195 193 192 191 190 141 94 88 44 42 32 31 30 29 28 27 26 25 24 23 22 21 20 19 18 17 16 1 0 
195 202 201 200 199 198 197 196 194 193 192 191 141 94 88 44 42 32 31 30 29 28 27 26 25 24 23 22 21 20 19 18 17 16 1 0 
196 195 194 193 192 191 141 94 88 44 42 32 31 30 29 28 27 26 25 24 23 22 21 20 19 18 17 16 1 0 
197 217 205 204 203 202 201 200 199 198 195 194 193 191 141 94 88 62 44 42 32 31 30 29 28 27 26 25 24 23 22 21 20 19 18 17 16 1 0 
198 199 197 195 194 193 191 141 94 88 44 42 32 31 30 29 28 27 26 25 24 23 22 21 20 19 18 17 16 1 0 
199 200 198 197 195 194 193 191 141 94 88 44 42 32 31 30 29 28 27 26 25 24 23 22 21 20 19 18 17 16 1 0 
200 217 205 204 203 202 201 199 197 195 194 193 191 141 94 88 62 44 42 32 31 30 29 28 27 26 25 24 23 22 21 20 19 18 17 16 1 0 
201 217 205 204 203 202 200 197 195 193 191 141 94 88 62 44 42 32 31 30 29 28 27 26 25 24 23 22 21 20 19 18 17 16 1 0 
202 201 200 197 195 193 191 141 94 88 44 42 32 31 30 29 28 27 26 25 24 23 22 21 20 19 18 17 16 1 0 
203 217 205 204 201 200 197 193 191 141 94 88 62 44 42 32 31 30 29 28 27 26 25 24 23 22 21 20 19 18 17 16 1 0 
204 203 201 200 197 193 191 141 94 88 44 42 32 31 30 29 28 27 26 25 24 23 22 21 20 19 18 17 16 1 0 
205 217 203 201 200 197 191 141 94 88 62 44 42 32 31 30 29 28 27 26 25 24 23 22 21 20 19 18 17 16 1 0 
206 
207 
208 209 180 85 84 83 82 81 80 79 78 77 16 15 14 13 12 11 10 9 8 7 6 5 4 3 2 1 0 
209 208 180 85 84 83 82 81 80 79 78 77 16 15 14 13 12 11 10 9 8 7 6 5 4 3 2 1 0 
210 213 212 211 180 85 84 83 82 81 80 79 78 77 16 15 14 13 12 11 10 9 8 7 6 5 4 3 2 1 0 
211 212 210 180 85 84 83 82 81 80 79 78 77 16 15 14 13 12 11 10 9 8 7 6 5 4 3 2 1 0 
212 211 210 180 85 84 83 82 81 80 79 78 77 16 15 14 13 12 11 10 9 8 7 6 5 4 3 2 1 0 
213 214 210 180 85 84 83 82 81 80 79 78 77 16 15 14 13 12 11 10 9 8 7 6 5 4 3 2 1 0 
214 213 180 85 84 83 82 81 80 79 78 77 16 15 14 13 12 11 10 9 8 7 6 5 4 3 2 1 0 
215 180 85 84 83 82 81 80 79 78 77 16 15 14 13 12 11 10 9 8 7 6 5 4 3 2 1 0 
216 
217 205 203 201 200 197 191 141 94 88 62 44 42 32 31 30 29 28 27 26 25 24 23 22 21 20 19 18 17 16 1 0 
218 169 166 141 94 88 44 42 32 31 30 29 28 27 26 25 24 23 22 21 20 19 18 17 16 1 0 
219 221 220 169 166 141 94 88 44 42 32 31 30 29 28 27 26 25 24 23 22 21 20 19 18 17 16 1 0 
220 222 221 219 169 166 141 94 88 44 42 32 31 30 29 28 27 26 25 24 23 22 21 20 19 18 17 16 1 0 
221 223 222 220 219 169 166 141 94 88 44 42 32 31 30 29 28 27 26 25 24 23 22 21 20 19 18 17 16 1 0 
222 226 225 224 223 221 220 169 166 141 94 88 44 42 32 31 30 29 28 27 26 25 24 23 22 21 20 19 18 17 16 1 0 
223 227 226 225 224 222 221 169 166 141 94 88 44 42 32 31 30 29 28 27 26 25 24 23 22 21 20 19 18 17 16 1 0 
224 225 223 222 169 166 141 94 88 44 42 32 31 30 29 28 27 26 25 24 23 22 21 20 19 18 17 16 1 0 
225 243 234 233 232 231 230 229 228 227 226 224 223 222 169 166 141 94 88 61 44 42 32 31 30 29 28 27 26 25 24 23 22 21 20 19 18 17 16 1 0 
226 233 232 231 230 229 228 227 225 223 222 169 166 141 94 88 44 42 32 31 30 29 28 27 26 25 24 23 22 21 20 19 18 17 16 1 0 
227 229 228 226 225 223 169 166 141 94 88 44 42 32 31 30 29 28 27 26 25 24 23 22 21 20 19 18 17 16 1 0 
228 231 230 229 227 226 225 169 166 141 94 88 44 42 32 31 30 29 28 27 26 25 24 23 22 21 20 19 18 17 16 1 0 
229 228 227 226 225 169 166 141 94 88 44 42 32 31 30 29 28 27 26 25 24 23 22 21 20 19 18 17 16 1 0 
230 243 234 233 232 231 228 226 225 169 166 141 94 88 61 44 42 32 31 30 29 28 27 26 25 24 23 22 21 20 19 18 17 16 1 0 
231 230 228 226 225 169 166 141 94 88 44 42 32 31 30 29 28 27 26 25 24 23 22 21 20 19 18 17 16 1 0 
232 243 234 233 230 226 225 169 166 141 94 88 61 44 42 32 31 30 29 28 27 26 25 24 23 22 21 20 19 18 17 16 1 0 
233 232 230 226 225 169 166 141 94 88 44 42 32 31 30 29 28 27 26 25 24 23 22 21 20 19 18 17 16 1 0 
234 243 232 230 225 169 166 141 94 88 61 44 42 32 31 30 29 28 27 26 25 24 23 22 21 20 19 18 17 16 1 0 
235 
236 
237 238 85 84 83 82 81 80 79 78 77 16 15 14 13 12 11 10 9 8 7 6 5 4 3 2 1 0 
238 237 85 84 83 82 81 80 79 78 77 16 15 14 13 12 11 10 9 8 7 6 5 4 3 2 1 0 
239 240 85 84 83 82 81 80 79 78 77 16 15 14 13 12 11 10 9 8 7 6 5 4 3 2 1 0 
240 239 85 84 83 82 81 80 79 78 77 16 15 14 13 12 11 10 9 8 7 6 5 4 3 2 1 0 
241 85 84 83 82 81 80 79 78 77 16 15 14 13 12 11 10 9 8 7 6 5 4 3 2 1 0 
242 
243 234 232 230 225 169 166 141 94 88 61 44 42 32 31 30 29 28 27 26 25 24 23 22 21 20 19 18 17 16 1 0 
244 94 88 44 32 31 30 29 28 27 26 25 24 23 22 21 20 19 18 17 16 1 0 
245 
246 
247 94 88 31 30 29 28 27 26 25 24 23 22 21 20 19 18 17 16 1 0 
248 94 88 31 30 29 28 27 26 25 24 23 22 21 20 19 18 17 16 1 0 
249 
250 
251 94 88 51 37 31 30 29 28 27 26 25 24 23 22 21 20 19 18 17 16 1 0 
252 88 51 37 31 30 29 28 27 26 25 24 23 22 21 20 19 18 17 16 1 0 
253 254 88 37 31 30 29 28 27 26 25 24 23 22 21 20 19 18 17 16 1 0 
254 253 88 37 31 30 29 28 27 26 25 24 23 22 21 20 19 18 17 16 1 0 
255 256 31 30 29 28 27 26 25 24 23 22 21 20 19 18 17 16 1 0 
256 255 31 30 29 28 27 26 25 24 23 22 21 20 19 18 17 16 1 0 
257 258 31 30 29 28 27 26 25 24 23 22 21 20 19 18 17 16 1 0 
258 257 31 30 29 28 27 26 25 24 23 22 21 20 19 18 17 16 1 0 
259 266 265 264 263 262 261 260 31 30 29 28 27 26 25 24 23 22 21 20 19 18 17 16 1 0 
260 266 265 264 263 262 261 259 31 30 29 28 27 26 25 24 23 22 21 20 19 18 17 16 15 1 0 
261 266 265 264 263 262 260 259 31 30 29 28 27 26 25 24 23 22 21 20 19 18 17 16 15 9 1 0 
262 266 265 264 263 261 260 259 31 30 29 28 27 26 25 24 23 22 21 20 19 18 17 16 15 9 8 1 0 
263 266 265 264 262 261 260 259 31 30 29 28 27 26 25 24 23 22 21 20 19 18 17 16 15 9 8 7 1 0 
264 266 265 263 262 261 260 259 31 30 29 28 27 26 25 24 23 22 21 20 19 18 17 16 15 9 8 7 6 1 0 
265 266 264 263 262 261 260 259 31 30 29 28 27 26 25 24 23 22 21 20 19 18 17 16 15 9 8 7 6 5 1 0 
266 265 264 263 262 261 260 259 31 30 29 28 27 26 25 24 23 22 21 20 19 18 17 16 15 9 8 7 6 5 4 1 0 
267 269 268 88 51 37 31 30 29 28 27 26 25 24 23 22 21 20 19 18 17 16 1 0 
268 270 269 267 88 51 37 31 30 29 28 27 26 25 24 23 22 21 20 19 18 17 16 1 0 
269 287 282 280 278 277 276 274 273 272 271 270 268 267 88 65 55 51 37 31 30 29 28 27 26 25 24 23 22 21 20 19 18 17 16 1 0 
270 271 269 268 88 51 37 31 30 29 28 27 26 25 24 23 22 21 20 19 18 17 16 1 0 
271 274 273 272 270 269 88 55 51 37 31 30 29 28 27 26 25 24 23 22 21 20 19 18 17 16 1 0 
272 287 282 280 278 277 276 274 273 271 269 88 65 55 51 37 31 30 29 28 27 26 25 24 23 22 21 20 19 18 17 16 1 0 
273 272 271 269 88 51 37 31 30 29 28 27 26 25 24 23 22 21 20 19 18 17 16 1 0 
274 287 282 280 278 277 276 272 271 269 88 65 55 51 37 31 30 29 28 27 26 25 24 23 22 21 20 19 18 17 16 1 0 
275 
276 277 274 272 269 88 55 51 37 31 30 29 28 27 26 25 24 23 22 21 20 19 18 17 16 1 0 
277 276 274 272 269 88 55 51 37 31 30 29 28 27 26 25 24 23 22 21 20 19 18 17 16 1 0 
278 287 282 280 274 272 269 88 65 55 51 37 31 30 29 28 27 26 25 24 23 22 21 20 19 18 17 16 1 0 
279 
280 278 274 272 269 88 55 51 37 31 30 29 28 27 26 25 24 23 22 21 20 19 18 17 16 1 0 
281 
282 287 278 274 272 269 88 65 55 51 37 31 30 29 28 27 26 25 24 23 22 21 20 19 18 17 16 1 0 
283 
284 85 84 83 82 81 80 79 78 77 16 15 14 13 12 11 10 9 8 7 6 5 4 3 2 1 0 
285 85 84 83 82 81 80 79 78 77 16 15 14 13 12 11 10 9 8 7 6 5 4 3 2 1 0 
286 
287 282 278 274 272 269 88 65 55 51 37 31 30 29 28 27 26 25 24 23 22 21 20 19 18 17 16 1 0 
288 290 289 94 88 51 37 31 30 29 28 27 26 25 24 23 22 21 20 19 18 17 16 1 0 
289 288 94 88 51 37 31 30 29 28 27 26 25 24 23 22 21 20 19 18 17 16 1 0 
290 291 288 94 88 51 37 31 30 29 28 27 26 25 24 23 22 21 20 19 18 17 16 1 0 
291 290 94 88 51 37 31 30 29 28 27 26 25 24 23 22 21 20 19 18 17 16 1 0 
292 297 296 295 294 293 94 88 51 37 31 30 29 28 27 26 25 24 23 22 21 20 19 18 17 16 1 0 
293 296 295 294 292 94 88 51 37 31 30 29 28 27 26 25 24 23 22 21 20 19 18 17 16 1 0 
294 297 296 295 293 292 94 88 51 37 31 30 29 28 27 26 25 24 23 22 21 20 19 18 17 16 1 0 
295 294 293 292 94 88 51 37 31 30 29 28 27 26 25 24 23 22 21 20 19 18 17 16 1 0 
296 410 405 404 403 402 401 399 398 397 396 393 392 391 390 389 388 387 382 379 376 375 374 373 372 371 370 369 368 367 366 365 364 363 362 355 354 353 352 351 350 349 348 347 346 345 344 342 338 337 334 333 332 331 330 329 328 325 323 322 321 320 318 317 316 315 314 313 312 311 310 309 308 307 306 305 304 303 302 299 298 297 294 293 292 94 88 68 67 66 57 56 51 43 37 31 30 29 28 27 26 25 24 23 22 21 20 19 18 17 16 15 14 13 12 11 10 1 0 
297 296 294 292 94 88 51 37 31 30 29 28 27 26 25 24 23 22 21 20 19 18 17 16 1 0 
298 296 94 88 51 37 31 30 29 28 27 26 25 24 23 22 21 20 19 18 17 16 1 0 
299 296 94 88 51 37 31 30 29 28 27 26 25 24 23 22 21 20 19 18 17 16 1 0 
300 
301 
302 296 94 88 51 37 31 30 29 28 27 26 25 24 23 22 21 20 19 18 17 16 1 0 
303 296 94 88 51 37 31 30 29 28 27 26 25 24 23 22 21 20 19 18 17 16 1 0 
304 305 296 94 88 51 37 31 30 29 28 27 26 25 24 23 22 21 20 19 18 17 16 1 0 
305 304 296 94 88 51 37 31 30 29 28 27 26 25 24 23 22 21 20 19 18 17 16 1 0 
306 296 94 88 51 37 31 30 29 28 27 26 25 24 23 22 21 20 19 18 17 16 1 0 
307 296 94 88 51 37 31 30 29 28 27 26 25 24 23 22 21 20 19 18 17 16 1 0 
308 296 94 88 51 37 31 30 29 28 27 26 25 24 23 22 21 20 19 18 17 16 1 0 
309 313 312 311 310 296 94 88 51 37 31 30 29 28 27 26 25 24 23 22 21 20 19 18 17 16 1 0 
310 311 309 296 94 88 51 37 31 30 29 28 27 26 25 24 23 22 21 20 19 18 17 16 1 0 
311 310 309 296 94 88 51 37 31 30 29 28 27 26 25 24 23 22 21 20 19 18 17 16 1 0 
312 309 296 94 88 51 37 31 30 29 28 27 26 25 24 23 22 21 20 19 18 17 16 1 0 
313 309 296 94 88 51 37 31 30 29 28 27 26 25 24 23 22 21 20 19 18 17 16 1 0 
314 296 94 88 51 37 31 30 29 28 27 26 25 24 23 22 21 20 19 18 17 16 1 0 
315 296 94 88 51 37 31 30 29 28 27 26 25 24 23 22 21 20 19 18 17 16 1 0 
316 317 296 94 88 51 37 31 30 29 28 27 26 25 24 23 22 21 20 19 18 17 16 1 0 
317 316 296 94 88 51 37 31 30 29 28 27 26 25 24 23 22 21 20 19 18 17 16 1 0 
318 296 94 88 51 37 31 30 29 28 27 26 25 24 23 22 21 20 19 18 17 16 1 0 
319 88 51 37 31 30 29 28 27 26 25 24 23 22 21 20 19 18 17 16 1 0 
320 321 296 94 88 51 37 31 30 29 28 27 26 25 24 23 22 21 20 19 18 17 16 1 0 
321 320 296 94 88 51 37 31 30 29 28 27 26 25 24 23 22 21 20 19 18 17 16 1 0 
322 296 94 88 51 37 31 30 29 28 27 26 25 24 23 22 21 20 19 18 17 16 1 0 
323 296 94 88 51 37 31 30 29 28 27 26 25 24 23 22 21 20 19 18 17 16 1 0 
324 
325 296 94 88 56 51 37 31 30 29 28 27 26 25 24 23 22 21 20 19 18 17 16 1 0 
326 
327 
328 330 329 296 94 88 56 51 43 37 31 30 29 28 27 26 25 24 23 22 21 20 19 18 17 16 1 0 
329 331 330 328 296 94 88 56 51 43 37 31 30 29 28 27 26 25 24 23 22 21 20 19 18 17 16 1 0 
330 371 370 369 368 367 366 365 364 363 332 331 329 328 296 94 88 56 51 43 37 31 30 29 28 27 26 25 24 23 22 21 20 19 18 17 16 1 0 
331 382 379 376 375 374 373 372 371 370 369 368 367 366 365 364 363 354 353 352 351 350 349 348 347 346 338 337 334 333 332 330 329 296 94 88 67 56 51 43 37 31 30 29 28 27 26 25 24 23 22 21 20 19 18 17 16 15 14 13 12 11 10 1 0 
332 331 330 296 94 88 56 51 43 37 31 30 29 28 27 26 25 24 23 22 21 20 19 18 17 16 1 0 
333 334 331 296 94 88 56 43 37 31 30 29 28 27 26 25 24 23 22 21 20 19 18 17 16 1 0 
334 333 331 296 94 88 56 43 37 31 30 29 28 27 26 25 24 23 22 21 20 19 18 17 16 1 0 
335 
336 
337 331 296 94 88 56 43 31 30 29 28 27 26 25 24 23 22 21 20 19 18 17 16 1 0 
338 331 296 94 88 56 43 31 30 29 28 27 26 25 24 23 22 21 20 19 18 17 16 1 0 
339 
340 
341 
342 296 94 88 56 51 43 37 31 30 29 28 27 26 25 24 23 22 21 20 19 18 17 16 1 0 
343 
344 296 94 88 56 51 43 37 31 30 29 28 27 26 25 24 23 22 21 20 19 18 17 16 1 0 
345 296 94 88 56 51 43 37 31 30 29 28 27 26 25 24 23 22 21 20 19 18 17 16 1 0 
346 331 296 94 88 56 51 43 37 31 30 29 28 27 26 25 24 23 22 21 20 19 18 17 16 1 0 
347 331 296 94 88 56 51 43 37 31 30 29 28 27 26 25 24 23 22 21 20 19 18 17 16 1 0 
348 331 296 94 88 56 51 43 37 31 30 29 28 27 26 25 24 23 22 21 20 19 18 17 16 1 0 
349 350 331 296 94 88 56 51 43 37 31 30 29 28 27 26 25 24 23 22 21 20 19 18 17 16 1 0 
350 362 355 354 353 352 351 349 331 296 94 88 68 56 51 43 37 31 30 29 28 27 26 25 24 23 22 21 20 19 18 17 16 1 0 
351 352 350 331 296 94 88 56 51 43 37 31 30 29 28 27 26 25 24 23 22 21 20 19 18 17 16 1 0 
352 351 350 331 296 94 88 56 51 43 37 31 30 29 28 27 26 25 24 23 22 21 20 19 18 17 16 1 0 
353 362 355 354 350 331 296 94 88 68 56 51 43 37 31 30 29 28 27 26 25 24 23 22 21 20 19 18 17 16 1 0 
354 353 350 331 296 94 88 56 51 43 37 31 30 29 28 27 26 25 24 23 22 21 20 19 18 17 16 1 0 
355 362 353 350 296 94 88 68 56 51 43 37 31 30 29 28 27 26 25 24 23 22 21 20 19 18 17 16 1 0 
356 
357 
358 359 85 84 83 82 81 80 79 78 77 16 15 14 13 12 11 10 9 8 7 6 5 4 3 2 1 0 
359 358 85 84 83 82 81 80 79 78 77 16 15 14 13 12 11 10 9 8 7 6 5 4 3 2 1 0 
360 85 84 83 82 81 80 79 78 77 16 15 14 13 12 11 10 9 8 7 6 5 4 3 2 1 0 
361 
362 355 353 350 296 94 88 68 56 51 43 37 31 30 29 28 27 26 25 24 23 22 21 20 19 18 17 16 1 0 
363 331 330 296 94 88 56 43 37 31 30 29 28 27 26 25 24 23 22 21 20 19 18 17 16 1 0 
364 331 330 296 94 88 56 43 37 31 30 29 28 27 26 25 24 23 22 21 20 19 18 17 16 1 0 
365 367 366 331 330 296 94 88 56 43 37 31 30 29 28 27 26 25 24 23 22 21 20 19 18 17 16 1 0 
366 365 331 330 296 94 88 56 43 37 31 30 29 28 27 26 25 24 23 22 21 20 19 18 17 16 1 0 
367 382 379 376 375 374 373 372 371 370 369 368 365 331 330 296 94 88 67 56 43 37 31 30 29 28 27 26 25 24 23 22 21 20 19 18 17 16 1 0 
368 369 367 331 330 296 94 88 56 43 37 31 30 29 28 27 26 25 24 23 22 21 20 19 18 17 16 1 0 
369 382 379 376 375 374 373 372 371 370 368 367 331 330 296 94 88 67 56 43 37 31 30 29 28 27 26 25 24 23 22 21 20 19 18 17 16 1 0 
370 375 374 373 372 371 369 367 331 330 296 94 88 56 43 37 31 30 29 28 27 26 25 24 23 22 21 20 19 18 17 16 1 0 
371 370 369 367 331 330 296 94 88 56 43 37 31 30 29 28 27 26 25 24 23 22 21 20 19 18 17 16 1 0 
372 382 379 376 375 374 373 370 369 367 331 296 94 88 67 56 43 37 31 30 29 28 27 26 25 24 23 22 21 20 19 18 17 16 1 0 
373 374 372 370 369 367 331 296 94 88 56 43 37 31 30 29 28 27 26 25 24 23 22 21 20 19 18 17 16 1 0 
374 375 373 372 370 369 367 331 296 94 88 56 43 37 31 30 29 28 27 26 25 24 23 22 21 20 19 18 17 16 1 0 
375 382 379 376 374 372 370 369 367 331 296 94 88 67 56 43 37 31 30 29 28 27 26 25 24 23 22 21 20 19 18 17 16 1 0 
376 382 379 375 372 369 367 331 296 94 88 67 56 43 37 31 30 29 28 27 26 25 24 23 22 21 20 19 18 17 16 1 0 
377 
378 
379 376 375 372 369 367 331 296 94 88 67 56 43 37 31 30 29 28 27 26 25 24 23 22 21 20 19 18 17 16 1 0 
380 
381 
382 376 375 372 369 367 331 296 94 88 67 56 43 37 31 30 29 28 27 26 25 24 23 22 21 20 19 18 17 16 1 0 
383 85 84 83 82 81 80 79 78 77 49 16 15 14 13 12 11 10 9 8 7 6 5 4 3 2 1 0 
384 
385 85 84 83 82 81 80 79 78 77 49 16 15 14 13 12 11 10 9 8 7 6 5 4 3 2 1 0 
386 
387 390 389 388 296 94 88 51 37 31 30 29 28 27 26 25 24 23 22 21 20 19 18 17 16 1 0 
388 391 390 389 387 296 94 88 51 37 31 30 29 28 27 26 25 24 23 22 21 20 19 18 17 16 1 0 
389 410 405 404 403 402 401 399 398 397 396 393 392 391 390 388 387 296 94 88 66 57 51 37 31 30 29 28 27 26 25 24 23 22 21 20 19 18 17 16 1 0 
390 391 389 388 387 296 94 88 51 37 31 30 29 28 27 26 25 24 23 22 21 20 19 18 17 16 1 0 
391 392 390 389 388 296 94 88 51 37 31 30 29 28 27 26 25 24 23 22 21 20 19 18 17 16 1 0 
392 393 391 389 296 94 88 57 51 37 31 30 29 28 27 26 25 24 23 22 21 20 19 18 17 16 1 0 
393 410 405 404 403 402 401 399 398 397 396 392 389 296 94 88 66 57 51 37 31 30 29 28 27 26 25 24 23 22 21 20 19 18 17 16 1 0 
394 
395 
396 410 405 404 403 402 401 399 398 397 393 389 296 94 88 66 57 51 37 31 30 29 28 27 26 25 24 23 22 21 20 19 18 17 16 1 0 
397 402 398 396 393 389 296 94 88 57 51 37 31 30 29 28 27 26 25 24 23 22 21 20 19 18 17 16 1 0 
398 404 403 402 397 396 393 389 296 94 88 57 51 37 31 30 29 28 27 26 25 24 23 22 21 20 19 18 17 16 1 0 
399 396 393 389 296 94 88 57 51 37 31 30 29 28 27 26 25 24 23 22 21 20 19 18 17 16 1 0 
400 
401 396 393 389 296 94 88 57 51 37 31 30 29 28 27 26 25 24 23 22 21 20 19 18 17 16 1 0 
402 398 397 396 393 389 296 94 88 57 51 37 31 30 29 28 27 26 25 24 23 22 21 20 19 18 17 16 1 0 
403 410 405 404 398 396 393 389 296 94 88 66 57 51 37 31 30 29 28 27 26 25 24 23 22 21 20 19 18 17 16 1 0 
404 403 398 396 393 389 296 94 88 57 51 37 31 30 29 28 27 26 25 24 23 22 21 20 19 18 17 16 1 0 
405 410 403 396 393 389 296 94 88 66 57 51 37 31 30 29 28 27 26 25 24 23 22 21 20 19 18 17 16 1 0 
406 
407 
408 85 84 83 82 81 80 79 78 77 16 15 14 13 12 11 10 9 8 7 6 5 4 3 2 1 0 
409 
410 405 403 396 393 389 296 94 88 66 57 51 37 31 30 29 28 27 26 25 24 23 22 21 20 19 18 17 16 1 0 
411 94 88 51 37 31 30 29 28 27 26 25 24 23 22 21 20 19 18 17 16 1 0 
412 94 88 51 37 31 30 29 28 27 26 25 24 23 22 21 20 19 18 17 16 1 0 
413 94 88 51 37 31 30 29 28 27 26 25 24 23 22 21 20 19 18 17 16 1 0 
414 415 94 88 51 37 31 30 29 28 27 26 25 24 23 22 21 20 19 18 17 16 1 0 
415 428 422 421 419 418 417 416 414 94 88 64 51 37 31 30 29 28 27 26 25 24 23 22 21 20 19 18 17 16 1 0 
416 417 415 94 88 51 37 31 30 29 28 27 26 25 24 23 22 21 20 19 18 17 16 1 0 
417 416 415 94 88 51 37 31 30 29 28 27 26 25 24 23 22 21 20 19 18 17 16 1 0 
418 428 422 421 419 415 94 88 64 51 37 31 30 29 28 27 26 25 24 23 22 21 20 19 18 17 16 1 0 
419 421 418 415 94 88 64 51 37 31 30 29 28 27 26 25 24 23 22 21 20 19 18 17 16 1 0 
420 
421 428 422 419 418 415 94 88 64 51 37 31 30 29 28 27 26 25 24 23 22 21 20 19 18 17 16 1 0 
422 428 421 418 415 94 88 64 51 37 31 30 29 28 27 26 25 24 23 22 21 20 19 18 17 16 1 0 
423 
424 425 85 84 83 82 81 80 79 78 77 16 15 14 13 12 11 10 9 8 7 6 5 4 3 2 1 0 
425 424 85 84 83 82 81 80 79 78 77 16 15 14 13 12 11 10 9 8 7 6 5 4 3 2 1 0 
426 85 84 83 82 81 80 79 78 77 16 15 14 13 12 11 10 9 8 7 6 5 4 3 2 1 0 
427 
428 422 421 418 415 94 88 64 51 37 31 30 29 28 27 26 25 24 23 22 21 20 19 18 17 16 1 0 
429 94 88 44 32 31 30 29 28 27 26 25 24 23 22 21 20 19 18 17 16 1 0 
430 94 88 44 32 31 30 29 28 27 26 25 24 23 22 21 20 19 18 17 16 1 0 
431 94 88 44 32 31 30 29 28 27 26 25 24 23 22 21 20 19 18 17 16 1 0 
432 433 94 88 44 32 31 30 29 28 27 26 25 24 23 22 21 20 19 18 17 16 1 0 
433 442 438 436 435 434 432 94 88 63 44 32 31 30 29 28 27 26 25 24 23 22 21 20 19 18 17 16 1 0 
434 435 433 94 88 44 32 31 30 29 28 27 26 25 24 23 22 21 20 19 18 17 16 1 0 
435 434 433 94 88 44 32 31 30 29 28 27 26 25 24 23 22 21 20 19 18 17 16 1 0 
436 442 438 433 94 88 63 44 32 31 30 29 28 27 26 25 24 23 22 21 20 19 18 17 16 1 0 
437 
438 442 436 433 94 88 63 44 32 31 30 29 28 27 26 25 24 23 22 21 20 19 18 17 16 1 0 
439 
440 85 84 83 82 81 80 79 78 77 16 15 14 13 12 11 10 9 8 7 6 5 4 3 2 1 0 
441 
442 438 436 433 94 88 63 44 32 31 30 29 28 27 26 25 24 23 22 21 20 19 18 17 16 1 0 
443 94 88 32 31 30 29 28 27 26 25 24 23 22 21 20 19 18 17 16 1 0 
444 94 88 32 31 30 29 28 27 26 25 24 23 22 21 20 19 18 17 16 1 0 
445 
446 
447 94 88 32 31 30 29 28 27 26 25 24 23 22 21 20 19 18 17 16 1 0 
448 
449 
450 94 88 32 31 30 29 28 27 26 25 24 23 22 21 20 19 18 17 16 1 0 

