0 495 492 490 489 487 485 483 482 481 479 477 474 473 472 470 469 468 466 464 462 461 459 458 456 453 451 450 448 444 442 440 437 435 433 432 430 425 422 420 414 412 411 410 408 406 404 403 401 400 397 394 393 392 390 389 387 385 383 382 379 378 367 365 363 359 357 354 350 343 342 339 338 337 335 332 330 328 327 326 324 320 317 316 314 312 309 307 304 302 301 298 296 295 285 282 281 280 279 278 276 275 274 272 270 268 266 264 263 262 261 260 258 257 254 251 250 249 248 247 245 244 243 241 240 239 238 237 235 233 231 229 227 225 224 223 222 221 220 219 218 217 215 213 212 203 202 200 199 196 189 188 184 182 181 171 170 169 167 165 162 160 159 158 155 150 149 148 146 144 140 137 136 135 131 129 128 124 123 122 121 120 119 118 116 115 113 112 109 107 106 105 104 103 102 101 100 99 98 97 96 95 94 93 92 91 90 89 88 87 86 85 84 83 82 81 80 79 78 77 76 75 73 66 65 63 62 61 58 54 49 46 45 44 43 42 37 32 15 14 13 12 11 10 9 8 7 6 5 4 3 2 1 
1 495 492 490 489 487 485 483 482 481 479 477 474 473 472 470 469 468 466 464 462 461 459 458 456 453 451 450 448 444 442 440 437 435 433 432 430 425 422 420 414 412 411 410 408 406 404 403 401 400 397 394 393 392 390 389 387 385 383 382 379 378 367 365 363 359 357 354 350 343 342 339 338 337 335 332 330 328 327 326 324 320 317 316 314 312 309 307 304 302 301 298 296 295 285 282 281 280 279 278 276 275 274 272 270 268 266 264 263 262 261 260 258 257 254 251 250 249 248 247 245 244 243 241 240 239 238 237 235 233 231 229 227 225 224 223 222 221 220 219 218 217 215 213 212 203 202 200 199 196 189 188 184 182 181 171 170 169 167 165 162 160 159 158 155 150 149 148 146 144 140 137 136 135 131 129 128 124 123 122 121 120 119 118 116 115 113 112 109 107 106 105 104 103 102 101 100 99 98 97 96 95 94 93 92 91 90 89 88 87 86 85 84 83 82 81 80 79 78 77 76 75 73 66 65 63 62 61 58 54 49 46 45 44 43 42 37 32 15 14 13 12 11 10 9 8 7 6 5 4 3 2 0 
2 492 474 473 472 453 425 422 394 393 392 317 316 282 281 280 279 278 251 250 249 248 247 245 244 243 215 162 105 104 103 102 101 100 99 98 97 63 15 14 13 12 11 10 9 8 7 6 5 4 3 1 0 
3 492 474 473 472 453 425 422 394 393 392 317 316 282 281 280 279 278 251 250 249 248 247 245 244 243 215 162 105 104 103 102 101 100 99 98 97 63 15 14 13 12 11 10 9 8 7 6 5 4 2 1 0 
4 492 474 473 472 453 425 422 394 393 392 317 316 282 281 280 279 278 251 250 249 248 247 245 244 243 215 162 105 104 103 102 101 100 99 98 97 89 63 15 14 13 12 11 10 9 8 7 6 5 3 2 1 0 
5 492 474 473 472 453 425 422 394 393 392 317 316 282 281 280 279 278 251 250 249 248 247 245 244 243 215 162 105 104 103 102 101 100 99 98 97 90 89 63 15 14 13 12 11 10 9 8 7 6 4 3 2 1 0 
6 492 474 473 472 453 425 422 394 393 392 317 316 282 281 280 279 278 251 250 249 248 247 245 244 243 215 162 105 104 103 102 101 100 99 98 97 91 90 89 63 15 14 13 12 11 10 9 8 7 5 4 3 2 1 0 
7 492 474 473 472 453 425 422 394 393 392 317 316 282 281 280 279 278 251 250 249 248 247 245 244 243 215 162 105 104 103 102 101 100 99 98 97 92 91 90 89 63 15 14 13 12 11 10 9 8 6 5 4 3 2 1 0 
8 492 474 473 472 453 425 422 394 393 392 317 316 282 281 280 279 278 251 250 249 248 247 245 244 243 215 162 105 104 103 102 101 100 99 98 97 93 92 91 90 89 63 15 14 13 12 11 10 9 7 6 5 4 3 2 1 0 
9 492 474 473 472 453 425 422 394 393 392 317 316 282 281 280 279 278 251 250 249 248 247 245 244 243 215 162 105 104 103 102 101 100 99 98 97 94 93 92 91 90 89 63 15 14 13 12 11 10 8 7 6 5 4 3 2 1 0 
10 492 474 473 472 453 425 422 394 393 392 367 365 359 338 337 335 332 328 326 324 317 316 282 281 280 279 278 251 250 249 248 247 245 244 243 215 203 202 200 182 181 170 167 162 124 123 122 121 120 119 118 116 115 113 112 109 107 106 105 104 103 102 101 100 99 98 97 96 95 94 93 92 91 90 89 76 73 63 62 61 58 54 45 44 43 42 15 14 13 12 11 9 8 7 6 5 4 3 2 1 0 
11 492 474 473 472 453 425 422 394 393 392 367 365 359 338 337 335 332 328 326 324 317 316 282 281 280 279 278 251 250 249 248 247 245 244 243 215 203 202 200 182 181 170 167 162 124 123 122 121 120 119 118 116 115 113 112 109 107 106 105 104 103 102 101 100 99 98 97 96 95 94 93 92 91 90 89 76 73 63 62 61 58 54 45 44 43 42 15 14 13 12 10 9 8 7 6 5 4 3 2 1 0 
12 492 474 473 472 453 425 422 394 393 392 367 365 359 338 337 335 332 328 326 324 317 316 282 281 280 279 278 251 250 249 248 247 245 244 243 215 203 202 200 182 181 170 167 162 124 123 122 121 120 119 118 116 115 113 112 109 107 106 105 104 103 102 101 100 99 98 97 96 95 94 93 92 91 90 89 76 73 63 62 61 58 54 45 44 43 42 32 15 14 13 11 10 9 8 7 6 5 4 3 2 1 0 
13 492 474 473 472 453 425 422 394 393 392 367 365 359 338 337 335 332 328 326 324 317 316 282 281 280 279 278 251 250 249 248 247 245 244 243 215 203 202 200 182 181 170 167 162 124 123 122 121 120 119 118 116 115 113 112 109 107 106 105 104 103 102 101 100 99 98 97 96 95 94 93 92 91 90 89 76 73 63 62 61 58 54 45 44 43 42 32 15 14 12 11 10 9 8 7 6 5 4 3 2 1 0 
14 492 474 473 472 453 425 422 394 393 392 367 365 359 338 337 335 332 328 326 324 317 316 282 281 280 279 278 251 250 249 248 247 245 244 243 215 203 202 200 182 181 170 167 162 124 123 122 121 120 119 118 116 115 113 112 109 107 106 105 104 103 102 101 100 99 98 97 96 95 94 93 92 91 90 89 76 73 63 62 61 58 54 45 44 43 42 15 13 12 11 10 9 8 7 6 5 4 3 2 1 0 
15 492 474 473 472 453 425 422 394 393 392 367 365 359 338 337 335 332 328 326 324 317 316 282 281 280 279 278 251 250 249 248 247 245 244 243 215 203 202 200 182 181 170 167 162 124 123 122 121 120 119 118 116 115 113 112 109 107 106 105 104 103 102 101 100 99 98 97 96 95 94 93 92 91 90 89 76 73 63 62 61 58 54 45 44 43 42 14 13 12 11 10 9 8 7 6 5 4 3 2 1 0 
16 495 492 490 489 487 485 483 482 481 479 477 474 473 472 470 469 468 466 464 462 461 459 458 456 453 451 450 448 444 442 440 437 435 433 432 430 425 422 420 414 412 411 410 408 406 404 403 401 400 397 394 393 392 390 389 387 385 383 382 379 378 367 365 363 359 357 354 350 343 342 339 338 337 335 332 330 328 327 326 324 320 317 316 314 312 309 307 304 302 301 298 296 295 285 282 281 280 279 278 276 275 274 272 270 268 266 264 263 262 261 260 258 257 254 251 250 249 248 247 245 244 243 241 240 239 238 237 235 233 231 229 227 225 224 223 222 221 220 219 218 217 215 213 212 203 202 200 199 196 189 188 184 182 181 171 170 169 167 165 162 160 159 158 155 150 149 148 146 144 140 137 136 135 131 129 128 124 123 122 121 120 119 118 116 115 113 112 109 107 106 105 104 103 102 101 100 99 98 97 96 95 94 93 92 91 90 89 88 87 86 85 84 83 82 81 80 79 78 77 76 75 73 66 65 63 62 61 58 54 49 46 45 44 43 42 37 32 31 30 29 28 27 26 25 24 23 22 21 20 19 18 17 
17 495 490 489 487 485 483 482 481 479 477 470 469 468 466 464 462 461 459 458 456 451 450 448 444 442 440 437 435 433 432 430 420 414 412 411 410 408 406 404 403 401 400 397 390 389 387 385 383 382 379 378 367 365 363 359 357 354 350 343 342 339 338 337 335 332 330 328 327 326 324 320 314 312 309 307 304 302 301 298 296 295 285 276 275 274 272 270 268 266 264 263 262 261 260 258 257 254 241 240 239 238 237 235 233 231 229 227 225 224 223 222 221 220 219 218 217 213 212 203 202 200 199 196 189 188 184 182 181 171 170 169 167 165 160 159 158 155 150 149 148 146 144 140 137 136 135 131 129 128 124 123 122 121 120 119 118 116 115 113 112 109 107 106 96 95 94 93 92 91 90 89 88 87 86 85 84 83 82 81 80 79 78 77 76 75 73 66 65 62 61 58 54 49 46 45 44 43 42 37 32 31 30 29 28 27 26 25 24 23 22 21 20 19 18 16 
18 495 490 489 487 485 483 482 481 479 477 470 469 468 466 464 462 461 459 458 456 451 450 448 444 442 440 437 435 433 432 430 420 414 412 411 410 408 406 404 403 401 400 397 390 389 387 385 383 382 379 378 367 365 363 359 357 354 350 343 342 339 338 337 335 332 330 328 327 326 324 320 314 312 309 307 304 302 301 298 296 295 285 276 275 274 272 270 268 266 264 263 262 261 260 258 257 254 241 240 239 238 237 235 233 231 229 227 225 224 223 222 221 220 219 218 217 213 212 203 202 200 199 196 189 188 184 182 181 171 170 169 167 165 160 159 158 155 150 149 148 146 144 140 137 136 135 131 129 128 124 123 122 121 120 119 118 116 115 113 112 109 107 106 97 96 95 94 93 92 91 90 89 88 87 86 85 84 83 82 81 80 79 78 77 76 75 73 66 65 62 61 58 54 49 46 45 44 43 42 37 32 31 30 29 28 27 26 25 24 23 22 21 20 19 17 16 
19 495 490 489 487 485 483 482 481 479 477 470 469 468 466 464 462 461 459 458 456 451 450 448 444 442 440 437 435 433 432 430 420 414 412 411 410 408 406 404 403 401 400 397 390 389 387 385 383 382 379 378 367 365 363 359 357 354 350 343 342 339 338 337 335 332 330 328 327 326 324 320 314 312 309 307 304 302 301 298 296 295 285 276 275 274 272 270 268 266 264 263 262 261 260 258 257 254 241 240 239 238 237 235 233 231 229 227 225 224 223 222 221 220 219 218 217 213 212 203 202 200 199 196 189 188 184 182 181 171 170 169 167 165 160 159 158 155 150 149 148 146 144 140 137 136 135 131 129 128 124 123 122 121 120 119 118 116 115 113 112 109 107 106 98 97 96 95 94 93 92 91 90 89 88 87 86 85 84 83 82 81 80 79 78 77 76 75 73 66 65 62 61 58 54 49 46 45 44 43 42 37 32 31 30 29 28 27 26 25 24 23 22 21 20 18 17 16 
20 495 490 489 487 485 483 482 481 479 477 470 469 468 466 464 462 461 459 458 456 451 450 448 444 442 440 437 435 433 432 430 420 414 412 411 410 408 406 404 403 401 400 397 390 389 387 385 383 382 379 378 367 365 363 359 357 354 350 343 342 339 338 337 335 332 330 328 327 326 324 320 314 312 309 307 304 302 301 298 296 295 285 276 275 274 272 270 268 266 264 263 262 261 260 258 257 254 241 240 239 238 237 235 233 231 229 227 225 224 223 222 221 220 219 218 217 213 212 203 202 200 199 196 189 188 184 182 181 171 170 169 167 165 160 159 158 155 150 149 148 146 144 140 137 136 135 131 129 128 124 123 122 121 120 119 118 116 115 113 112 109 107 106 99 98 97 96 95 94 93 92 91 90 89 88 87 86 85 84 83 82 81 80 79 78 77 76 75 73 66 65 62 61 58 54 49 46 45 44 43 42 37 32 31 30 29 28 27 26 25 24 23 22 21 19 18 17 16 
21 495 490 489 487 485 483 482 481 479 477 470 469 468 466 464 462 461 459 458 456 451 450 448 444 442 440 437 435 433 432 430 420 414 412 411 410 408 406 404 403 401 400 397 390 389 387 385 383 382 379 378 367 365 363 359 357 354 350 343 342 339 338 337 335 332 330 328 327 326 324 320 314 312 309 307 304 302 301 298 296 295 285 276 275 274 272 270 268 266 264 263 262 261 260 258 257 254 241 240 239 238 237 235 233 231 229 227 225 224 223 222 221 220 219 218 217 213 212 203 202 200 199 196 189 188 184 182 181 171 170 169 167 165 160 159 158 155 150 149 148 146 144 140 137 136 135 131 129 128 124 123 122 121 120 119 118 116 115 113 112 109 107 106 100 99 98 97 96 95 94 93 92 91 90 89 88 87 86 85 84 83 82 81 80 79 78 77 76 75 73 66 65 62 61 58 54 49 46 45 44 43 42 37 32 31 30 29 28 27 26 25 24 23 22 20 19 18 17 16 
22 495 490 489 487 485 483 482 481 479 477 470 469 468 466 464 462 461 459 458 456 451 450 448 444 442 440 437 435 433 432 430 420 414 412 411 410 408 406 404 403 401 400 397 390 389 387 385 383 382 379 378 367 365 363 359 357 354 350 343 342 339 338 337 335 332 330 328 327 326 324 320 314 312 309 307 304 302 301 298 296 295 285 276 275 274 272 270 268 266 264 263 262 261 260 258 257 254 241 240 239 238 237 235 233 231 229 227 225 224 223 222 221 220 219 218 217 213 212 203 202 200 199 196 189 188 184 182 181 171 170 169 167 165 160 159 158 155 150 149 148 146 144 140 137 136 135 131 129 128 124 123 122 121 120 119 118 116 115 113 112 109 107 106 101 100 99 98 97 96 95 94 93 92 91 90 89 88 87 86 85 84 83 82 81 80 79 78 77 76 75 73 66 65 62 61 58 54 49 46 45 44 43 42 37 32 31 30 29 28 27 26 25 24 23 21 20 19 18 17 16 
23 495 490 489 487 485 483 482 481 479 477 470 469 468 466 464 462 461 459 458 456 451 450 448 444 442 440 437 435 433 432 430 420 414 412 411 410 408 406 404 403 401 400 397 390 389 387 385 383 382 379 378 367 365 363 359 357 354 350 343 342 339 338 337 335 332 330 328 327 326 324 320 314 312 309 307 304 302 301 298 296 295 285 276 275 274 272 270 268 266 264 263 262 261 260 258 257 254 241 240 239 238 237 235 233 231 229 227 225 224 223 222 221 220 219 218 217 213 212 203 202 200 199 196 189 188 184 182 181 171 170 169 167 165 160 159 158 155 150 149 148 146 144 140 137 136 135 131 129 128 124 123 122 121 120 119 118 116 115 113 112 109 107 106 102 101 100 99 98 97 96 95 94 93 92 91 90 89 88 87 86 85 84 83 82 81 80 79 78 77 76 75 73 66 65 62 61 58 54 49 46 45 44 43 42 37 32 31 30 29 28 27 26 25 24 22 21 20 19 18 17 16 
24 495 490 489 487 485 483 482 481 479 477 470 469 468 466 464 462 461 459 458 456 451 450 448 444 442 440 437 435 433 432 430 420 414 412 411 410 408 406 404 403 401 400 397 390 389 387 385 383 382 379 378 367 365 363 359 357 354 350 343 342 339 338 337 335 332 330 328 327 326 324 320 314 312 309 307 304 302 301 298 296 295 285 276 275 274 272 270 268 266 264 263 262 261 260 258 257 254 241 240 239 238 237 235 233 231 229 227 225 224 223 222 221 220 219 218 217 213 212 203 202 200 199 196 189 188 184 182 181 171 170 169 167 165 160 159 158 155 150 149 148 146 144 140 137 136 135 131 129 128 124 123 122 121 120 119 118 116 115 113 112 109 107 106 103 102 101 100 99 98 97 96 95 94 93 92 91 90 89 88 87 86 85 84 83 82 81 80 79 78 77 76 75 73 66 65 62 61 58 54 49 46 45 44 43 42 37 32 31 30 29 28 27 26 25 23 22 21 20 19 18 17 16 
25 495 490 489 487 485 483 482 481 479 477 470 469 468 466 464 462 461 459 458 456 451 450 448 444 442 440 437 435 433 432 430 420 414 412 411 410 408 406 404 403 401 400 397 390 389 387 385 383 382 379 378 367 365 363 359 357 354 350 343 342 339 338 337 335 332 330 328 327 326 324 320 314 312 309 307 304 302 301 298 296 295 285 276 275 274 272 270 268 266 264 263 262 261 260 258 257 254 241 240 239 238 237 235 233 231 229 227 225 224 223 222 221 220 219 218 217 213 212 203 202 200 199 196 189 188 184 182 181 171 170 169 167 165 160 159 158 155 150 149 148 146 144 140 137 136 135 131 129 128 124 123 122 121 120 119 118 116 115 113 112 109 107 106 104 103 102 101 100 99 98 97 96 95 94 93 92 91 90 89 88 87 86 85 84 83 82 81 80 79 78 77 76 75 73 66 65 62 61 58 54 49 46 45 44 43 42 37 32 31 30 29 28 27 26 24 23 22 21 20 19 18 17 16 
26 495 490 489 487 485 483 482 481 479 477 470 469 468 466 464 462 461 459 458 456 451 450 448 444 442 440 437 435 433 432 430 420 414 412 411 410 408 406 404 403 401 400 397 390 389 387 385 383 382 379 378 367 365 363 359 357 354 350 343 342 339 338 337 335 332 330 328 327 326 324 320 314 312 309 307 304 302 301 298 296 295 285 276 275 274 272 270 268 266 264 263 262 261 260 258 257 254 241 240 239 238 237 235 233 231 229 227 225 224 223 222 221 220 219 218 217 213 212 203 202 200 199 196 189 188 184 182 181 171 170 169 167 165 160 159 158 155 150 149 148 146 144 140 137 136 135 131 129 128 124 123 122 121 120 119 118 116 115 113 112 109 107 106 105 104 103 102 101 100 99 98 97 96 95 94 93 92 91 90 89 88 87 86 85 84 83 82 81 80 79 78 77 76 75 73 66 65 62 61 58 54 49 46 45 44 43 42 37 32 31 30 29 28 27 25 24 23 22 21 20 19 18 17 16 
27 495 490 489 487 485 483 482 481 479 477 470 469 468 466 464 462 461 459 458 456 451 450 448 444 442 440 437 435 433 432 430 420 414 412 411 410 408 406 404 403 401 400 397 390 389 387 385 383 382 379 378 367 365 363 359 357 354 350 343 342 339 338 337 335 332 330 328 327 326 324 320 314 312 309 307 304 302 301 298 296 295 285 276 275 274 272 270 268 266 264 263 262 261 260 258 257 254 241 240 239 238 237 235 233 231 229 227 225 224 223 222 221 220 219 218 217 213 212 203 202 200 199 196 189 188 184 182 181 171 170 169 167 165 160 159 158 155 150 149 148 146 144 140 137 136 135 131 129 128 124 123 122 121 120 119 118 116 115 113 112 109 107 106 105 104 103 102 101 100 99 98 97 96 95 94 93 92 91 90 89 88 87 86 85 84 83 82 81 80 79 78 77 76 75 73 66 65 62 61 58 54 49 46 45 44 43 42 37 32 31 30 29 28 26 25 24 23 22 21 20 19 18 17 16 
28 495 490 489 487 485 483 482 481 479 477 470 469 468 466 464 462 461 459 458 456 451 450 448 444 442 440 437 435 433 432 430 420 414 412 411 410 408 406 404 403 401 400 397 390 389 387 385 383 382 379 378 367 365 363 359 357 354 350 343 342 339 338 337 335 332 330 328 327 326 324 320 314 312 309 307 304 302 301 298 296 295 285 276 275 274 272 270 268 266 264 263 262 261 260 258 257 254 241 240 239 238 237 235 233 231 229 227 225 224 223 222 221 220 219 218 217 213 212 203 202 200 199 196 189 188 184 182 181 171 170 169 167 165 160 159 158 155 150 149 148 146 144 140 137 136 135 131 129 128 124 123 122 121 120 119 118 116 115 113 112 109 107 106 105 104 103 102 101 100 99 98 97 96 95 94 93 92 91 90 89 88 87 86 85 84 83 82 81 80 79 78 77 76 75 73 66 65 62 61 58 54 49 46 45 44 43 42 37 32 31 30 29 27 26 25 24 23 22 21 20 19 18 17 16 
29 495 490 489 487 485 483 482 481 479 477 470 469 468 466 464 462 461 459 458 456 451 450 448 444 442 440 437 435 433 432 430 420 414 412 411 410 408 406 404 403 401 400 397 390 389 387 385 383 382 379 378 367 365 363 359 357 354 350 343 342 339 338 337 335 332 330 328 327 326 324 320 314 312 309 307 304 302 301 298 296 295 285 276 275 274 272 270 268 266 264 263 262 261 260 258 257 254 241 240 239 238 237 235 233 231 229 227 225 224 223 222 221 220 219 218 217 213 212 203 202 200 199 196 189 188 184 182 181 171 170 169 167 165 160 159 158 155 150 149 148 146 144 140 137 136 135 131 129 128 124 123 122 121 120 119 118 116 115 113 112 109 107 106 105 104 103 102 101 100 99 98 97 96 95 94 93 92 91 90 89 88 87 86 85 84 83 82 81 80 79 78 77 76 75 73 66 65 62 61 58 54 49 46 45 44 43 42 37 32 31 30 28 27 26 25 24 23 22 21 20 19 18 17 16 
30 495 490 489 487 485 483 482 481 479 477 470 469 468 466 464 462 461 459 458 456 451 450 448 444 442 440 437 435 433 432 430 420 414 412 411 410 408 406 404 403 401 400 397 390 389 387 385 383 382 379 378 367 365 363 359 357 354 350 343 342 339 338 337 335 332 330 328 327 326 324 320 314 312 309 307 304 302 301 298 296 295 285 276 275 274 272 270 268 266 264 263 262 261 260 258 257 254 241 240 239 238 237 235 233 231 229 227 225 224 223 222 221 220 219 218 217 213 212 203 202 200 199 196 189 188 184 182 181 171 170 169 167 165 160 159 158 155 150 149 148 146 144 140 137 136 135 131 129 128 124 123 122 121 120 119 118 116 115 113 112 109 107 106 105 104 103 102 101 100 99 98 97 96 95 94 93 92 91 90 89 88 87 86 85 84 83 82 81 80 79 78 77 76 75 73 66 65 62 61 58 54 49 46 45 44 43 42 37 32 31 29 28 27 26 25 24 23 22 21 20 19 18 17 16 
31 495 490 489 487 485 483 482 481 479 477 470 469 468 466 464 462 461 459 458 456 451 450 448 444 442 440 437 435 433 432 430 420 414 412 411 410 408 406 404 403 401 400 397 390 389 387 385 383 382 379 378 367 365 363 359 357 354 350 343 342 339 338 337 335 332 330 328 327 326 324 320 314 312 309 307 304 302 301 298 296 295 285 276 275 274 272 270 268 266 264 263 262 261 260 258 257 254 241 240 239 238 237 235 233 231 229 227 225 224 223 222 221 220 219 218 217 213 212 203 202 200 199 196 189 188 184 182 181 171 170 169 167 165 160 159 158 155 150 149 148 146 144 140 137 136 135 131 129 128 124 123 122 121 120 119 118 116 115 113 112 109 107 106 105 104 103 102 101 100 99 98 97 96 95 94 93 92 91 90 89 88 87 86 85 84 83 82 81 80 79 78 77 76 75 73 66 65 62 61 58 54 49 46 45 44 43 42 37 32 30 29 28 27 26 25 24 23 22 21 20 19 18 17 16 
32 495 490 489 487 485 483 482 481 479 285 276 275 274 272 270 268 266 264 263 262 261 260 258 257 254 241 240 239 238 237 235 233 231 229 227 225 224 223 222 221 220 219 218 217 213 212 203 202 200 199 196 189 188 184 182 181 171 170 169 167 165 160 159 158 155 150 149 148 146 144 140 137 136 135 131 129 128 124 123 122 121 120 119 118 116 115 113 112 109 107 106 96 95 94 93 92 91 90 89 83 82 81 80 79 78 73 65 61 58 54 46 44 42 31 30 29 28 27 26 25 24 23 22 21 20 19 18 17 16 13 12 1 0 
33 
34 
35 
36 
37 477 470 469 468 466 464 462 461 459 458 456 451 450 448 444 442 440 437 435 433 432 430 420 414 412 411 410 408 406 404 403 401 400 397 390 389 387 385 383 382 379 378 367 365 363 359 357 354 350 343 342 339 338 337 335 332 330 328 327 326 324 320 314 312 309 307 304 302 301 298 296 295 170 167 124 123 122 121 120 119 118 116 115 113 112 109 107 106 96 95 94 93 92 91 90 89 88 87 86 85 84 77 76 75 73 66 62 58 54 49 45 43 31 30 29 28 27 26 25 24 23 22 21 20 19 18 17 16 1 0 
38 
39 
40 
41 
42 285 276 275 274 272 270 268 266 264 263 262 261 260 258 257 254 241 240 239 238 237 235 233 231 229 227 225 224 223 222 221 220 219 218 217 213 212 203 202 200 199 182 181 170 167 124 123 122 121 120 119 118 116 115 113 112 109 107 106 96 95 94 93 92 91 90 89 82 81 73 65 61 58 54 46 44 32 31 30 29 28 27 26 25 24 23 22 21 20 19 18 17 16 15 14 13 12 11 10 1 0 
43 420 414 412 411 410 408 406 404 403 401 400 397 390 389 387 385 383 382 379 378 367 365 363 359 338 337 335 332 328 326 324 170 167 124 123 122 121 120 119 118 116 115 113 112 109 107 106 96 95 94 93 92 91 90 89 88 87 76 73 66 62 54 49 45 37 31 30 29 28 27 26 25 24 23 22 21 20 19 18 17 16 15 14 13 12 11 10 1 0 
44 285 276 275 274 272 270 268 266 264 263 262 261 260 258 257 254 241 240 239 238 237 235 233 231 229 227 225 224 223 222 221 220 219 218 217 213 212 203 202 200 199 196 184 182 181 170 167 124 123 122 121 120 119 118 116 115 113 112 109 107 106 96 95 94 93 92 91 90 89 82 81 73 65 61 58 54 46 42 32 31 30 29 28 27 26 25 24 23 22 21 20 19 18 17 16 15 14 13 12 11 10 1 0 
45 456 451 450 448 444 442 440 437 435 433 432 430 420 414 412 411 410 408 406 404 403 401 400 397 390 389 387 385 383 382 379 378 367 365 363 359 357 354 350 343 339 338 337 335 332 328 326 324 170 167 124 123 122 121 120 119 118 116 115 113 112 109 107 106 96 95 94 93 92 91 90 89 88 87 86 77 76 73 66 62 54 49 43 37 31 30 29 28 27 26 25 24 23 22 21 20 19 18 17 16 15 14 13 12 11 10 1 0 
46 495 490 489 487 485 483 482 481 479 285 276 275 274 272 270 268 266 264 263 262 261 260 258 257 254 241 240 239 238 237 235 233 231 229 227 225 224 223 222 221 220 219 218 217 213 212 203 202 200 199 196 189 188 184 182 181 170 167 124 123 122 121 120 119 118 116 115 113 112 109 107 106 96 95 94 93 92 91 90 89 83 82 81 73 65 61 58 54 44 42 32 31 30 29 28 27 26 25 24 23 22 21 20 19 18 17 16 1 0 
47 
48 
49 477 470 469 468 466 464 462 461 459 458 456 451 450 448 444 442 440 437 435 433 432 430 420 414 412 411 410 408 406 404 403 401 400 397 390 389 387 385 383 382 379 378 367 365 363 359 357 354 350 343 342 339 338 337 335 332 330 328 327 326 324 170 167 124 123 122 121 120 119 118 116 115 113 112 109 107 106 96 95 94 93 92 91 90 89 88 87 86 84 77 76 73 66 62 58 54 45 43 37 31 30 29 28 27 26 25 24 23 22 21 20 19 18 17 16 1 0 
50 
51 
52 
53 
54 495 490 489 487 485 483 482 481 479 477 470 469 468 466 464 462 461 459 458 456 451 450 448 444 442 440 437 435 433 432 430 420 414 412 411 410 408 406 404 403 401 400 397 390 389 387 385 383 382 379 378 367 365 363 359 357 354 350 343 342 339 338 337 335 332 330 328 327 326 324 285 276 275 274 272 270 268 266 264 263 262 261 260 258 257 254 241 240 239 238 237 235 233 231 229 227 225 224 223 222 221 220 219 218 217 213 212 203 202 200 199 196 189 188 184 182 181 170 167 124 123 122 121 120 119 118 116 115 113 112 109 107 106 96 95 94 93 92 91 90 89 88 87 86 84 83 82 81 77 76 73 66 65 62 61 58 49 46 45 44 43 42 37 32 31 30 29 28 27 26 25 24 23 22 21 20 19 18 17 16 15 14 13 12 11 10 1 0 
55 
56 
57 
58 495 490 489 487 485 483 482 481 479 458 285 276 275 274 272 270 268 266 264 263 262 261 260 258 257 254 241 240 239 238 237 235 233 231 229 227 225 224 223 222 221 220 219 218 217 213 212 203 202 200 199 196 189 188 184 182 181 170 167 124 123 122 121 120 119 118 116 115 113 112 109 107 106 96 95 94 93 92 91 90 89 83 82 81 73 66 65 61 54 49 46 44 42 37 32 31 30 29 28 27 26 25 24 23 22 21 20 19 18 17 16 15 14 13 12 11 10 1 0 
59 
60 
61 285 276 275 274 272 270 268 266 264 263 262 261 260 258 257 254 241 240 239 238 237 235 233 231 229 227 225 224 223 222 221 220 219 218 217 213 212 203 202 200 199 196 189 188 184 182 181 170 167 124 123 122 121 120 119 118 116 115 113 112 109 107 106 96 95 94 93 92 91 90 89 82 81 73 65 58 54 46 44 42 32 31 30 29 28 27 26 25 24 23 22 21 20 19 18 17 16 15 14 13 12 11 10 1 0 
62 456 451 450 448 444 442 440 437 435 433 432 430 420 414 412 411 410 408 406 404 403 401 400 397 390 389 387 385 383 382 379 378 367 365 363 359 357 354 350 343 342 339 338 337 335 332 328 326 324 170 167 124 123 122 121 120 119 118 116 115 113 112 109 107 106 96 95 94 93 92 91 90 89 88 87 86 77 76 73 66 54 49 45 43 37 31 30 29 28 27 26 25 24 23 22 21 20 19 18 17 16 15 14 13 12 11 10 1 0 
63 425 422 105 104 103 102 101 100 99 98 97 16 15 14 13 12 11 10 9 8 7 6 5 4 3 2 1 0 
64 
65 254 241 240 239 238 237 235 233 231 229 227 225 224 223 222 221 220 219 218 217 213 212 203 202 200 199 196 189 188 184 182 181 171 170 169 167 165 160 159 158 155 150 149 148 146 144 140 137 136 135 131 129 128 124 123 122 121 120 119 118 116 115 113 112 109 107 106 96 95 94 93 92 91 90 89 82 80 79 78 73 61 58 54 46 44 42 32 31 30 29 28 27 26 25 24 23 22 21 20 19 18 17 16 1 0 
66 477 470 469 468 466 464 462 461 459 458 456 451 450 448 444 442 440 437 435 433 432 430 397 390 389 387 385 383 382 379 378 367 365 363 359 357 354 350 343 342 339 338 337 335 332 330 328 327 326 324 320 314 312 309 307 304 302 301 298 296 295 170 167 124 123 122 121 120 119 118 116 115 113 112 109 107 106 96 95 94 93 92 91 90 89 88 86 85 84 77 76 75 73 62 58 54 49 45 43 37 31 30 29 28 27 26 25 24 23 22 21 20 19 18 17 16 1 0 
67 
68 
69 
70 
71 
72 
73 495 490 489 487 485 483 482 481 479 477 470 469 468 466 464 462 461 459 458 456 451 450 448 444 442 440 437 435 433 432 430 420 414 412 411 410 408 406 404 403 401 400 397 390 389 387 385 383 382 379 378 367 365 363 359 357 354 350 343 342 339 338 337 335 332 330 328 327 326 324 285 276 275 274 272 270 268 266 264 263 262 261 260 258 257 254 241 240 239 238 237 235 233 231 229 227 225 224 223 222 221 220 219 218 217 213 212 203 202 200 199 196 189 188 184 182 181 170 167 124 123 122 121 120 119 118 116 115 113 112 109 107 106 96 95 94 93 92 91 90 89 88 87 86 84 83 82 81 77 76 66 65 62 61 58 54 49 46 45 44 43 42 37 32 31 30 29 28 27 26 25 24 23 22 21 20 19 18 17 16 15 14 13 12 11 10 1 0 
74 
75 320 314 312 309 307 304 302 301 296 295 118 116 115 113 112 109 107 106 96 95 94 93 92 91 90 89 85 66 37 31 30 29 28 27 26 25 24 23 22 21 20 19 18 17 16 1 0 
76 420 414 412 411 410 408 406 404 403 401 400 397 390 389 387 385 383 382 379 378 367 365 363 359 338 337 335 332 328 326 324 170 167 124 123 122 121 120 119 118 116 115 113 112 109 107 106 96 95 94 93 92 91 90 89 88 87 73 66 62 54 49 45 43 37 31 30 29 28 27 26 25 24 23 22 21 20 19 18 17 16 15 14 13 12 11 10 1 0 
77 456 451 450 448 444 442 440 437 435 430 338 337 335 332 328 326 324 170 167 124 123 122 121 120 119 118 116 115 113 112 109 107 106 96 95 94 93 92 91 90 89 86 73 66 62 54 49 45 37 31 30 29 28 27 26 25 24 23 22 21 20 19 18 17 16 1 0 
78 165 160 159 158 155 150 149 148 146 144 140 137 136 135 129 128 124 123 122 121 120 119 118 116 115 113 112 109 107 106 96 95 94 93 92 91 90 89 80 79 65 32 31 30 29 28 27 26 25 24 23 22 21 20 19 18 17 16 1 0 
79 165 160 159 158 155 150 149 148 146 144 140 137 136 135 129 128 124 123 122 121 120 119 118 116 115 113 112 109 107 106 96 95 94 93 92 91 90 89 80 78 65 32 31 30 29 28 27 26 25 24 23 22 21 20 19 18 17 16 1 0 
80 165 160 159 158 150 149 148 140 137 129 128 124 123 122 121 120 119 118 116 115 113 112 109 107 106 96 95 94 93 92 91 90 89 79 78 65 32 31 30 29 28 27 26 25 24 23 22 21 20 19 18 17 16 1 0 
81 285 276 275 274 266 203 202 200 182 181 170 167 124 123 122 121 120 119 118 116 115 113 112 109 107 106 96 95 94 93 92 91 90 89 73 61 58 54 46 44 42 32 31 30 29 28 27 26 25 24 23 22 21 20 19 18 17 16 1 0 
82 254 241 240 239 238 237 227 182 181 170 167 124 123 122 121 120 119 118 116 115 113 112 109 107 106 96 95 94 93 92 91 90 89 73 65 61 58 54 46 44 42 32 31 30 29 28 27 26 25 24 23 22 21 20 19 18 17 16 1 0 
83 495 490 489 485 170 167 124 123 122 121 120 119 118 116 115 113 112 109 107 106 96 95 94 93 92 91 90 89 73 58 54 46 32 31 30 29 28 27 26 25 24 23 22 21 20 19 18 17 16 1 0 
84 477 470 469 468 464 170 167 124 123 122 121 120 119 118 116 115 113 112 109 107 106 96 95 94 93 92 91 90 89 73 66 54 49 37 31 30 29 28 27 26 25 24 23 22 21 20 19 18 17 16 1 0 
85 320 314 309 304 302 296 295 116 115 113 112 109 107 106 96 95 94 93 92 91 90 89 75 66 37 31 30 29 28 27 26 25 24 23 22 21 20 19 18 17 16 1 0 
86 456 451 450 440 437 430 338 337 335 332 328 326 324 170 167 124 123 122 121 120 119 118 116 115 113 112 109 107 106 96 95 94 93 92 91 90 89 77 73 66 62 54 49 45 37 31 30 29 28 27 26 25 24 23 22 21 20 19 18 17 16 1 0 
87 420 414 412 411 410 406 403 367 365 359 338 337 335 332 328 326 324 170 167 124 123 122 121 120 119 118 116 115 113 112 109 107 106 96 95 94 93 92 91 90 89 76 73 62 54 49 45 43 37 31 30 29 28 27 26 25 24 23 22 21 20 19 18 17 16 1 0 
88 397 390 389 385 359 338 337 335 332 328 326 324 170 167 124 123 122 121 120 119 118 116 115 113 112 109 107 106 96 95 94 93 92 91 90 89 76 73 66 62 54 49 45 43 37 31 30 29 28 27 26 25 24 23 22 21 20 19 18 17 16 1 0 
89 495 490 489 487 485 483 482 481 479 477 470 469 468 466 464 462 461 459 458 456 451 450 448 444 442 440 437 435 433 432 430 420 414 412 411 410 408 406 404 403 401 400 397 390 389 387 385 383 382 379 378 367 365 363 359 357 354 350 343 342 339 338 337 335 332 330 328 327 326 324 320 314 312 309 307 304 302 301 298 296 295 285 276 275 274 272 270 268 266 264 263 262 261 260 258 257 254 241 240 239 238 237 235 233 231 229 227 225 224 223 222 221 220 219 218 217 213 212 203 202 200 199 196 189 188 184 182 181 171 170 169 167 165 160 159 158 155 150 149 148 146 144 140 137 136 135 131 129 128 124 123 122 121 120 119 118 116 115 113 112 109 107 106 96 95 94 93 92 91 90 88 87 86 85 84 83 82 81 80 79 78 77 76 75 73 66 65 62 61 58 54 49 46 45 44 43 42 37 32 31 30 29 28 27 26 25 24 23 22 21 20 19 18 17 16 15 14 13 12 11 10 9 8 7 6 5 4 1 0 
90 495 490 489 487 485 483 482 481 479 477 470 469 468 466 464 462 461 459 458 456 451 450 448 444 442 440 437 435 433 432 430 420 414 412 411 410 408 406 404 403 401 400 397 390 389 387 385 383 382 379 378 367 365 363 359 357 354 350 343 342 339 338 337 335 332 330 328 327 326 324 320 314 312 309 307 304 302 301 298 296 295 285 276 275 274 272 270 268 266 264 263 262 261 260 258 257 254 241 240 239 238 237 235 233 231 229 227 225 224 223 222 221 220 219 218 217 213 212 203 202 200 199 196 189 188 184 182 181 171 170 169 167 165 160 159 158 155 150 149 148 146 144 140 137 136 135 131 129 128 124 123 122 121 120 119 118 116 115 113 112 109 107 106 96 95 94 93 92 91 89 88 87 86 85 84 83 82 81 80 79 78 77 76 75 73 66 65 62 61 58 54 49 46 45 44 43 42 37 32 31 30 29 28 27 26 25 24 23 22 21 20 19 18 17 16 15 14 13 12 11 10 9 8 7 6 5 1 0 
91 495 490 489 487 485 483 482 481 479 477 470 469 468 466 464 462 461 459 458 456 451 450 448 444 442 440 437 435 433 432 430 420 414 412 411 410 408 406 404 403 401 400 397 390 389 387 385 383 382 379 378 367 365 363 359 357 354 350 343 342 339 338 337 335 332 330 328 327 326 324 320 314 312 309 307 304 302 301 298 296 295 285 276 275 274 272 270 268 266 264 263 262 261 260 258 257 254 241 240 239 238 237 235 233 231 229 227 225 224 223 222 221 220 219 218 217 213 212 203 202 200 199 196 189 188 184 182 181 171 170 169 167 165 160 159 158 155 150 149 148 146 144 140 137 136 135 131 129 128 124 123 122 121 120 119 118 116 115 113 112 109 107 106 96 95 94 93 92 90 89 88 87 86 85 84 83 82 81 80 79 78 77 76 75 73 66 65 62 61 58 54 49 46 45 44 43 42 37 32 31 30 29 28 27 26 25 24 23 22 21 20 19 18 17 16 15 14 13 12 11 10 9 8 7 6 1 0 
92 495 490 489 487 485 483 482 481 479 477 470 469 468 466 464 462 461 459 458 456 451 450 448 444 442 440 437 435 433 432 430 420 414 412 411 410 408 406 404 403 401 400 397 390 389 387 385 383 382 379 378 367 365 363 359 357 354 350 343 342 339 338 337 335 332 330 328 327 326 324 320 314 312 309 307 304 302 301 298 296 295 285 276 275 274 272 270 268 266 264 263 262 261 260 258 257 254 241 240 239 238 237 235 233 231 229 227 225 224 223 222 221 220 219 218 217 213 212 203 202 200 199 196 189 188 184 182 181 171 170 169 167 165 160 159 158 155 150 149 148 146 144 140 137 136 135 131 129 128 124 123 122 121 120 119 118 116 115 113 112 109 107 106 96 95 94 93 91 90 89 88 87 86 85 84 83 82 81 80 79 78 77 76 75 73 66 65 62 61 58 54 49 46 45 44 43 42 37 32 31 30 29 28 27 26 25 24 23 22 21 20 19 18 17 16 15 14 13 12 11 10 9 8 7 1 0 
93 495 490 489 487 485 483 482 481 479 477 470 469 468 466 464 462 461 459 458 456 451 450 448 444 442 440 437 435 433 432 430 420 414 412 411 410 408 406 404 403 401 400 397 390 389 387 385 383 382 379 378 367 365 363 359 357 354 350 343 342 339 338 337 335 332 330 328 327 326 324 320 314 312 309 307 304 302 301 298 296 295 285 276 275 274 272 270 268 266 264 263 262 261 260 258 257 254 241 240 239 238 237 235 233 231 229 227 225 224 223 222 221 220 219 218 217 213 212 203 202 200 199 196 189 188 184 182 181 171 170 169 167 165 160 159 158 155 150 149 148 146 144 140 137 136 135 131 129 128 124 123 122 121 120 119 118 116 115 113 112 109 107 106 96 95 94 92 91 90 89 88 87 86 85 84 83 82 81 80 79 78 77 76 75 73 66 65 62 61 58 54 49 46 45 44 43 42 37 32 31 30 29 28 27 26 25 24 23 22 21 20 19 18 17 16 15 14 13 12 11 10 9 8 1 0 
94 495 490 489 487 485 483 482 481 479 477 470 469 468 466 464 462 461 459 458 456 451 450 448 444 442 440 437 435 433 432 430 420 414 412 411 410 408 406 404 403 401 400 397 390 389 387 385 383 382 379 378 367 365 363 359 357 354 350 343 342 339 338 337 335 332 330 328 327 326 324 320 314 312 309 307 304 302 301 298 296 295 285 276 275 274 272 270 268 266 264 263 262 261 260 258 257 254 241 240 239 238 237 235 233 231 229 227 225 224 223 222 221 220 219 218 217 213 212 203 202 200 199 196 189 188 184 182 181 171 170 169 167 165 160 159 158 155 150 149 148 146 144 140 137 136 135 131 129 128 124 123 122 121 120 119 118 116 115 113 112 109 107 106 96 95 93 92 91 90 89 88 87 86 85 84 83 82 81 80 79 78 77 76 75 73 66 65 62 61 58 54 49 46 45 44 43 42 37 32 31 30 29 28 27 26 25 24 23 22 21 20 19 18 17 16 15 14 13 12 11 10 9 1 0 
95 495 490 489 487 485 483 482 481 479 477 470 469 468 466 464 462 461 459 458 456 451 450 448 444 442 440 437 435 433 432 430 420 414 412 411 410 408 406 404 403 401 400 397 390 389 387 385 383 382 379 378 367 365 363 359 357 354 350 343 342 339 338 337 335 332 330 328 327 326 324 320 314 312 309 307 304 302 301 298 296 295 285 276 275 274 272 270 268 266 264 263 262 261 260 258 257 254 241 240 239 238 237 235 233 231 229 227 225 224 223 222 221 220 219 218 217 213 212 203 202 200 199 196 189 188 184 182 181 171 170 169 167 165 160 159 158 155 150 149 148 146 144 140 137 136 135 131 129 128 124 123 122 121 120 119 118 116 115 113 112 109 107 106 96 94 93 92 91 90 89 88 87 86 85 84 83 82 81 80 79 78 77 76 75 73 66 65 62 61 58 54 49 46 45 44 43 42 37 32 31 30 29 28 27 26 25 24 23 22 21 20 19 18 17 16 15 14 13 12 11 10 1 0 
96 495 490 489 487 485 483 482 481 479 477 470 469 468 466 464 462 461 459 458 456 451 450 448 444 442 440 437 435 433 432 430 420 414 412 411 410 408 406 404 403 401 400 397 390 389 387 385 383 382 379 378 367 365 363 359 357 354 350 343 342 339 338 337 335 332 330 328 327 326 324 320 314 312 309 307 304 302 301 298 296 295 285 276 275 274 272 270 268 266 264 263 262 261 260 258 257 254 241 240 239 238 237 235 233 231 229 227 225 224 223 222 221 220 219 218 217 213 212 203 202 200 199 196 189 188 184 182 181 171 170 169 167 165 160 159 158 155 150 149 148 146 144 140 137 136 135 131 129 128 124 123 122 121 120 119 118 116 115 113 112 109 107 106 95 94 93 92 91 90 89 88 87 86 85 84 83 82 81 80 79 78 77 76 75 73 66 65 62 61 58 54 49 46 45 44 43 42 37 32 31 30 29 28 27 26 25 24 23 22 21 20 19 18 17 16 15 14 13 12 11 10 1 0 
97 492 474 473 472 453 425 422 394 393 392 317 316 282 281 280 279 278 251 250 249 248 247 245 244 243 215 162 105 104 103 102 101 100 99 98 63 31 30 29 28 27 26 25 24 23 22 21 20 19 18 16 15 14 13 12 11 10 9 8 7 6 5 4 3 2 1 0 
98 492 474 473 472 453 425 422 394 393 392 317 316 282 281 280 279 278 251 250 249 248 247 245 244 243 215 162 105 104 103 102 101 100 99 97 63 31 30 29 28 27 26 25 24 23 22 21 20 19 16 15 14 13 12 11 10 9 8 7 6 5 4 3 2 1 0 
99 492 474 473 472 453 425 422 394 393 392 317 316 282 281 280 279 278 251 250 249 248 247 245 244 243 215 162 105 104 103 102 101 100 98 97 63 31 30 29 28 27 26 25 24 23 22 21 20 16 15 14 13 12 11 10 9 8 7 6 5 4 3 2 1 0 
100 492 474 473 472 453 425 422 394 393 392 317 316 282 281 280 279 278 251 250 249 248 247 245 244 243 215 162 105 104 103 102 101 99 98 97 63 31 30 29 28 27 26 25 24 23 22 21 16 15 14 13 12 11 10 9 8 7 6 5 4 3 2 1 0 
101 492 474 473 472 453 425 422 394 393 392 317 316 282 281 280 279 278 251 250 249 248 247 245 244 243 215 162 105 104 103 102 100 99 98 97 63 31 30 29 28 27 26 25 24 23 22 16 15 14 13 12 11 10 9 8 7 6 5 4 3 2 1 0 
102 492 474 473 472 453 425 422 394 393 392 317 316 282 281 280 279 278 251 250 249 248 247 245 244 243 215 162 105 104 103 101 100 99 98 97 63 31 30 29 28 27 26 25 24 23 16 15 14 13 12 11 10 9 8 7 6 5 4 3 2 1 0 
103 492 474 473 472 453 425 422 394 393 392 317 316 282 281 280 279 278 251 250 249 248 247 245 244 243 215 162 105 104 102 101 100 99 98 97 63 31 30 29 28 27 26 25 24 16 15 14 13 12 11 10 9 8 7 6 5 4 3 2 1 0 
104 492 474 473 472 453 425 422 394 393 392 317 316 282 281 280 279 278 251 250 249 248 247 245 244 243 215 162 105 103 102 101 100 99 98 97 63 31 30 29 28 27 26 25 16 15 14 13 12 11 10 9 8 7 6 5 4 3 2 1 0 
105 492 474 473 472 453 425 422 394 393 392 317 316 282 281 280 279 278 251 250 249 248 247 245 244 243 215 162 104 103 102 101 100 99 98 97 63 31 30 29 28 27 26 16 15 14 13 12 11 10 9 8 7 6 5 4 3 2 1 0 
106 495 490 489 487 485 483 482 481 479 477 470 469 468 466 464 462 461 459 458 456 451 450 448 444 442 440 437 435 433 432 430 420 414 412 411 410 408 406 404 403 401 400 397 390 389 387 385 383 382 379 378 367 365 363 359 357 354 350 343 342 339 338 337 335 332 330 328 327 326 324 320 314 312 309 307 304 302 301 298 296 295 285 276 275 274 272 270 268 266 264 263 262 261 260 258 257 254 241 240 239 238 237 235 233 231 229 227 225 224 223 222 221 220 219 218 217 213 212 203 202 200 199 196 189 188 184 182 181 171 170 169 167 165 160 159 158 155 150 149 148 146 144 140 137 136 135 131 129 128 124 123 122 121 120 119 118 116 115 113 112 109 107 96 95 94 93 92 91 90 89 88 87 86 85 84 83 82 81 80 79 78 77 76 75 73 66 65 62 61 58 54 49 46 45 44 43 42 37 32 31 30 29 28 27 26 25 24 23 22 21 20 19 18 17 16 15 14 13 12 11 10 1 0 
107 495 490 489 487 485 483 482 481 479 477 470 469 468 466 464 462 461 459 458 456 451 450 448 444 442 440 437 435 433 432 430 420 414 412 411 410 408 406 404 403 401 400 397 390 389 387 385 383 382 379 378 367 365 363 359 357 354 350 343 342 339 338 337 335 332 330 328 327 326 324 320 314 312 309 307 304 302 301 298 296 295 285 276 275 274 272 270 268 266 264 263 262 261 260 258 257 254 241 240 239 238 237 235 233 231 229 227 225 224 223 222 221 220 219 218 217 213 212 203 202 200 199 196 189 188 184 182 181 171 170 169 167 165 160 159 158 155 150 149 148 146 144 140 137 136 135 131 129 128 124 123 122 121 120 119 118 116 115 113 112 109 106 96 95 94 93 92 91 90 89 88 87 86 85 84 83 82 81 80 79 78 77 76 75 73 66 65 62 61 58 54 49 46 45 44 43 42 37 32 31 30 29 28 27 26 25 24 23 22 21 20 19 18 17 16 15 14 13 12 11 10 1 0 
108 
109 495 490 489 487 485 483 482 481 479 477 470 469 468 466 464 462 461 459 458 456 451 450 448 444 442 440 437 435 433 432 430 420 414 412 411 410 408 406 404 403 401 400 397 390 389 387 385 383 382 379 378 367 365 363 359 357 354 350 343 342 339 338 337 335 332 330 328 327 326 324 320 314 312 309 307 304 302 301 298 296 295 285 276 275 274 272 270 268 266 264 263 262 261 260 258 257 254 241 240 239 238 237 235 233 231 229 227 225 224 223 222 221 220 219 218 217 213 212 203 202 200 199 196 189 188 184 182 181 171 170 169 167 165 160 159 158 155 150 149 148 146 144 140 137 136 135 131 129 128 124 123 122 121 120 119 118 116 115 113 112 107 106 96 95 94 93 92 91 90 89 88 87 86 85 84 83 82 81 80 79 78 77 76 75 73 66 65 62 61 58 54 49 46 45 44 43 42 37 32 31 30 29 28 27 26 25 24 23 22 21 20 19 18 17 16 15 14 13 12 11 10 1 0 
110 
111 
112 495 490 489 487 485 483 482 481 479 477 470 469 468 466 464 462 461 459 458 456 451 450 448 444 442 440 437 435 433 432 430 420 414 412 411 410 408 406 404 403 401 400 397 390 389 387 385 383 382 379 378 367 365 363 359 357 354 350 343 342 339 338 337 335 332 330 328 327 326 324 320 314 312 309 307 304 302 301 298 296 295 285 276 275 274 272 270 268 266 264 263 262 261 260 258 257 254 241 240 239 238 237 235 233 231 229 227 225 224 223 222 221 220 219 218 217 213 212 203 202 200 199 196 189 188 184 182 181 171 170 169 167 165 160 159 158 155 150 149 148 146 144 140 137 136 135 131 129 128 124 123 122 121 120 119 118 116 115 113 109 107 106 96 95 94 93 92 91 90 89 88 87 86 85 84 83 82 81 80 79 78 77 76 75 73 66 65 62 61 58 54 49 46 45 44 43 42 37 32 31 30 29 28 27 26 25 24 23 22 21 20 19 18 17 16 15 14 13 12 11 10 1 0 
113 495 490 489 487 485 483 482 481 479 477 470 469 468 466 464 462 461 459 458 456 451 450 448 444 442 440 437 435 433 432 430 420 414 412 411 410 408 406 404 403 401 400 397 390 389 387 385 383 382 379 378 367 365 363 359 357 354 350 343 342 339 338 337 335 332 330 328 327 326 324 320 314 312 309 307 304 302 301 298 296 295 285 276 275 274 272 270 268 266 264 263 262 261 260 258 257 254 241 240 239 238 237 235 233 231 229 227 225 224 223 222 221 220 219 218 217 213 212 203 202 200 199 196 189 188 184 182 181 171 170 169 167 165 160 159 158 155 150 149 148 146 144 140 137 136 135 131 129 128 124 123 122 121 120 119 118 116 115 112 109 107 106 96 95 94 93 92 91 90 89 88 87 86 85 84 83 82 81 80 79 78 77 76 75 73 66 65 62 61 58 54 49 46 45 44 43 42 37 32 31 30 29 28 27 26 25 24 23 22 21 20 19 18 17 16 15 14 13 12 11 10 1 0 
114 
115 495 490 489 487 485 483 482 481 479 477 470 469 468 466 464 462 461 459 458 456 451 450 448 444 442 440 437 435 433 432 430 420 414 412 411 410 408 406 404 403 401 400 397 390 389 387 385 383 382 379 378 367 365 363 359 357 354 350 343 342 339 338 337 335 332 330 328 327 326 324 320 314 312 309 307 304 302 301 298 296 295 285 276 275 274 272 270 268 266 264 263 262 261 260 258 257 254 241 240 239 238 237 235 233 231 229 227 225 224 223 222 221 220 219 218 217 213 212 203 202 200 199 196 189 188 184 182 181 171 170 169 167 165 160 159 158 155 150 149 148 146 144 140 137 136 135 131 129 128 124 123 122 121 120 119 118 116 113 112 109 107 106 96 95 94 93 92 91 90 89 88 87 86 85 84 83 82 81 80 79 78 77 76 75 73 66 65 62 61 58 54 49 46 45 44 43 42 37 32 31 30 29 28 27 26 25 24 23 22 21 20 19 18 17 16 15 14 13 12 11 10 1 0 
116 495 490 489 487 485 483 482 481 479 477 470 469 468 466 464 462 461 459 458 456 451 450 448 444 442 440 437 435 433 432 430 420 414 412 411 410 408 406 404 403 401 400 397 390 389 387 385 383 382 379 378 367 365 363 359 357 354 350 343 342 339 338 337 335 332 330 328 327 326 324 320 314 312 309 307 304 302 301 298 296 295 285 276 275 274 272 270 268 266 264 263 262 261 260 258 257 254 241 240 239 238 237 235 233 231 229 227 225 224 223 222 221 220 219 218 217 213 212 203 202 200 199 196 189 188 184 182 181 171 170 169 167 165 160 159 158 155 150 149 148 146 144 140 137 136 135 131 129 128 124 123 122 121 120 119 118 115 113 112 109 107 106 96 95 94 93 92 91 90 89 88 87 86 85 84 83 82 81 80 79 78 77 76 75 73 66 65 62 61 58 54 49 46 45 44 43 42 37 32 31 30 29 28 27 26 25 24 23 22 21 20 19 18 17 16 15 14 13 12 11 10 1 0 
117 
118 495 490 489 487 485 483 482 481 479 477 470 469 468 466 464 462 461 459 458 456 451 450 448 444 442 440 437 435 433 432 430 420 414 412 411 410 408 406 404 403 401 400 397 390 389 387 385 383 382 379 378 367 365 363 359 357 354 350 343 342 339 338 337 335 332 330 328 327 326 324 307 304 302 301 298 296 295 285 276 275 274 272 270 268 266 264 263 262 261 260 258 257 254 241 240 239 238 237 235 233 231 229 227 225 224 223 222 221 220 219 218 217 213 212 203 202 200 199 196 189 188 184 182 181 171 170 169 167 165 160 159 158 155 150 149 148 146 144 140 137 136 135 131 129 128 124 123 122 121 120 119 116 115 113 112 109 107 106 96 95 94 93 92 91 90 89 88 87 86 84 83 82 81 80 79 78 77 76 75 73 66 65 62 61 58 54 49 46 45 44 43 42 37 32 31 30 29 28 27 26 25 24 23 22 21 20 19 18 17 16 15 14 13 12 11 10 1 0 
119 495 490 489 487 485 483 482 481 479 477 470 469 468 466 464 462 461 459 458 456 451 450 448 444 442 440 437 435 433 432 430 420 414 412 411 410 408 406 404 403 401 400 397 390 389 387 385 383 382 379 378 367 365 363 359 357 354 350 343 342 339 338 337 335 332 330 328 327 326 324 285 276 275 274 272 270 268 266 264 263 262 261 260 258 257 254 241 240 239 238 237 235 233 231 229 227 225 224 223 222 221 220 219 218 217 213 212 203 202 200 199 196 189 188 184 182 181 171 170 169 167 165 160 159 158 155 150 149 148 146 144 140 137 136 135 131 129 128 124 123 122 121 120 118 116 115 113 112 109 107 106 96 95 94 93 92 91 90 89 88 87 86 84 83 82 81 80 79 78 77 76 73 66 65 62 61 58 54 49 46 45 44 43 42 37 32 31 30 29 28 27 26 25 24 23 22 21 20 19 18 17 16 15 14 13 12 11 10 1 0 
120 495 490 489 487 485 483 482 481 479 477 470 469 468 466 464 462 461 459 458 456 451 450 448 444 442 440 437 435 433 432 430 420 414 412 411 410 408 406 404 403 401 400 397 390 389 387 385 383 382 379 378 367 365 363 359 357 354 350 343 342 339 338 337 335 332 330 328 327 326 324 285 276 275 274 272 270 268 266 264 263 262 261 260 258 257 254 241 240 239 238 237 235 233 231 229 227 225 224 223 222 221 220 219 218 217 213 212 203 202 200 199 196 189 188 184 182 181 171 170 169 167 165 160 159 158 155 150 149 148 146 144 140 137 136 135 131 129 128 124 123 122 121 119 118 116 115 113 112 109 107 106 96 95 94 93 92 91 90 89 88 87 86 84 83 82 81 80 79 78 77 76 73 66 65 62 61 58 54 49 46 45 44 43 42 37 32 31 30 29 28 27 26 25 24 23 22 21 20 19 18 17 16 15 14 13 12 11 10 1 0 
121 495 490 489 487 485 483 482 481 479 477 470 469 468 466 464 462 461 459 458 456 451 450 448 444 442 440 437 435 433 432 430 420 414 412 411 410 408 406 404 403 401 400 397 390 389 387 385 383 382 379 378 367 365 363 359 357 354 350 343 342 339 338 337 335 332 330 328 327 326 324 285 276 275 274 272 270 268 266 264 263 262 261 260 258 257 254 241 240 239 238 237 235 233 231 229 227 225 224 223 222 221 220 219 218 217 213 212 203 202 200 199 196 189 188 184 182 181 171 170 169 167 165 160 159 158 155 150 149 148 146 144 140 137 136 135 131 129 128 124 123 122 120 119 118 116 115 113 112 109 107 106 96 95 94 93 92 91 90 89 88 87 86 84 83 82 81 80 79 78 77 76 73 66 65 62 61 58 54 49 46 45 44 43 42 37 32 31 30 29 28 27 26 25 24 23 22 21 20 19 18 17 16 15 14 13 12 11 10 1 0 
122 495 490 489 487 485 483 482 481 479 477 470 469 468 466 464 462 461 459 458 456 451 450 448 444 442 440 437 435 433 432 430 420 414 412 411 410 408 406 404 403 401 400 397 390 389 387 385 383 382 379 378 367 365 363 359 357 354 350 343 342 339 338 337 335 332 330 328 327 326 324 285 276 275 274 272 270 268 266 264 263 262 261 260 258 257 254 241 240 239 238 237 235 233 231 229 227 225 224 223 222 221 220 219 218 217 213 212 203 202 200 199 196 189 188 184 182 181 171 170 169 167 165 160 159 158 155 150 149 148 146 144 140 137 136 135 131 129 128 124 123 121 120 119 118 116 115 113 112 109 107 106 96 95 94 93 92 91 90 89 88 87 86 84 83 82 81 80 79 78 77 76 73 66 65 62 61 58 54 49 46 45 44 43 42 37 32 31 30 29 28 27 26 25 24 23 22 21 20 19 18 17 16 15 14 13 12 11 10 1 0 
123 495 490 489 487 485 483 482 481 479 477 470 469 468 466 464 462 461 459 458 456 451 450 448 444 442 440 437 435 433 432 430 420 414 412 411 410 408 406 404 403 401 400 397 390 389 387 385 383 382 379 378 367 365 363 359 357 354 350 343 342 339 338 337 335 332 330 328 327 326 324 285 276 275 274 272 270 268 266 264 263 262 261 260 258 257 254 241 240 239 238 237 235 233 231 229 227 225 224 223 222 221 220 219 218 217 213 212 203 202 200 199 196 189 188 184 182 181 171 170 169 167 165 160 159 158 155 150 149 148 146 144 140 137 136 135 131 129 128 124 122 121 120 119 118 116 115 113 112 109 107 106 96 95 94 93 92 91 90 89 88 87 86 84 83 82 81 80 79 78 77 76 73 66 65 62 61 58 54 49 46 45 44 43 42 37 32 31 30 29 28 27 26 25 24 23 22 21 20 19 18 17 16 15 14 13 12 11 10 1 0 
124 495 490 489 487 485 483 482 481 479 477 470 469 468 466 464 462 461 459 458 456 451 450 448 444 442 440 437 435 433 432 430 420 414 412 411 410 408 406 404 403 401 400 397 390 389 387 385 383 382 379 378 367 365 363 359 357 354 350 343 342 339 338 337 335 332 330 328 327 326 324 285 276 275 274 272 270 268 266 264 263 262 261 260 258 257 254 241 240 239 238 237 235 233 231 229 227 225 224 223 222 221 220 219 218 217 213 212 203 202 200 199 196 189 188 184 182 181 171 170 169 167 165 160 159 158 155 150 149 148 146 144 140 137 136 135 131 129 128 123 122 121 120 119 118 116 115 113 112 109 107 106 96 95 94 93 92 91 90 89 88 87 86 84 83 82 81 80 79 78 77 76 73 66 65 62 61 58 54 49 46 45 44 43 42 37 32 31 30 29 28 27 26 25 24 23 22 21 20 19 18 17 16 15 14 13 12 11 10 1 0 
125 
126 
127 
128 165 160 159 158 155 150 149 148 146 144 140 137 136 135 131 129 124 123 122 121 120 119 118 116 115 113 112 109 107 106 96 95 94 93 92 91 90 89 80 79 78 65 32 31 30 29 28 27 26 25 24 23 22 21 20 19 18 17 16 1 0 
129 165 160 159 158 155 150 149 148 146 144 140 137 136 135 131 128 124 123 122 121 120 119 118 116 115 113 112 109 107 106 96 95 94 93 92 91 90 89 80 79 78 65 32 31 30 29 28 27 26 25 24 23 22 21 20 19 18 17 16 1 0 
130 
131 136 135 129 128 124 123 122 121 120 119 118 116 115 113 112 109 107 106 96 95 94 93 92 91 90 89 65 32 31 30 29 28 27 26 25 24 23 22 21 20 19 18 17 16 1 0 
132 
133 
134 
135 140 137 136 131 129 128 124 123 122 121 120 119 118 116 115 113 112 109 107 106 96 95 94 93 92 91 90 89 79 78 65 32 31 30 29 28 27 26 25 24 23 22 21 20 19 18 17 16 1 0 
136 144 140 137 135 131 129 128 124 123 122 121 120 119 118 116 115 113 112 109 107 106 96 95 94 93 92 91 90 89 79 78 65 32 31 30 29 28 27 26 25 24 23 22 21 20 19 18 17 16 1 0 
137 165 160 159 158 155 150 149 148 146 144 140 136 135 129 128 124 123 122 121 120 119 118 116 115 113 112 109 107 106 96 95 94 93 92 91 90 89 80 79 78 65 32 31 30 29 28 27 26 25 24 23 22 21 20 19 18 17 16 1 0 
138 
139 
140 165 160 159 158 155 150 149 148 146 144 137 136 135 129 128 124 123 122 121 120 119 118 116 115 113 112 109 107 106 96 95 94 93 92 91 90 89 80 79 78 65 32 31 30 29 28 27 26 25 24 23 22 21 20 19 18 17 16 1 0 
141 
142 
143 
144 149 148 146 140 137 136 129 128 124 123 122 121 120 119 118 116 115 113 112 109 107 106 96 95 94 93 92 91 90 89 79 78 65 32 31 30 29 28 27 26 25 24 23 22 21 20 19 18 17 16 1 0 
145 
146 148 144 140 137 129 128 124 123 122 121 120 119 118 116 115 113 112 109 107 106 96 95 94 93 92 91 90 89 79 78 65 32 31 30 29 28 27 26 25 24 23 22 21 20 19 18 17 16 1 0 
147 
148 165 160 159 158 155 150 149 146 144 140 137 129 128 124 123 122 121 120 119 118 116 115 113 112 109 107 106 96 95 94 93 92 91 90 89 80 79 78 65 32 31 30 29 28 27 26 25 24 23 22 21 20 19 18 17 16 1 0 
149 165 160 159 158 155 150 148 144 140 137 129 128 124 123 122 121 120 119 118 116 115 113 112 109 107 106 96 95 94 93 92 91 90 89 80 79 78 65 32 31 30 29 28 27 26 25 24 23 22 21 20 19 18 17 16 1 0 
150 165 160 159 158 155 149 148 140 137 129 128 124 123 122 121 120 119 118 116 115 113 112 109 107 106 96 95 94 93 92 91 90 89 80 79 78 65 32 31 30 29 28 27 26 25 24 23 22 21 20 19 18 17 16 1 0 
151 
152 
153 
154 
155 150 149 148 140 137 129 128 124 123 122 121 120 119 118 116 115 113 112 109 107 106 96 95 94 93 92 91 90 89 79 78 65 32 31 30 29 28 27 26 25 24 23 22 21 20 19 18 17 16 1 0 
156 
157 
158 165 160 159 150 149 148 140 137 129 128 124 123 122 121 120 119 118 116 115 113 112 109 107 106 96 95 94 93 92 91 90 89 80 79 78 65 32 31 30 29 28 27 26 25 24 23 22 21 20 19 18 17 16 1 0 
159 165 160 158 150 149 148 140 137 129 128 124 123 122 121 120 119 118 116 115 113 112 109 107 106 96 95 94 93 92 91 90 89 80 79 78 65 32 31 30 29 28 27 26 25 24 23 22 21 20 19 18 17 16 1 0 
160 165 159 158 150 149 148 140 137 129 128 124 123 122 121 120 119 118 116 115 113 112 109 107 106 96 95 94 93 92 91 90 89 80 79 78 65 32 31 30 29 28 27 26 25 24 23 22 21 20 19 18 17 16 1 0 
161 
162 105 104 103 102 101 100 99 98 97 16 15 14 13 12 11 10 9 8 7 6 5 4 3 2 1 0 
163 
164 
165 160 159 158 150 149 148 140 137 129 128 124 123 122 121 120 119 118 116 115 113 112 109 107 106 96 95 94 93 92 91 90 89 80 79 78 65 32 31 30 29 28 27 26 25 24 23 22 21 20 19 18 17 16 1 0 
166 
167 495 490 489 487 485 483 482 481 479 477 470 469 468 466 464 462 461 459 458 456 451 450 448 444 442 440 437 435 433 432 430 420 414 412 411 410 408 406 404 403 401 400 397 390 389 387 385 383 382 379 378 367 365 363 359 357 354 350 343 342 339 338 337 335 332 330 328 327 326 324 285 276 275 274 272 270 268 266 264 263 262 261 260 258 257 254 241 240 239 238 237 235 233 231 229 227 225 224 223 222 221 220 219 218 217 213 212 203 202 200 199 196 189 188 184 182 181 171 170 169 124 123 122 121 120 119 118 116 115 113 112 109 107 106 96 95 94 93 92 91 90 89 88 87 86 84 83 82 81 77 76 73 66 65 62 61 58 54 49 46 45 44 43 42 37 32 31 30 29 28 27 26 25 24 23 22 21 20 19 18 17 16 15 14 13 12 11 10 1 0 
168 
169 170 167 124 123 122 121 120 119 118 116 115 113 112 109 107 106 96 95 94 93 92 91 90 89 65 32 31 30 29 28 27 26 25 24 23 22 21 20 19 18 17 16 1 0 
170 495 490 489 487 485 483 482 481 479 477 470 469 468 466 464 462 461 459 458 456 451 450 448 444 442 440 437 435 433 432 430 420 414 412 411 410 408 406 404 403 401 400 397 390 389 387 385 383 382 379 378 367 365 363 359 357 354 350 343 342 339 338 337 335 332 330 328 327 326 324 285 276 275 274 272 270 268 266 264 263 262 261 260 258 257 254 241 240 239 238 237 235 233 231 229 227 225 224 223 222 221 220 219 218 217 213 212 203 202 200 199 196 189 188 184 182 181 171 169 167 124 123 122 121 120 119 118 116 115 113 112 109 107 106 96 95 94 93 92 91 90 89 88 87 86 84 83 82 81 77 76 73 66 65 62 61 58 54 49 46 45 44 43 42 37 32 31 30 29 28 27 26 25 24 23 22 21 20 19 18 17 16 15 14 13 12 11 10 1 0 
171 170 167 124 123 122 121 120 119 118 116 115 113 112 109 107 106 96 95 94 93 92 91 90 89 65 32 31 30 29 28 27 26 25 24 23 22 21 20 19 18 17 16 1 0 
172 
173 
174 
175 
176 
177 
178 
179 
180 
181 285 276 275 274 272 270 268 266 264 263 262 261 260 258 257 254 241 240 239 238 237 235 233 231 229 227 225 224 223 222 221 220 219 218 217 213 212 203 202 200 199 196 189 188 184 182 170 167 124 123 122 121 120 119 118 116 115 113 112 109 107 106 96 95 94 93 92 91 90 89 82 81 73 65 61 58 54 46 44 42 32 31 30 29 28 27 26 25 24 23 22 21 20 19 18 17 16 15 14 13 12 11 10 1 0 
182 285 276 275 274 272 270 268 266 264 263 262 261 260 258 257 254 241 240 239 238 237 235 233 231 229 227 225 224 223 222 221 220 219 218 217 213 212 203 202 200 199 196 189 188 184 181 170 167 124 123 122 121 120 119 118 116 115 113 112 109 107 106 96 95 94 93 92 91 90 89 82 81 73 65 61 58 54 46 44 42 32 31 30 29 28 27 26 25 24 23 22 21 20 19 18 17 16 15 14 13 12 11 10 1 0 
183 
184 182 181 170 167 124 123 122 121 120 119 118 116 115 113 112 109 107 106 96 95 94 93 92 91 90 89 73 65 61 58 54 46 44 32 31 30 29 28 27 26 25 24 23 22 21 20 19 18 17 16 1 0 
185 
186 
187 
188 182 181 170 167 124 123 122 121 120 119 118 116 115 113 112 109 107 106 96 95 94 93 92 91 90 89 73 65 61 58 54 46 32 31 30 29 28 27 26 25 24 23 22 21 20 19 18 17 16 1 0 
189 182 181 170 167 124 123 122 121 120 119 118 116 115 113 112 109 107 106 96 95 94 93 92 91 90 89 73 65 61 58 54 46 32 31 30 29 28 27 26 25 24 23 22 21 20 19 18 17 16 1 0 
190 
191 
192 
193 
194 
195 
196 182 181 170 167 124 123 122 121 120 119 118 116 115 113 112 109 107 106 96 95 94 93 92 91 90 89 73 65 61 58 54 46 44 32 31 30 29 28 27 26 25 24 23 22 21 20 19 18 17 16 1 0 
197 
198 
199 182 181 170 167 124 123 122 121 120 119 118 116 115 113 112 109 107 106 96 95 94 93 92 91 90 89 73 65 61 58 54 46 44 42 32 31 30 29 28 27 26 25 24 23 22 21 20 19 18 17 16 1 0 
200 285 276 275 274 272 270 268 266 264 263 262 261 260 258 257 217 213 203 202 182 181 170 167 124 123 122 121 120 119 118 116 115 113 112 109 107 106 96 95 94 93 92 91 90 89 81 73 65 61 58 54 46 44 42 32 31 30 29 28 27 26 25 24 23 22 21 20 19 18 17 16 15 14 13 12 11 10 1 0 
201 
202 285 276 275 274 272 270 268 266 264 263 262 261 260 258 257 218 217 213 203 200 182 181 170 167 124 123 122 121 120 119 118 116 115 113 112 109 107 106 96 95 94 93 92 91 90 89 81 73 65 61 58 54 46 44 42 32 31 30 29 28 27 26 25 24 23 22 21 20 19 18 17 16 15 14 13 12 11 10 1 0 
203 285 276 275 274 272 270 268 266 264 263 262 261 260 258 257 219 218 217 213 202 200 182 181 170 167 124 123 122 121 120 119 118 116 115 113 112 109 107 106 96 95 94 93 92 91 90 89 81 73 65 61 58 54 46 44 42 32 31 30 29 28 27 26 25 24 23 22 21 20 19 18 17 16 15 14 13 12 11 10 1 0 
204 
205 
206 
207 
208 
209 
210 
211 
212 182 181 170 167 124 123 122 121 120 119 118 116 115 113 112 109 107 106 96 95 94 93 92 91 90 89 73 65 61 58 54 46 44 42 32 31 30 29 28 27 26 25 24 23 22 21 20 19 18 17 16 1 0 
213 203 202 200 182 181 170 167 124 123 122 121 120 119 118 116 115 113 112 109 107 106 96 95 94 93 92 91 90 89 73 65 61 58 54 46 44 42 32 31 30 29 28 27 26 25 24 23 22 21 20 19 18 17 16 1 0 
214 
215 251 250 249 248 247 245 244 243 105 104 103 102 101 100 99 98 97 16 15 14 13 12 11 10 9 8 7 6 5 4 3 2 1 0 
216 
217 223 222 221 220 219 218 203 202 200 182 181 170 167 124 123 122 121 120 119 118 116 115 113 112 109 107 106 96 95 94 93 92 91 90 89 73 65 61 58 54 46 44 42 32 31 30 29 28 27 26 25 24 23 22 21 20 19 18 17 16 1 0 
218 224 223 222 221 220 219 217 203 202 182 181 170 167 124 123 122 121 120 119 118 116 115 113 112 109 107 106 96 95 94 93 92 91 90 89 73 65 61 58 54 46 44 42 32 31 30 29 28 27 26 25 24 23 22 21 20 19 18 17 16 1 0 
219 221 220 218 217 203 182 181 170 167 124 123 122 121 120 119 118 116 115 113 112 109 107 106 96 95 94 93 92 91 90 89 73 65 61 58 54 46 44 42 32 31 30 29 28 27 26 25 24 23 22 21 20 19 18 17 16 1 0 
220 219 218 217 182 181 170 167 124 123 122 121 120 119 118 116 115 113 112 109 107 106 96 95 94 93 92 91 90 89 73 65 61 58 54 46 44 42 32 31 30 29 28 27 26 25 24 23 22 21 20 19 18 17 16 1 0 
221 222 219 218 217 182 181 170 167 124 123 122 121 120 119 118 116 115 113 112 109 107 106 96 95 94 93 92 91 90 89 73 65 61 58 54 46 44 42 32 31 30 29 28 27 26 25 24 23 22 21 20 19 18 17 16 1 0 
222 227 225 224 223 221 218 217 182 181 170 167 124 123 122 121 120 119 118 116 115 113 112 109 107 106 96 95 94 93 92 91 90 89 73 65 61 58 54 46 44 42 32 31 30 29 28 27 26 25 24 23 22 21 20 19 18 17 16 1 0 
223 229 227 225 224 222 218 217 182 181 170 167 124 123 122 121 120 119 118 116 115 113 112 109 107 106 96 95 94 93 92 91 90 89 73 65 61 58 54 46 44 42 32 31 30 29 28 27 26 25 24 23 22 21 20 19 18 17 16 1 0 
224 231 229 227 225 223 222 218 182 181 170 167 124 123 122 121 120 119 118 116 115 113 112 109 107 106 96 95 94 93 92 91 90 89 73 65 61 58 54 46 44 42 32 31 30 29 28 27 26 25 24 23 22 21 20 19 18 17 16 1 0 
225 233 231 229 227 224 223 222 182 181 170 167 124 123 122 121 120 119 118 116 115 113 112 109 107 106 96 95 94 93 92 91 90 89 73 65 61 58 54 46 44 42 32 31 30 29 28 27 26 25 24 23 22 21 20 19 18 17 16 1 0 
226 
227 254 241 240 239 238 237 235 233 231 229 225 224 223 222 182 181 170 167 124 123 122 121 120 119 118 116 115 113 112 109 107 106 96 95 94 93 92 91 90 89 82 73 65 61 58 54 46 44 42 32 31 30 29 28 27 26 25 24 23 22 21 20 19 18 17 16 1 0 
228 
229 235 233 231 227 225 224 223 182 181 170 167 124 123 122 121 120 119 118 116 115 113 112 109 107 106 96 95 94 93 92 91 90 89 73 65 61 58 54 46 44 42 32 31 30 29 28 27 26 25 24 23 22 21 20 19 18 17 16 1 0 
230 
231 240 239 238 237 235 233 229 227 225 224 182 181 170 167 124 123 122 121 120 119 118 116 115 113 112 109 107 106 96 95 94 93 92 91 90 89 73 65 61 58 54 46 44 42 32 31 30 29 28 27 26 25 24 23 22 21 20 19 18 17 16 1 0 
232 
233 238 237 235 231 229 227 225 182 181 170 167 124 123 122 121 120 119 118 116 115 113 112 109 107 106 96 95 94 93 92 91 90 89 73 65 61 58 54 46 44 42 32 31 30 29 28 27 26 25 24 23 22 21 20 19 18 17 16 1 0 
234 
235 239 238 237 233 231 229 227 182 181 170 167 124 123 122 121 120 119 118 116 115 113 112 109 107 106 96 95 94 93 92 91 90 89 73 65 61 58 54 46 44 42 32 31 30 29 28 27 26 25 24 23 22 21 20 19 18 17 16 1 0 
236 
237 254 241 240 239 238 235 233 231 227 182 181 170 167 124 123 122 121 120 119 118 116 115 113 112 109 107 106 96 95 94 93 92 91 90 89 82 73 65 61 58 54 46 44 42 32 31 30 29 28 27 26 25 24 23 22 21 20 19 18 17 16 1 0 
238 254 241 240 239 237 235 233 231 227 182 181 170 167 124 123 122 121 120 119 118 116 115 113 112 109 107 106 96 95 94 93 92 91 90 89 82 73 65 61 58 54 46 44 42 32 31 30 29 28 27 26 25 24 23 22 21 20 19 18 17 16 1 0 
239 254 241 240 238 237 235 231 227 182 181 170 167 124 123 122 121 120 119 118 116 115 113 112 109 107 106 96 95 94 93 92 91 90 89 82 73 65 61 58 54 46 44 42 32 31 30 29 28 27 26 25 24 23 22 21 20 19 18 17 16 1 0 
240 254 241 239 238 237 231 227 182 181 170 167 124 123 122 121 120 119 118 116 115 113 112 109 107 106 96 95 94 93 92 91 90 89 82 73 65 61 58 54 46 44 42 32 31 30 29 28 27 26 25 24 23 22 21 20 19 18 17 16 1 0 
241 254 240 239 238 237 227 182 181 170 167 124 123 122 121 120 119 118 116 115 113 112 109 107 106 96 95 94 93 92 91 90 89 82 73 65 61 58 54 46 44 42 32 31 30 29 28 27 26 25 24 23 22 21 20 19 18 17 16 1 0 
242 
243 244 215 105 104 103 102 101 100 99 98 97 16 15 14 13 12 11 10 9 8 7 6 5 4 3 2 1 0 
244 243 215 105 104 103 102 101 100 99 98 97 16 15 14 13 12 11 10 9 8 7 6 5 4 3 2 1 0 
245 249 248 247 215 105 104 103 102 101 100 99 98 97 16 15 14 13 12 11 10 9 8 7 6 5 4 3 2 1 0 
246 
247 248 245 215 105 104 103 102 101 100 99 98 97 16 15 14 13 12 11 10 9 8 7 6 5 4 3 2 1 0 
248 247 245 215 105 104 103 102 101 100 99 98 97 16 15 14 13 12 11 10 9 8 7 6 5 4 3 2 1 0 
249 250 245 215 105 104 103 102 101 100 99 98 97 16 15 14 13 12 11 10 9 8 7 6 5 4 3 2 1 0 
250 249 215 105 104 103 102 101 100 99 98 97 16 15 14 13 12 11 10 9 8 7 6 5 4 3 2 1 0 
251 215 105 104 103 102 101 100 99 98 97 16 15 14 13 12 11 10 9 8 7 6 5 4 3 2 1 0 
252 
253 
254 241 240 239 238 237 227 182 181 170 167 124 123 122 121 120 119 118 116 115 113 112 109 107 106 96 95 94 93 92 91 90 89 82 73 65 61 58 54 46 44 42 32 31 30 29 28 27 26 25 24 23 22 21 20 19 18 17 16 1 0 
255 
256 
257 203 202 200 182 181 170 167 124 123 122 121 120 119 118 116 115 113 112 109 107 106 96 95 94 93 92 91 90 89 73 61 58 54 46 44 42 32 31 30 29 28 27 26 25 24 23 22 21 20 19 18 17 16 1 0 
258 261 260 203 202 200 182 181 170 167 124 123 122 121 120 119 118 116 115 113 112 109 107 106 96 95 94 93 92 91 90 89 73 61 58 54 46 44 42 32 31 30 29 28 27 26 25 24 23 22 21 20 19 18 17 16 1 0 
259 
260 262 261 258 203 202 200 182 181 170 167 124 123 122 121 120 119 118 116 115 113 112 109 107 106 96 95 94 93 92 91 90 89 73 61 58 54 46 44 42 32 31 30 29 28 27 26 25 24 23 22 21 20 19 18 17 16 1 0 
261 263 262 260 258 203 202 200 182 181 170 167 124 123 122 121 120 119 118 116 115 113 112 109 107 106 96 95 94 93 92 91 90 89 73 61 58 54 46 44 42 32 31 30 29 28 27 26 25 24 23 22 21 20 19 18 17 16 1 0 
262 268 266 264 263 261 260 203 202 200 182 181 170 167 124 123 122 121 120 119 118 116 115 113 112 109 107 106 96 95 94 93 92 91 90 89 73 61 58 54 46 44 42 32 31 30 29 28 27 26 25 24 23 22 21 20 19 18 17 16 1 0 
263 270 268 266 264 262 261 203 202 200 182 181 170 167 124 123 122 121 120 119 118 116 115 113 112 109 107 106 96 95 94 93 92 91 90 89 73 61 58 54 46 44 42 32 31 30 29 28 27 26 25 24 23 22 21 20 19 18 17 16 1 0 
264 266 263 262 203 202 200 182 181 170 167 124 123 122 121 120 119 118 116 115 113 112 109 107 106 96 95 94 93 92 91 90 89 73 61 58 54 46 44 42 32 31 30 29 28 27 26 25 24 23 22 21 20 19 18 17 16 1 0 
265 
266 285 276 275 274 272 270 268 264 263 262 203 202 200 182 181 170 167 124 123 122 121 120 119 118 116 115 113 112 109 107 106 96 95 94 93 92 91 90 89 81 73 61 58 54 46 44 42 32 31 30 29 28 27 26 25 24 23 22 21 20 19 18 17 16 1 0 
267 
268 275 274 272 270 266 263 262 203 202 200 182 181 170 167 124 123 122 121 120 119 118 116 115 113 112 109 107 106 96 95 94 93 92 91 90 89 73 61 58 54 46 44 42 32 31 30 29 28 27 26 25 24 23 22 21 20 19 18 17 16 1 0 
269 
270 272 268 266 263 203 202 200 182 181 170 167 124 123 122 121 120 119 118 116 115 113 112 109 107 106 96 95 94 93 92 91 90 89 73 61 58 54 46 44 42 32 31 30 29 28 27 26 25 24 23 22 21 20 19 18 17 16 1 0 
271 
272 274 270 268 266 203 202 200 182 181 170 167 124 123 122 121 120 119 118 116 115 113 112 109 107 106 96 95 94 93 92 91 90 89 73 61 58 54 46 44 42 32 31 30 29 28 27 26 25 24 23 22 21 20 19 18 17 16 1 0 
273 
274 285 276 275 272 268 266 203 202 200 182 181 170 167 124 123 122 121 120 119 118 116 115 113 112 109 107 106 96 95 94 93 92 91 90 89 81 73 61 58 54 46 44 42 32 31 30 29 28 27 26 25 24 23 22 21 20 19 18 17 16 1 0 
275 285 276 274 268 266 203 202 200 182 181 170 167 124 123 122 121 120 119 118 116 115 113 112 109 107 106 96 95 94 93 92 91 90 89 81 73 61 58 54 46 44 42 32 31 30 29 28 27 26 25 24 23 22 21 20 19 18 17 16 1 0 
276 285 275 274 266 203 202 200 182 181 170 167 124 123 122 121 120 119 118 116 115 113 112 109 107 106 96 95 94 93 92 91 90 89 81 73 61 58 54 46 44 42 32 31 30 29 28 27 26 25 24 23 22 21 20 19 18 17 16 1 0 
277 
278 279 105 104 103 102 101 100 99 98 97 16 15 14 13 12 11 10 9 8 7 6 5 4 3 2 1 0 
279 278 105 104 103 102 101 100 99 98 97 16 15 14 13 12 11 10 9 8 7 6 5 4 3 2 1 0 
280 281 105 104 103 102 101 100 99 98 97 16 15 14 13 12 11 10 9 8 7 6 5 4 3 2 1 0 
281 280 105 104 103 102 101 100 99 98 97 16 15 14 13 12 11 10 9 8 7 6 5 4 3 2 1 0 
282 105 104 103 102 101 100 99 98 97 16 15 14 13 12 11 10 9 8 7 6 5 4 3 2 1 0 
283 
284 
285 276 275 274 266 203 202 200 182 181 170 167 124 123 122 121 120 119 118 116 115 113 112 109 107 106 96 95 94 93 92 91 90 89 81 73 61 58 54 46 44 42 32 31 30 29 28 27 26 25 24 23 22 21 20 19 18 17 16 1 0 
286 
287 
288 
289 
290 
291 
292 
293 
294 
295 320 314 312 309 307 304 302 301 298 296 118 116 115 113 112 109 107 106 96 95 94 93 92 91 90 89 85 75 66 37 31 30 29 28 27 26 25 24 23 22 21 20 19 18 17 16 1 0 
296 320 314 312 309 307 304 302 301 298 295 118 116 115 113 112 109 107 106 96 95 94 93 92 91 90 89 85 75 66 37 31 30 29 28 27 26 25 24 23 22 21 20 19 18 17 16 1 0 
297 
298 301 296 295 118 116 115 113 112 109 107 106 96 95 94 93 92 91 90 89 66 37 31 30 29 28 27 26 25 24 23 22 21 20 19 18 17 16 1 0 
299 
300 
301 304 302 298 296 295 118 116 115 113 112 109 107 106 96 95 94 93 92 91 90 89 75 66 37 31 30 29 28 27 26 25 24 23 22 21 20 19 18 17 16 1 0 
302 320 314 312 309 307 304 301 296 295 118 116 115 113 112 109 107 106 96 95 94 93 92 91 90 89 85 75 66 37 31 30 29 28 27 26 25 24 23 22 21 20 19 18 17 16 1 0 
303 
304 320 314 312 309 307 302 301 296 295 118 116 115 113 112 109 107 106 96 95 94 93 92 91 90 89 85 75 66 37 31 30 29 28 27 26 25 24 23 22 21 20 19 18 17 16 1 0 
305 
306 
307 304 302 296 295 118 116 115 113 112 109 107 106 96 95 94 93 92 91 90 89 75 66 37 31 30 29 28 27 26 25 24 23 22 21 20 19 18 17 16 1 0 
308 
309 320 314 312 304 302 296 295 116 115 113 112 109 107 106 96 95 94 93 92 91 90 89 85 75 66 37 31 30 29 28 27 26 25 24 23 22 21 20 19 18 17 16 1 0 
310 
311 
312 309 304 302 296 295 116 115 113 112 109 107 106 96 95 94 93 92 91 90 89 75 66 37 31 30 29 28 27 26 25 24 23 22 21 20 19 18 17 16 1 0 
313 
314 320 309 304 302 296 295 116 115 113 112 109 107 106 96 95 94 93 92 91 90 89 85 75 66 37 31 30 29 28 27 26 25 24 23 22 21 20 19 18 17 16 1 0 
315 
316 105 104 103 102 101 100 99 98 97 16 15 14 13 12 11 10 9 8 7 6 5 4 3 2 1 0 
317 105 104 103 102 101 100 99 98 97 16 15 14 13 12 11 10 9 8 7 6 5 4 3 2 1 0 
318 
319 
320 314 309 304 302 296 295 116 115 113 112 109 107 106 96 95 94 93 92 91 90 89 85 75 66 37 31 30 29 28 27 26 25 24 23 22 21 20 19 18 17 16 1 0 
321 
322 
323 
324 456 451 450 448 444 442 440 437 435 433 432 430 420 414 412 411 410 408 406 404 403 401 400 397 390 389 387 385 383 382 379 378 367 365 363 359 357 354 350 343 342 339 338 337 335 332 330 328 327 326 170 167 124 123 122 121 120 119 118 116 115 113 112 109 107 106 96 95 94 93 92 91 90 89 88 87 86 77 76 73 66 62 54 49 45 43 37 31 30 29 28 27 26 25 24 23 22 21 20 19 18 17 16 15 14 13 12 11 10 1 0 
325 
326 456 451 450 448 444 442 440 437 435 433 432 430 420 414 412 411 410 408 406 404 403 401 400 397 390 389 387 385 383 382 379 378 367 365 363 359 357 354 350 343 342 339 338 337 335 332 330 328 327 324 170 167 124 123 122 121 120 119 118 116 115 113 112 109 107 106 96 95 94 93 92 91 90 89 88 87 86 77 76 73 66 62 54 49 45 43 37 31 30 29 28 27 26 25 24 23 22 21 20 19 18 17 16 15 14 13 12 11 10 1 0 
327 328 326 324 170 167 124 123 122 121 120 119 118 116 115 113 112 109 107 106 96 95 94 93 92 91 90 89 73 66 54 49 37 31 30 29 28 27 26 25 24 23 22 21 20 19 18 17 16 1 0 
328 456 451 450 448 444 442 440 437 435 433 432 430 420 414 412 411 410 408 406 404 403 401 400 397 390 389 387 385 383 382 379 378 367 365 363 359 357 354 350 343 342 339 338 337 335 332 330 327 326 324 170 167 124 123 122 121 120 119 118 116 115 113 112 109 107 106 96 95 94 93 92 91 90 89 88 87 86 77 76 73 66 62 54 49 45 43 37 31 30 29 28 27 26 25 24 23 22 21 20 19 18 17 16 15 14 13 12 11 10 1 0 
329 
330 337 335 332 328 326 324 170 167 124 123 122 121 120 119 118 116 115 113 112 109 107 106 96 95 94 93 92 91 90 89 73 66 54 49 37 31 30 29 28 27 26 25 24 23 22 21 20 19 18 17 16 1 0 
331 
332 456 451 450 448 444 442 440 437 435 433 432 430 420 414 412 411 410 408 406 404 403 401 400 397 390 389 387 385 383 382 379 378 367 365 363 359 357 354 350 343 342 339 338 337 335 330 328 326 324 170 167 124 123 122 121 120 119 118 116 115 113 112 109 107 106 96 95 94 93 92 91 90 89 88 87 86 77 76 73 66 62 54 49 45 43 37 31 30 29 28 27 26 25 24 23 22 21 20 19 18 17 16 15 14 13 12 11 10 1 0 
333 
334 
335 456 451 450 448 444 442 440 437 435 433 432 430 420 414 412 411 410 408 406 404 403 401 400 397 390 389 387 385 383 382 379 378 367 365 363 359 357 354 350 343 342 339 338 337 332 330 328 326 324 170 167 124 123 122 121 120 119 118 116 115 113 112 109 107 106 96 95 94 93 92 91 90 89 88 87 86 77 76 73 66 62 54 49 45 43 37 31 30 29 28 27 26 25 24 23 22 21 20 19 18 17 16 15 14 13 12 11 10 1 0 
336 
337 456 451 450 448 444 442 440 437 435 433 432 430 420 414 412 411 410 408 406 404 403 401 400 397 390 389 387 385 383 382 379 378 367 365 363 359 357 354 350 343 342 339 338 335 332 330 328 326 324 170 167 124 123 122 121 120 119 118 116 115 113 112 109 107 106 96 95 94 93 92 91 90 89 88 87 86 77 76 73 66 62 54 49 45 43 37 31 30 29 28 27 26 25 24 23 22 21 20 19 18 17 16 15 14 13 12 11 10 1 0 
338 456 451 450 448 444 442 440 437 435 433 432 430 420 414 412 411 410 408 406 404 403 401 400 397 390 389 387 385 383 382 379 378 367 365 363 359 357 354 350 343 342 339 337 335 332 328 326 324 170 167 124 123 122 121 120 119 118 116 115 113 112 109 107 106 96 95 94 93 92 91 90 89 88 87 86 77 76 73 66 62 54 49 45 43 37 31 30 29 28 27 26 25 24 23 22 21 20 19 18 17 16 15 14 13 12 11 10 1 0 
339 338 337 335 332 328 326 324 170 167 124 123 122 121 120 119 118 116 115 113 112 109 107 106 96 95 94 93 92 91 90 89 73 66 62 54 49 45 37 31 30 29 28 27 26 25 24 23 22 21 20 19 18 17 16 1 0 
340 
341 
342 338 337 335 332 328 326 324 170 167 124 123 122 121 120 119 118 116 115 113 112 109 107 106 96 95 94 93 92 91 90 89 73 66 62 54 49 37 31 30 29 28 27 26 25 24 23 22 21 20 19 18 17 16 1 0 
343 338 337 335 332 328 326 324 170 167 124 123 122 121 120 119 118 116 115 113 112 109 107 106 96 95 94 93 92 91 90 89 73 66 62 54 49 45 37 31 30 29 28 27 26 25 24 23 22 21 20 19 18 17 16 1 0 
344 
345 
346 
347 
348 
349 
350 338 337 335 332 328 326 324 170 167 124 123 122 121 120 119 118 116 115 113 112 109 107 106 96 95 94 93 92 91 90 89 73 66 62 54 49 45 37 31 30 29 28 27 26 25 24 23 22 21 20 19 18 17 16 1 0 
351 
352 
353 
354 338 337 335 332 328 326 324 170 167 124 123 122 121 120 119 118 116 115 113 112 109 107 106 96 95 94 93 92 91 90 89 73 66 62 54 49 45 37 31 30 29 28 27 26 25 24 23 22 21 20 19 18 17 16 1 0 
355 
356 
357 338 337 335 332 328 326 324 170 167 124 123 122 121 120 119 118 116 115 113 112 109 107 106 96 95 94 93 92 91 90 89 73 66 62 54 49 45 37 31 30 29 28 27 26 25 24 23 22 21 20 19 18 17 16 1 0 
358 
359 420 414 412 411 410 408 406 404 403 401 400 397 390 389 387 385 383 382 379 378 367 365 363 338 337 335 332 328 326 324 170 167 124 123 122 121 120 119 118 116 115 113 112 109 107 106 96 95 94 93 92 91 90 89 88 87 76 73 66 62 54 49 45 43 37 31 30 29 28 27 26 25 24 23 22 21 20 19 18 17 16 15 14 13 12 11 10 1 0 
360 
361 
362 
363 408 406 404 403 401 400 367 365 359 338 337 335 332 328 326 324 170 167 124 123 122 121 120 119 118 116 115 113 112 109 107 106 96 95 94 93 92 91 90 89 76 73 66 62 54 49 45 43 37 31 30 29 28 27 26 25 24 23 22 21 20 19 18 17 16 1 0 
364 
365 420 414 412 411 410 408 406 404 403 401 400 389 387 385 383 382 379 367 363 359 338 337 335 332 328 326 324 170 167 124 123 122 121 120 119 118 116 115 113 112 109 107 106 96 95 94 93 92 91 90 89 87 76 73 66 62 54 49 45 43 37 31 30 29 28 27 26 25 24 23 22 21 20 19 18 17 16 15 14 13 12 11 10 1 0 
366 
367 420 414 412 411 410 408 406 404 403 401 400 365 363 359 338 337 335 332 328 326 324 170 167 124 123 122 121 120 119 118 116 115 113 112 109 107 106 96 95 94 93 92 91 90 89 87 76 73 66 62 54 49 45 43 37 31 30 29 28 27 26 25 24 23 22 21 20 19 18 17 16 15 14 13 12 11 10 1 0 
368 
369 
370 
371 
372 
373 
374 
375 
376 
377 
378 359 338 337 335 332 328 326 324 170 167 124 123 122 121 120 119 118 116 115 113 112 109 107 106 96 95 94 93 92 91 90 89 76 73 66 62 54 49 45 43 37 31 30 29 28 27 26 25 24 23 22 21 20 19 18 17 16 1 0 
379 365 359 338 337 335 332 328 326 324 170 167 124 123 122 121 120 119 118 116 115 113 112 109 107 106 96 95 94 93 92 91 90 89 76 73 66 62 54 49 45 43 37 31 30 29 28 27 26 25 24 23 22 21 20 19 18 17 16 1 0 
380 
381 
382 365 359 338 337 335 332 328 326 324 170 167 124 123 122 121 120 119 118 116 115 113 112 109 107 106 96 95 94 93 92 91 90 89 76 73 66 62 54 49 45 43 37 31 30 29 28 27 26 25 24 23 22 21 20 19 18 17 16 1 0 
383 385 365 359 338 337 335 332 328 326 324 170 167 124 123 122 121 120 119 118 116 115 113 112 109 107 106 96 95 94 93 92 91 90 89 76 73 66 62 54 49 45 43 37 31 30 29 28 27 26 25 24 23 22 21 20 19 18 17 16 1 0 
384 
385 397 390 389 387 383 365 359 338 337 335 332 328 326 324 170 167 124 123 122 121 120 119 118 116 115 113 112 109 107 106 96 95 94 93 92 91 90 89 88 76 73 66 62 54 49 45 43 37 31 30 29 28 27 26 25 24 23 22 21 20 19 18 17 16 1 0 
386 
387 385 365 359 338 337 335 332 328 326 324 170 167 124 123 122 121 120 119 118 116 115 113 112 109 107 106 96 95 94 93 92 91 90 89 76 73 66 62 54 49 45 43 37 31 30 29 28 27 26 25 24 23 22 21 20 19 18 17 16 1 0 
388 
389 397 390 385 365 359 338 337 335 332 328 326 324 170 167 124 123 122 121 120 119 118 116 115 113 112 109 107 106 96 95 94 93 92 91 90 89 88 76 73 66 62 54 49 45 43 37 31 30 29 28 27 26 25 24 23 22 21 20 19 18 17 16 1 0 
390 397 389 385 359 338 337 335 332 328 326 324 170 167 124 123 122 121 120 119 118 116 115 113 112 109 107 106 96 95 94 93 92 91 90 89 88 76 73 66 62 54 49 45 43 37 31 30 29 28 27 26 25 24 23 22 21 20 19 18 17 16 1 0 
391 
392 393 105 104 103 102 101 100 99 98 97 16 15 14 13 12 11 10 9 8 7 6 5 4 3 2 1 0 
393 392 105 104 103 102 101 100 99 98 97 16 15 14 13 12 11 10 9 8 7 6 5 4 3 2 1 0 
394 105 104 103 102 101 100 99 98 97 16 15 14 13 12 11 10 9 8 7 6 5 4 3 2 1 0 
395 
396 
397 390 389 385 359 338 337 335 332 328 326 324 170 167 124 123 122 121 120 119 118 116 115 113 112 109 107 106 96 95 94 93 92 91 90 89 88 76 73 66 62 54 49 45 43 37 31 30 29 28 27 26 25 24 23 22 21 20 19 18 17 16 1 0 
398 
399 
400 367 365 363 359 338 337 335 332 328 326 324 170 167 124 123 122 121 120 119 118 116 115 113 112 109 107 106 96 95 94 93 92 91 90 89 76 73 62 54 49 45 43 37 31 30 29 28 27 26 25 24 23 22 21 20 19 18 17 16 1 0 
401 403 367 365 363 359 338 337 335 332 328 326 324 170 167 124 123 122 121 120 119 118 116 115 113 112 109 107 106 96 95 94 93 92 91 90 89 76 73 62 54 49 45 43 37 31 30 29 28 27 26 25 24 23 22 21 20 19 18 17 16 1 0 
402 
403 420 414 412 411 410 408 406 404 401 367 365 363 359 338 337 335 332 328 326 324 170 167 124 123 122 121 120 119 118 116 115 113 112 109 107 106 96 95 94 93 92 91 90 89 87 76 73 62 54 49 45 43 37 31 30 29 28 27 26 25 24 23 22 21 20 19 18 17 16 1 0 
404 406 403 367 365 363 359 338 337 335 332 328 326 324 170 167 124 123 122 121 120 119 118 116 115 113 112 109 107 106 96 95 94 93 92 91 90 89 76 73 62 54 49 45 43 37 31 30 29 28 27 26 25 24 23 22 21 20 19 18 17 16 1 0 
405 
406 420 414 412 411 410 408 404 403 367 365 363 359 338 337 335 332 328 326 324 170 167 124 123 122 121 120 119 118 116 115 113 112 109 107 106 96 95 94 93 92 91 90 89 87 76 73 62 54 49 45 43 37 31 30 29 28 27 26 25 24 23 22 21 20 19 18 17 16 1 0 
407 
408 411 410 406 403 367 365 363 359 338 337 335 332 328 326 324 170 167 124 123 122 121 120 119 118 116 115 113 112 109 107 106 96 95 94 93 92 91 90 89 76 73 62 54 49 45 43 37 31 30 29 28 27 26 25 24 23 22 21 20 19 18 17 16 1 0 
409 
410 420 414 412 411 408 406 403 367 365 359 338 337 335 332 328 326 324 170 167 124 123 122 121 120 119 118 116 115 113 112 109 107 106 96 95 94 93 92 91 90 89 87 76 73 62 54 49 45 43 37 31 30 29 28 27 26 25 24 23 22 21 20 19 18 17 16 1 0 
411 420 414 412 410 408 406 403 367 365 359 338 337 335 332 328 326 324 170 167 124 123 122 121 120 119 118 116 115 113 112 109 107 106 96 95 94 93 92 91 90 89 87 76 73 62 54 49 45 43 37 31 30 29 28 27 26 25 24 23 22 21 20 19 18 17 16 1 0 
412 420 414 411 410 406 403 367 365 359 338 337 335 332 328 326 324 170 167 124 123 122 121 120 119 118 116 115 113 112 109 107 106 96 95 94 93 92 91 90 89 87 76 73 62 54 49 45 43 37 31 30 29 28 27 26 25 24 23 22 21 20 19 18 17 16 1 0 
413 
414 412 411 410 406 403 367 365 359 338 337 335 332 328 326 324 170 167 124 123 122 121 120 119 118 116 115 113 112 109 107 106 96 95 94 93 92 91 90 89 87 76 73 62 54 49 45 43 37 31 30 29 28 27 26 25 24 23 22 21 20 19 18 17 16 1 0 
415 
416 
417 
418 
419 
420 412 411 410 406 403 367 365 359 338 337 335 332 328 326 324 170 167 124 123 122 121 120 119 118 116 115 113 112 109 107 106 96 95 94 93 92 91 90 89 87 76 73 62 54 49 45 43 37 31 30 29 28 27 26 25 24 23 22 21 20 19 18 17 16 1 0 
421 
422 105 104 103 102 101 100 99 98 97 63 16 15 14 13 12 11 10 9 8 7 6 5 4 3 2 1 0 
423 
424 
425 105 104 103 102 101 100 99 98 97 63 16 15 14 13 12 11 10 9 8 7 6 5 4 3 2 1 0 
426 
427 
428 
429 
430 456 451 450 448 444 442 440 437 435 433 432 338 337 335 332 328 326 324 170 167 124 123 122 121 120 119 118 116 115 113 112 109 107 106 96 95 94 93 92 91 90 89 86 77 73 66 62 54 49 45 37 31 30 29 28 27 26 25 24 23 22 21 20 19 18 17 16 1 0 
431 
432 433 430 338 337 335 332 328 326 324 170 167 124 123 122 121 120 119 118 116 115 113 112 109 107 106 96 95 94 93 92 91 90 89 73 66 62 54 49 45 37 31 30 29 28 27 26 25 24 23 22 21 20 19 18 17 16 1 0 
433 435 432 430 338 337 335 332 328 326 324 170 167 124 123 122 121 120 119 118 116 115 113 112 109 107 106 96 95 94 93 92 91 90 89 73 66 62 54 49 45 37 31 30 29 28 27 26 25 24 23 22 21 20 19 18 17 16 1 0 
434 
435 437 433 430 338 337 335 332 328 326 324 170 167 124 123 122 121 120 119 118 116 115 113 112 109 107 106 96 95 94 93 92 91 90 89 77 73 66 62 54 49 45 37 31 30 29 28 27 26 25 24 23 22 21 20 19 18 17 16 1 0 
436 
437 456 451 450 448 444 442 440 435 430 338 337 335 332 328 326 324 170 167 124 123 122 121 120 119 118 116 115 113 112 109 107 106 96 95 94 93 92 91 90 89 86 77 73 66 62 54 49 45 37 31 30 29 28 27 26 25 24 23 22 21 20 19 18 17 16 1 0 
438 
439 
440 456 451 450 448 444 442 437 430 338 337 335 332 328 326 324 170 167 124 123 122 121 120 119 118 116 115 113 112 109 107 106 96 95 94 93 92 91 90 89 86 77 73 66 62 54 49 45 37 31 30 29 28 27 26 25 24 23 22 21 20 19 18 17 16 1 0 
441 
442 444 440 437 430 338 337 335 332 328 326 324 170 167 124 123 122 121 120 119 118 116 115 113 112 109 107 106 96 95 94 93 92 91 90 89 77 73 66 62 54 49 45 37 31 30 29 28 27 26 25 24 23 22 21 20 19 18 17 16 1 0 
443 
444 450 442 440 437 430 338 337 335 332 328 326 324 170 167 124 123 122 121 120 119 118 116 115 113 112 109 107 106 96 95 94 93 92 91 90 89 77 73 66 62 54 49 45 37 31 30 29 28 27 26 25 24 23 22 21 20 19 18 17 16 1 0 
445 
446 
447 
448 440 437 430 338 337 335 332 328 326 324 170 167 124 123 122 121 120 119 118 116 115 113 112 109 107 106 96 95 94 93 92 91 90 89 77 73 66 62 54 49 45 37 31 30 29 28 27 26 25 24 23 22 21 20 19 18 17 16 1 0 
449 
450 456 451 444 440 437 430 338 337 335 332 328 326 324 170 167 124 123 122 121 120 119 118 116 115 113 112 109 107 106 96 95 94 93 92 91 90 89 86 77 73 66 62 54 49 45 37 31 30 29 28 27 26 25 24 23 22 21 20 19 18 17 16 1 0 
451 456 450 440 437 430 338 337 335 332 328 326 324 170 167 124 123 122 121 120 119 118 116 115 113 112 109 107 106 96 95 94 93 92 91 90 89 86 77 73 66 62 54 49 45 37 31 30 29 28 27 26 25 24 23 22 21 20 19 18 17 16 1 0 
452 
453 105 104 103 102 101 100 99 98 97 16 15 14 13 12 11 10 9 8 7 6 5 4 3 2 1 0 
454 
455 
456 451 450 440 437 430 338 337 335 332 328 326 324 170 167 124 123 122 121 120 119 118 116 115 113 112 109 107 106 96 95 94 93 92 91 90 89 86 77 73 66 62 54 49 45 37 31 30 29 28 27 26 25 24 23 22 21 20 19 18 17 16 1 0 
457 
458 470 469 468 466 464 462 461 459 170 167 124 123 122 121 120 119 118 116 115 113 112 109 107 106 96 95 94 93 92 91 90 89 73 66 58 54 49 37 31 30 29 28 27 26 25 24 23 22 21 20 19 18 17 16 1 0 
459 458 170 167 124 123 122 121 120 119 118 116 115 113 112 109 107 106 96 95 94 93 92 91 90 89 73 66 54 49 37 31 30 29 28 27 26 25 24 23 22 21 20 19 18 17 16 1 0 
460 
461 458 170 167 124 123 122 121 120 119 118 116 115 113 112 109 107 106 96 95 94 93 92 91 90 89 73 66 54 49 37 31 30 29 28 27 26 25 24 23 22 21 20 19 18 17 16 1 0 
462 464 458 170 167 124 123 122 121 120 119 118 116 115 113 112 109 107 106 96 95 94 93 92 91 90 89 73 66 54 49 37 31 30 29 28 27 26 25 24 23 22 21 20 19 18 17 16 1 0 
463 
464 477 470 469 468 466 462 458 170 167 124 123 122 121 120 119 118 116 115 113 112 109 107 106 96 95 94 93 92 91 90 89 84 73 66 54 49 37 31 30 29 28 27 26 25 24 23 22 21 20 19 18 17 16 1 0 
465 
466 464 458 170 167 124 123 122 121 120 119 118 116 115 113 112 109 107 106 96 95 94 93 92 91 90 89 73 66 54 49 37 31 30 29 28 27 26 25 24 23 22 21 20 19 18 17 16 1 0 
467 
468 477 470 469 464 458 170 167 124 123 122 121 120 119 118 116 115 113 112 109 107 106 96 95 94 93 92 91 90 89 84 73 66 54 49 37 31 30 29 28 27 26 25 24 23 22 21 20 19 18 17 16 1 0 
469 477 470 468 464 458 170 167 124 123 122 121 120 119 118 116 115 113 112 109 107 106 96 95 94 93 92 91 90 89 84 73 66 54 49 37 31 30 29 28 27 26 25 24 23 22 21 20 19 18 17 16 1 0 
470 477 469 468 464 458 170 167 124 123 122 121 120 119 118 116 115 113 112 109 107 106 96 95 94 93 92 91 90 89 84 73 66 54 49 37 31 30 29 28 27 26 25 24 23 22 21 20 19 18 17 16 1 0 
471 
472 473 105 104 103 102 101 100 99 98 97 16 15 14 13 12 11 10 9 8 7 6 5 4 3 2 1 0 
473 472 105 104 103 102 101 100 99 98 97 16 15 14 13 12 11 10 9 8 7 6 5 4 3 2 1 0 
474 105 104 103 102 101 100 99 98 97 16 15 14 13 12 11 10 9 8 7 6 5 4 3 2 1 0 
475 
476 
477 470 469 468 464 170 167 124 123 122 121 120 119 118 116 115 113 112 109 107 106 96 95 94 93 92 91 90 89 84 73 66 54 49 37 31 30 29 28 27 26 25 24 23 22 21 20 19 18 17 16 1 0 
478 
479 490 489 487 485 483 482 481 170 167 124 123 122 121 120 119 118 116 115 113 112 109 107 106 96 95 94 93 92 91 90 89 73 58 54 46 32 31 30 29 28 27 26 25 24 23 22 21 20 19 18 17 16 1 0 
480 
481 479 170 167 124 123 122 121 120 119 118 116 115 113 112 109 107 106 96 95 94 93 92 91 90 89 73 58 54 46 32 31 30 29 28 27 26 25 24 23 22 21 20 19 18 17 16 1 0 
482 479 170 167 124 123 122 121 120 119 118 116 115 113 112 109 107 106 96 95 94 93 92 91 90 89 73 58 54 46 32 31 30 29 28 27 26 25 24 23 22 21 20 19 18 17 16 1 0 
483 485 479 170 167 124 123 122 121 120 119 118 116 115 113 112 109 107 106 96 95 94 93 92 91 90 89 73 58 54 46 32 31 30 29 28 27 26 25 24 23 22 21 20 19 18 17 16 1 0 
484 
485 495 490 489 487 483 479 170 167 124 123 122 121 120 119 118 116 115 113 112 109 107 106 96 95 94 93 92 91 90 89 83 73 58 54 46 32 31 30 29 28 27 26 25 24 23 22 21 20 19 18 17 16 1 0 
486 
487 485 479 170 167 124 123 122 121 120 119 118 116 115 113 112 109 107 106 96 95 94 93 92 91 90 89 73 58 54 46 32 31 30 29 28 27 26 25 24 23 22 21 20 19 18 17 16 1 0 
488 
489 495 490 485 479 170 167 124 123 122 121 120 119 118 116 115 113 112 109 107 106 96 95 94 93 92 91 90 89 83 73 58 54 46 32 31 30 29 28 27 26 25 24 23 22 21 20 19 18 17 16 1 0 
490 495 489 485 479 170 167 124 123 122 121 120 119 118 116 115 113 112 109 107 106 96 95 94 93 92 91 90 89 83 73 58 54 46 32 31 30 29 28 27 26 25 24 23 22 21 20 19 18 17 16 1 0 
491 
492 105 104 103 102 101 100 99 98 97 16 15 14 13 12 11 10 9 8 7 6 5 4 3 2 1 0 
493 
494 
495 490 489 485 170 167 124 123 122 121 120 119 118 116 115 113 112 109 107 106 96 95 94 93 92 91 90 89 83 73 58 54 46 32 31 30 29 28 27 26 25 24 23 22 21 20 19 18 17 16 1 0 

