22 116 101 96 94 58 56 43 42 37 34 26 18 11 
33 108 105 92 87 75 71 64 55 36 25 16 15 4 
37 115 105 80 69 57 50 32 26 22 8 7 4 3 
64 111 107 94 75 58 38 36 33 28 26 19 15 14 
99 111 103 97 87 85 72 70 52 51 44 17 7 2 
19 112 93 88 79 66 64 61 56 55 46 17 0 
2 114 104 102 99 90 89 70 66 43 41 30 21 
26 112 94 87 83 75 71 64 46 37 22 17 15 
6 119 117 82 74 65 63 50 47 27 24 20 9 
36 111 107 103 94 64 58 56 51 38 33 28 14 
14 111 107 94 87 65 64 58 52 51 38 36 0 
43 104 102 96 90 89 87 75 66 41 22 21 2 
48 112 108 106 98 95 84 75 62 60 49 35 3 
57 115 114 109 105 100 75 69 67 37 30 27 8 
58 111 107 94 88 65 64 51 46 38 36 22 14 
15 112 93 88 79 64 61 56 46 33 26 25 0 
65 118 94 81 80 73 67 58 45 44 39 14 6 
75 108 78 71 64 57 55 48 43 33 26 25 4 
87 99 88 78 72 71 66 55 43 33 26 14 11 
88 112 87 79 61 58 56 46 34 27 19 15 0 
93 117 116 115 112 79 61 56 50 46 19 15 0 
97 110 103 99 90 85 70 52 51 38 35 17 7 
18 116 113 101 96 89 79 60 42 34 28 22 11 
103 101 99 97 85 81 72 70 66 52 45 36 7 
112 107 93 88 79 56 48 46 32 26 19 15 0 
115 118 109 105 100 93 78 69 57 37 35 32 8 
44 118 116 99 85 81 80 73 65 51 45 39 
45 118 110 103 101 81 80 73 65 44 39 7 
9 119 117 82 74 63 47 35 34 24 20 6 
50 109 105 93 69 49 37 32 30 25 8 6 
51 107 99 97 94 72 58 44 38 36 28 14 
52 111 103 99 97 85 72 70 17 14 7 4 
55 108 92 87 83 75 71 67 33 25 19 4 
56 112 106 93 88 61 46 36 22 19 15 0 
11 116 101 96 87 67 42 34 28 22 18 3 
24 119 117 82 74 49 47 30 27 20 9 6 
60 109 106 98 95 84 77 62 49 48 18 3 
61 113 102 95 93 88 79 56 46 19 15 0 
25 108 92 91 75 71 63 55 50 33 15 4 
3 106 98 95 84 83 62 60 49 48 37 11 
66 104 103 102 90 89 87 43 41 21 19 2 
70 118 103 99 97 85 80 72 52 17 7 2 
71 108 96 87 82 75 67 55 33 26 25 4 
72 107 103 99 87 85 70 52 51 39 17 7 
27 119 108 88 78 74 67 57 31 24 16 6 
78 115 87 84 77 75 69 68 31 30 27 16 
79 112 93 88 85 61 46 34 19 18 15 0 
81 118 117 113 103 85 80 73 65 45 44 39 
84 108 100 98 78 77 74 60 48 31 4 3 
85 103 99 97 81 79 72 70 52 44 17 7 
30 109 105 78 69 57 50 32 24 16 8 2 
31 114 113 109 100 84 78 77 68 35 27 4 
90 110 104 102 97 89 66 43 41 32 21 2 
32 115 112 109 105 90 68 50 37 30 16 8 
94 111 107 65 64 58 51 36 28 26 22 14 
96 116 110 107 101 71 43 42 34 22 18 11 
0 112 93 88 79 61 56 20 19 15 14 4 
16 114 102 100 78 68 41 33 32 30 27 8 
100 115 114 109 98 84 68 67 57 31 16 8 
102 104 90 89 66 62 61 43 41 21 16 2 
17 99 97 92 85 83 72 70 52 26 19 7 
104 116 111 102 90 89 66 43 42 41 21 2 
105 115 109 92 62 57 50 41 37 33 32 30 
106 109 98 95 77 62 60 56 49 48 39 3 
107 112 111 96 94 72 64 58 51 36 28 14 
108 119 84 77 75 71 67 55 48 33 27 25 
109 115 106 105 100 69 60 57 50 32 31 30 
111 107 104 99 94 64 58 52 38 36 28 14 
38 116 111 97 89 64 58 51 36 28 21 14 
8 118 115 100 69 68 57 50 37 32 30 16 
116 104 101 96 93 44 42 38 34 22 18 11 
118 115 81 80 73 70 65 63 45 44 39 8 
119 117 108 82 74 63 47 27 24 20 9 6 
21 104 102 90 89 73 66 43 41 38 2 
92 105 95 83 76 62 55 33 29 25 17 
62 106 105 102 98 95 92 60 49 48 3 
4 84 75 71 55 52 37 33 31 25 0 
95 106 98 92 77 62 61 60 49 48 3 
46 112 93 88 79 61 58 56 26 19 15 
47 119 117 113 83 82 74 24 20 9 6 
98 106 100 95 84 77 62 60 49 48 3 
67 110 108 100 71 68 65 57 55 27 11 
69 115 109 78 63 57 50 42 37 30 8 
101 116 113 103 96 45 42 34 22 18 11 
7 103 99 97 85 72 70 52 45 37 17 
49 106 98 95 77 62 60 50 48 24 3 
12 86 76 59 54 53 40 29 13 10 5 
74 119 117 84 82 47 27 24 20 9 6 
34 116 101 96 88 79 42 22 18 11 9 
76 92 91 86 59 53 29 23 13 12 1 
13 86 76 59 54 53 40 23 12 10 5 
5 91 86 59 54 40 23 13 12 10 1 
28 111 107 94 73 64 51 38 36 18 11 
41 105 104 102 90 89 66 43 21 16 2 
42 116 110 104 101 96 69 34 22 18 11 
59 91 86 76 54 40 23 13 12 10 5 
117 119 93 82 81 74 47 24 20 9 6 
29 92 91 76 54 53 40 23 12 10 1 
89 104 102 90 66 43 41 38 21 18 2 
91 86 76 59 53 29 25 23 5 1 
39 118 106 81 80 73 72 65 45 44 
63 119 118 113 83 69 35 25 9 6 
80 118 81 73 70 65 45 44 39 37 
40 86 59 54 29 13 12 10 5 1 
82 119 117 74 71 47 24 20 9 6 
110 114 97 96 90 68 67 45 42 35 
54 86 59 40 29 13 12 10 5 1 
73 118 81 80 65 45 44 39 28 21 
114 113 110 100 68 57 35 31 16 2 
86 91 76 59 54 40 13 12 10 5 
10 86 59 54 53 40 29 13 12 5 
20 119 117 82 74 47 24 9 6 0 
68 114 110 100 78 67 32 31 16 8 
77 108 106 98 95 84 78 60 49 31 
53 91 76 29 23 13 12 10 1 
35 115 114 110 97 63 48 31 9 
23 91 76 59 53 29 13 5 1 
113 114 101 81 63 61 47 31 18 
1 91 76 54 53 40 29 23 5 
83 92 63 55 47 26 17 3 

