0 554 548 496 484 451 446 334 177 163 151 134 118 98 85 84 34 
1 448 446 444 390 275 258 243 210 150 63 
2 497 
3 456 410 
4 527 294 284 243 87 
5 243 164 43 
6 261 
7 405 60 
8 456 
9 421 320 316 309 113 
10 516 415 348 218 82 77 75 48 
11 258 217 177 176 163 84 61 60 
12 548 525 523 415 
13 201 
14 557 507 486 464 397 355 243 242 158 
15 428 
16 548 509 497 495 444 415 335 261 243 206 203 149 77 52 48 
17 43 
18 530 509 450 383 350 208 183 
19 491 
20 360 
21 360 
22 201 
23 509 275 
24 527 491 432 415 360 291 284 246 226 56 29 
25 417 149 
26 527 238 
27 548 451 
28 375 
29 554 415 246 221 24 
30 520 60 
31 559 407 368 367 299 221 151 68 34 
32 391 311 
33 495 415 377 366 296 164 146 107 
34 559 527 496 484 451 449 407 368 367 340 339 334 326 322 299 290 260 253 243 221 195 177 163 160 159 158 151 134 122 118 98 85 84 68 60 39 31 0 
35 451 
36 201 
37 510 472 233 60 
38 183 167 
39 451 340 339 160 159 122 34 
40 201 
41 525 451 404 266 202 
42 164 
43 560 548 527 525 511 509 491 451 423 399 344 328 284 275 243 217 164 160 153 149 133 17 5 
44 61 
45 552 513 495 451 415 409 366 360 329 217 191 103 
46 415 
47 361 296 
48 533 516 497 348 341 335 310 261 218 206 203 140 82 77 75 52 16 10 
49 501 451 424 347 202 201 182 154 151 
50 451 284 
51 451 
52 497 335 261 206 203 77 48 16 
53 243 59 
54 399 344 284 
55 527 
56 527 491 432 291 226 24 
57 451 279 
58 211 
59 243 53 
60 540 537 525 524 520 509 503 496 482 481 472 461 451 446 444 440 427 423 405 401 400 390 364 360 320 318 315 309 285 284 280 275 258 248 243 217 210 201 185 173 168 160 158 153 150 144 135 113 61 37 34 30 11 7 
61 537 491 317 285 275 168 129 119 72 65 60 44 11 
62 386 
63 548 544 490 451 386 380 352 313 284 276 262 243 188 153 113 1 
64 525 
65 285 275 168 129 61 
66 400 320 
67 486 464 
68 559 407 368 367 299 221 151 34 31 
69 518 491 
70 422 
71 296 98 73 
72 491 61 
73 509 339 298 98 71 
74 202 
75 516 348 218 82 77 48 10 
76 451 319 
77 516 497 413 348 335 261 234 218 206 203 102 82 75 52 48 16 10 
78 517 273 
79 161 
80 153 
81 495 
82 554 516 348 218 77 75 48 10 
83 451 
84 484 334 177 176 163 134 118 98 85 34 11 0 
85 484 446 334 177 163 134 118 98 84 34 0 
86 525 404 284 202 
87 527 243 4 
88 548 201 
89 475 
90 415 
91 556 
92 
93 164 
94 488 474 451 399 364 355 243 201 94 94 
95 451 339 
96 495 
97 397 273 
98 548 527 484 334 177 164 163 151 134 118 85 84 73 71 34 0 
99 320 
100 470 243 
101 553 541 478 425 362 243 136 
102 77 
103 552 329 266 191 45 
104 243 
105 517 
106 467 243 
107 527 495 444 415 414 379 377 366 296 243 201 164 146 33 
108 423 390 
109 201 
110 446 280 
111 471 404 366 259 
112 554 
113 548 544 527 525 490 451 386 380 360 352 313 297 284 276 266 258 227 202 188 153 149 63 60 9 
114 496 479 263 131 
115 
116 414 397 284 243 201 164 
117 494 149 
118 484 446 334 177 163 134 98 85 84 34 0 
119 61 
120 201 
121 525 
122 548 527 451 379 339 284 243 160 159 158 149 39 34 
123 201 
124 548 527 252 184 149 
125 390 312 230 149 
126 263 
127 529 258 
128 360 
129 65 61 
130 307 164 149 
131 496 479 385 364 263 243 201 114 
132 373 
133 258 210 160 43 
134 484 334 177 163 118 98 85 84 34 0 
135 527 60 
136 553 541 478 425 362 243 101 
137 243 
138 331 262 
139 396 268 
140 48 
141 495 
142 451 
143 284 
144 173 60 
145 550 463 
146 554 548 535 527 495 491 415 409 399 384 377 366 356 296 284 170 164 149 107 33 
147 509 495 
148 505 
149 554 548 545 532 527 525 509 497 495 494 491 459 451 446 418 417 415 399 375 366 349 330 325 307 300 284 282 275 258 257 243 241 230 210 207 200 184 164 161 151 146 130 125 124 122 117 113 43 25 16 
150 525 446 444 258 210 158 60 1 
151 559 554 548 525 509 501 497 495 491 463 451 446 436 424 415 409 407 368 367 356 347 308 299 275 266 221 206 202 195 187 182 179 170 156 154 149 98 68 49 34 31 0 
152 399 
153 525 451 360 344 309 289 286 284 280 266 258 202 201 197 160 113 80 63 60 43 
154 501 451 424 347 202 182 151 49 
155 527 214 
156 151 
157 451 
158 509 486 451 430 411 390 275 217 210 150 122 60 34 14 
159 451 446 395 339 162 160 122 39 34 
160 554 548 525 509 500 495 479 451 399 344 339 296 284 258 243 210 164 159 153 133 122 60 43 39 34 
161 506 388 376 375 365 149 79 
162 451 159 
163 484 334 177 176 134 118 98 85 84 34 11 0 
164 554 551 548 527 509 497 495 491 466 451 439 435 415 414 402 399 397 396 394 382 377 371 366 359 351 349 345 344 328 307 303 301 296 284 244 243 229 222 216 201 160 149 146 130 116 107 98 93 43 42 33 5 
165 201 
166 491 250 
167 183 38 
168 275 65 61 60 
169 520 461 392 285 
170 554 525 495 415 409 384 377 356 266 221 151 146 
171 197 
172 554 
173 144 60 
174 451 
175 511 320 316 
176 511 177 163 84 11 
177 484 334 176 163 134 118 98 85 84 34 11 0 
178 506 388 239 
179 151 
180 451 
181 451 
182 501 451 424 415 347 202 154 151 49 
183 444 392 320 167 38 18 
184 252 149 124 
185 537 275 60 
186 305 
187 548 495 433 151 
188 548 544 490 451 386 380 352 313 284 276 113 63 
189 527 
190 360 
191 552 329 103 45 
192 201 
193 537 524 
194 201 
195 456 260 243 207 201 151 34 
196 451 
197 171 153 
198 451 415 
199 360 
200 149 
201 558 554 548 539 538 527 525 498 497 495 491 483 480 473 462 457 456 451 437 423 414 399 397 396 379 372 364 336 332 305 293 284 278 276 274 263 258 243 229 225 206 195 194 192 165 164 153 131 123 120 116 109 107 94 88 60 49 40 36 22 13 
202 527 525 501 451 424 404 347 329 296 287 284 266 264 258 246 182 154 153 151 113 86 74 49 41 
203 525 497 335 261 206 77 52 48 16 
204 360 
205 548 
206 532 497 491 379 335 261 254 203 201 151 77 52 48 16 
207 548 525 509 258 195 149 
208 509 450 383 18 
209 548 444 
210 548 515 509 500 460 451 446 444 442 421 419 384 356 343 306 275 258 224 160 158 150 149 133 60 1 
211 58 
212 284 
213 544 
214 430 155 
215 415 
216 164 
217 554 527 525 509 505 496 495 482 463 423 415 409 399 396 390 366 364 360 329 318 285 284 280 275 258 243 158 60 45 43 11 
218 516 495 415 348 82 77 75 48 10 
219 360 344 284 
220 527 302 
221 559 554 525 516 495 415 409 407 368 367 356 299 266 170 151 68 34 31 29 
222 164 
223 284 
224 210 
225 201 
226 527 491 432 291 56 24 
227 113 
228 360 
229 491 396 243 201 164 
230 312 149 125 
231 423 390 
232 527 267 
233 510 472 37 
234 77 
235 360 
236 360 
237 
238 431 285 26 
239 506 388 178 
240 360 
241 330 149 
242 14 
243 560 557 554 553 548 541 528 527 525 509 507 496 491 478 474 470 469 467 458 456 451 447 425 423 420 415 414 399 397 396 395 381 379 378 369 364 362 355 315 290 284 275 272 266 263 258 254 229 217 201 195 164 160 149 137 136 131 122 116 107 106 104 101 100 94 87 63 60 59 53 43 34 16 14 5 4 1 
244 164 
245 482 481 275 
246 415 360 284 202 29 24 
247 360 
248 405 60 
249 284 
250 491 166 
251 284 
252 184 124 
253 487 360 34 
254 491 243 206 
255 280 
256 548 
257 149 
258 554 537 536 529 525 509 496 479 451 446 444 367 363 328 296 285 284 275 266 243 217 210 207 202 201 160 153 150 149 133 127 113 60 11 1 
259 404 111 
260 326 290 195 34 
261 497 451 399 344 335 206 203 77 52 48 16 6 
262 331 138 63 
263 496 479 243 201 131 126 114 
264 202 
265 360 
266 554 525 495 465 463 451 415 409 404 367 356 258 243 221 202 170 153 151 113 103 41 
267 232 
268 507 412 396 139 
269 527 
270 526 426 344 
271 451 
272 243 
273 520 397 285 97 78 
274 201 
275 537 527 509 496 482 481 446 444 442 427 423 390 364 280 258 245 243 217 210 185 168 158 151 149 65 61 60 43 23 1 
276 548 544 490 451 386 380 352 333 313 284 201 188 113 63 
277 284 
278 201 
279 451 57 
280 286 275 255 217 153 110 60 
281 527 
282 149 
283 360 
284 554 549 548 546 544 540 527 525 509 508 497 495 493 491 490 479 475 451 415 414 399 397 386 380 379 366 360 352 344 327 313 296 295 294 277 276 258 251 249 246 243 223 219 217 212 202 201 188 164 160 153 149 146 143 122 116 113 86 63 60 54 50 43 24 4 
285 520 482 461 451 431 318 273 258 238 217 169 65 61 60 
286 280 153 
287 202 
288 423 390 
289 153 
290 260 243 34 
291 527 491 432 226 56 24 
292 404 
293 201 
294 284 4 
295 284 
296 554 495 479 451 441 415 377 366 361 354 321 284 258 202 164 160 146 107 71 47 33 
297 113 
298 509 339 73 
299 559 407 368 367 358 221 151 68 34 31 
300 149 
301 164 
302 527 220 
303 164 
304 509 
305 396 201 186 
306 515 210 
307 164 149 130 
308 452 151 
309 444 421 320 316 153 60 9 
310 48 
311 391 32 
312 230 125 
313 548 544 490 451 386 380 352 284 276 188 113 63 
314 374 
315 461 243 60 
316 421 320 309 175 9 
317 389 61 
318 482 285 217 60 
319 451 76 
320 468 422 421 400 343 316 309 183 175 99 66 60 9 
321 548 296 
322 449 34 
323 329 
324 491 
325 545 149 
326 260 34 
327 284 
328 548 527 371 258 164 43 
329 552 495 416 415 409 404 366 360 323 217 202 191 103 45 
330 241 149 
331 262 138 
332 201 
333 276 
334 484 177 163 134 118 98 85 84 34 0 
335 497 261 206 203 77 52 48 16 
336 201 
337 527 
338 512 
339 509 451 298 160 159 122 95 73 39 34 
340 554 39 34 
341 48 
342 499 
343 421 320 210 
344 527 526 451 426 399 360 284 270 261 219 164 160 153 54 43 
345 164 
346 547 504 471 451 360 
347 501 451 424 202 182 154 151 49 
348 516 218 82 77 75 48 10 
349 451 164 149 
350 18 
351 164 
352 548 544 490 451 386 380 313 284 276 188 113 63 
353 554 451 
354 296 
355 557 507 397 243 94 14 
356 554 525 495 419 415 409 384 377 266 221 210 170 151 146 
357 451 
358 299 
359 164 
360 554 548 540 527 497 495 451 429 415 409 366 346 344 329 284 283 265 253 247 246 240 236 235 228 219 217 204 199 190 153 128 113 60 45 24 21 20 
361 296 47 
362 553 541 478 425 243 136 101 
363 258 
364 537 474 461 451 396 385 275 243 217 201 131 94 60 
365 161 
366 554 527 497 495 415 409 399 377 360 329 296 284 217 164 149 146 111 107 45 33 
367 559 548 525 516 509 451 409 407 368 299 266 258 221 151 68 34 31 
368 559 407 367 299 221 151 68 34 31 
369 447 243 
370 465 415 
371 451 328 164 
372 201 
373 132 
374 491 314 
375 532 527 509 491 161 149 28 
376 161 
377 495 445 415 409 384 366 356 296 170 164 146 107 33 
378 243 
379 548 527 451 414 284 243 206 201 122 107 
380 548 544 490 451 386 352 313 284 276 188 113 63 
381 476 243 
382 164 
383 509 450 208 18 
384 495 419 409 377 356 210 170 146 
385 364 131 
386 548 544 490 451 380 352 313 284 276 188 113 63 62 
387 548 
388 506 239 178 161 
389 317 
390 537 509 423 288 275 231 217 158 125 108 60 1 
391 311 32 
392 521 183 169 
393 451 
394 164 
395 451 243 159 
396 537 531 491 423 397 364 305 268 243 229 217 201 164 139 
397 557 554 548 527 507 491 414 396 355 284 273 243 201 164 116 97 14 
398 
399 554 548 527 525 514 497 495 491 451 366 344 284 261 243 217 201 164 160 152 149 146 94 54 43 
400 320 66 60 
401 503 60 
402 164 
403 548 
404 525 495 451 329 292 266 259 202 111 86 41 
405 248 60 7 
406 512 
407 559 368 367 299 221 151 68 34 31 
408 415 
409 554 525 495 415 384 377 367 366 360 356 329 266 221 217 170 151 146 45 
410 456 3 
411 158 
412 507 268 
413 77 
414 397 379 284 243 201 164 116 107 
415 554 548 525 523 516 495 491 477 465 451 433 409 408 377 370 366 360 356 329 296 284 266 246 243 221 218 217 215 198 182 170 164 151 149 146 107 90 46 45 33 29 24 16 12 10 
416 329 
417 149 25 
418 451 149 
419 384 356 210 
420 243 
421 343 320 316 309 210 9 
422 320 70 
423 540 537 531 524 522 509 396 390 288 275 243 231 217 201 108 60 43 
424 501 451 347 202 182 154 151 49 
425 553 541 478 362 243 136 101 
426 526 344 270 
427 275 60 
428 468 15 
429 360 
430 214 158 
431 527 285 238 
432 527 491 291 226 56 24 
433 548 477 415 187 
434 446 
435 164 
436 151 
437 201 
438 497 
439 164 
440 524 60 
441 296 
442 537 275 210 
443 451 
444 536 525 446 309 275 258 210 209 183 150 107 60 16 1 
445 377 
446 550 548 525 509 496 451 444 434 275 258 210 159 151 150 149 118 110 85 60 1 0 
447 369 243 
448 1 
449 322 34 
450 509 383 208 18 
451 555 554 548 544 543 534 531 527 526 525 509 502 501 500 496 492 491 490 488 479 475 455 446 443 424 418 415 404 399 395 393 386 380 379 371 367 364 360 357 353 352 349 347 346 344 339 319 313 296 285 284 279 276 271 266 261 258 243 210 202 201 198 196 188 182 181 180 174 164 162 160 159 158 157 154 153 151 149 142 122 113 95 94 83 76 63 60 57 51 50 49 45 43 41 39 35 34 27 0 
452 308 
453 491 
454 497 
455 451 
456 410 243 201 195 8 3 
457 201 
458 243 
459 149 
460 518 210 
461 520 364 315 285 169 60 
462 201 
463 554 550 266 217 151 145 
464 486 67 14 
465 415 370 266 
466 164 
467 243 106 
468 428 320 
469 243 
470 243 100 
471 547 504 346 111 
472 537 510 233 60 37 
473 201 
474 364 243 94 
475 451 284 89 
476 381 
477 548 433 415 
478 553 541 425 362 243 136 101 
479 554 496 451 296 284 263 258 160 131 114 
480 201 
481 511 482 275 245 60 
482 481 318 285 275 245 217 60 
483 201 
484 334 177 163 134 118 98 85 84 34 0 
485 491 
486 464 158 67 14 
487 253 
488 525 490 451 94 
489 527 
490 548 544 525 488 451 386 380 352 313 284 276 188 113 63 
491 554 548 542 532 527 509 505 495 485 453 451 432 415 399 397 396 375 374 324 291 284 254 250 243 229 226 206 201 166 164 151 149 146 72 69 61 56 43 24 19 
492 451 
493 284 
494 149 117 
495 554 548 540 527 525 497 491 415 409 404 399 384 377 366 360 356 329 296 284 266 221 218 217 201 187 170 164 160 151 149 147 146 141 107 96 81 45 33 16 
496 509 479 451 446 275 263 258 243 217 131 114 60 34 0 
497 554 548 540 527 495 454 438 399 366 360 335 284 261 206 203 201 164 151 149 77 52 48 16 2 
498 201 
499 342 
500 451 210 160 
501 451 424 347 202 182 154 151 49 
502 451 
503 401 60 
504 547 471 346 
505 491 217 148 
506 388 239 178 161 
507 557 412 397 355 268 243 14 
508 284 
509 548 537 527 496 491 451 450 446 423 390 383 375 367 339 304 298 284 275 258 243 217 210 208 207 164 160 158 151 149 147 73 60 43 23 18 16 
510 472 233 37 
511 537 481 176 175 43 
512 406 338 
513 45 
514 399 
515 306 210 
516 554 415 367 348 221 218 82 77 75 48 10 
517 105 78 
518 460 69 
519 
520 461 285 273 169 60 30 
521 392 
522 423 
523 548 525 415 12 
524 440 423 193 60 
525 554 550 548 537 527 523 495 490 488 451 446 444 415 409 404 399 367 356 284 266 258 243 221 217 207 203 202 201 170 160 153 151 150 149 121 113 86 64 60 43 41 12 
526 451 426 344 270 
527 560 554 548 540 532 525 509 497 495 491 489 451 432 431 399 397 379 375 366 360 344 337 328 302 291 284 281 275 269 243 232 226 220 217 202 201 189 164 155 149 146 135 124 122 113 107 98 87 56 55 43 34 26 24 4 
528 243 
529 258 127 
530 18 
531 451 423 396 
532 527 491 375 206 149 
533 48 
534 451 
535 146 
536 444 258 
537 525 511 509 472 442 423 396 390 364 275 258 193 185 61 60 
538 201 
539 201 
540 554 548 527 497 495 423 360 284 60 
541 553 478 425 362 243 136 101 
542 491 
543 451 
544 548 490 451 386 380 352 313 284 276 213 188 113 63 
545 325 149 
546 284 
547 504 471 346 
548 554 544 540 527 525 523 509 497 495 491 490 477 451 446 433 415 403 399 397 387 386 380 379 367 360 352 328 321 313 284 276 256 243 210 209 207 205 201 188 187 164 160 151 149 146 124 122 113 98 88 63 43 27 16 12 0 
549 284 
550 525 463 446 145 
551 164 
552 329 191 103 45 
553 541 478 425 362 243 136 101 
554 548 540 527 525 516 497 495 491 479 463 451 415 409 399 397 366 360 356 353 340 296 284 266 258 243 221 217 201 172 170 164 160 151 149 146 112 82 29 0 
555 451 
556 91 
557 507 397 355 243 14 
558 201 
559 407 368 367 299 221 151 68 34 31 
560 527 243 43 

