0 71 68 62 58 54 49 48 43 39 28 24 21 12 10 9 8 4 3 
1 73 61 56 54 50 45 42 40 3 
2 54 52 51 8 
3 72 70 68 67 66 62 61 59 56 55 54 48 46 45 44 42 40 31 26 21 18 11 8 1 0 
4 58 54 49 48 39 28 24 12 10 0 
5 63 54 38 33 22 20 19 16 
6 69 
7 51 43 37 30 17 13 8 
8 71 68 65 54 52 51 48 43 37 30 21 17 13 9 7 3 2 0 
9 71 54 48 8 0 
10 58 54 49 48 39 28 24 12 4 0 
11 72 66 61 56 54 46 42 40 3 
12 58 54 49 48 39 28 24 10 4 0 
13 51 43 37 30 17 8 7 
14 54 21 
15 64 54 
16 63 54 38 33 29 27 22 20 19 5 
17 54 51 43 37 30 23 21 13 8 7 
18 72 67 59 56 55 54 40 26 3 
19 63 54 38 33 22 20 16 5 
20 63 54 38 33 22 19 16 5 
21 68 65 62 60 56 54 48 43 41 40 25 17 14 8 3 0 
22 63 54 38 33 29 20 19 16 5 
23 54 41 30 17 
24 58 54 49 48 39 28 12 10 4 0 
25 21 
26 72 67 61 59 56 55 54 40 18 3 
27 16 
28 58 54 49 48 39 24 12 10 4 0 
29 54 22 16 
30 54 51 43 37 23 17 13 8 7 
31 70 3 
32 48 
33 63 54 38 22 20 19 16 5 
34 57 47 
35 59 56 54 40 
36 71 48 
37 51 43 30 17 13 8 7 
38 63 54 33 22 20 19 16 5 
39 58 54 49 48 28 24 12 10 4 0 
40 73 72 67 66 61 59 56 55 54 50 46 45 42 35 26 21 18 11 3 1 
41 54 23 21 
42 73 72 66 56 50 46 40 11 3 1 
43 54 51 48 37 30 21 17 13 8 7 0 
44 70 3 
45 61 56 54 40 3 1 
46 72 66 61 56 54 42 40 11 3 
47 57 34 
48 71 68 58 54 49 43 39 36 32 28 24 21 12 10 9 8 4 3 0 
49 58 54 48 39 28 24 12 10 4 0 
50 73 56 42 40 1 
51 54 52 43 37 30 17 13 8 7 2 
52 54 51 8 2 
53 54 
54 72 71 68 67 66 65 64 63 61 59 58 56 55 53 52 51 49 48 46 45 43 41 40 39 38 35 33 30 29 28 26 24 23 22 21 20 19 18 17 16 15 14 12 11 10 9 8 5 4 3 2 1 0 
55 72 67 59 56 54 40 26 18 3 
56 73 72 67 66 61 59 55 54 50 46 45 42 40 35 26 21 18 11 3 1 
57 47 34 
58 54 49 48 39 28 24 12 10 4 0 
59 72 67 56 55 54 40 35 26 18 3 
60 21 
61 66 56 54 46 45 40 26 11 3 1 
62 21 3 0 
63 54 38 33 22 20 19 16 5 
64 54 15 
65 54 21 8 
66 72 61 56 54 46 42 40 11 3 
67 72 59 56 55 54 40 26 18 3 
68 54 48 21 8 3 0 
69 6 
70 44 31 3 
71 54 48 36 9 8 0 
72 67 66 59 56 55 54 46 42 40 26 18 11 3 
73 56 50 42 40 1 

