36 77 76 74 71 69 66 65 63 61 60 59 58 57 56 54 52 45 43 42 38 34 30 29 28 27 21 19 16 14 13 9 8 5 4 2 1 
71 78 67 65 57 56 54 49 46 41 37 36 33 27 18 15 14 10 8 7 6 5 3 
14 78 76 75 71 67 65 58 56 47 37 36 33 32 28 25 22 18 8 6 
27 71 63 58 57 56 54 45 43 42 36 34 30 29 8 5 4 2 
56 75 71 58 57 54 50 47 43 36 34 27 17 15 14 5 2 
8 78 71 67 65 49 46 37 36 34 33 27 18 14 6 3 
2 72 68 62 59 56 53 45 43 39 36 32 27 26 24 4 
65 78 71 67 49 46 37 36 33 18 14 8 6 3 
33 78 71 67 65 49 47 46 37 18 14 8 6 3 
6 78 71 67 65 49 46 37 33 18 14 8 3 
18 78 71 67 65 49 46 37 33 14 8 6 3 
37 78 71 67 65 51 47 33 18 14 8 6 
58 76 63 56 43 36 32 29 28 27 25 14 
43 73 58 57 56 54 47 36 34 27 17 2 
67 78 71 65 49 37 33 18 14 8 6 3 
47 57 56 54 43 37 34 33 17 15 14 5 
78 71 67 65 49 37 33 18 14 8 6 3 
34 57 56 54 47 43 36 27 15 8 5 
3 78 71 67 65 49 46 33 18 8 6 
54 71 57 56 47 43 36 34 27 15 5 
13 79 74 64 40 36 31 23 11 1 0 
57 71 56 54 47 43 36 34 27 15 5 
49 78 71 67 65 33 18 8 6 3 
5 71 57 56 54 47 36 34 27 15 
32 72 68 62 58 39 26 24 14 2 
4 38 36 27 21 19 16 9 2 
26 72 68 62 39 32 24 2 
46 71 65 33 18 8 6 3 
62 72 68 39 32 26 24 2 
15 71 57 56 54 47 34 5 
28 76 58 44 36 35 25 14 
68 72 62 39 32 26 24 2 
24 72 68 62 39 32 26 2 
72 68 62 39 32 26 24 2 
76 73 58 36 28 25 22 14 
39 72 68 62 32 26 24 2 
21 38 36 19 16 9 4 
16 38 36 21 19 9 4 
38 36 21 19 16 9 4 
9 38 36 21 19 16 4 
19 38 36 21 16 9 4 
42 77 36 27 12 
25 76 58 28 14 
45 53 36 27 2 
63 58 36 27 
1 74 36 13 
74 36 13 1 
75 56 44 14 
17 56 47 43 
29 58 36 27 
7 71 55 
44 75 28 
10 71 41 
22 76 14 
73 76 43 
59 36 2 
41 71 10 
30 36 27 
77 42 36 
53 45 2 
11 13 
50 56 
64 13 
51 37 
66 36 
52 36 
35 28 
69 36 
12 42 
55 7 
31 13 
23 13 
0 13 
40 13 
60 36 
61 36 
79 13 
48 
20 
70 

