31 449 445 442 440 431 428 425 405 402 399 398 392 379 366 363 362 356 344 339 333 330 325 323 322 313 312 310 306 300 292 283 274 273 269 268 266 251 250 243 234 228 227 222 221 220 218 217 215 214 203 182 174 173 172 171 167 164 163 161 157 152 148 144 135 132 131 124 122 119 114 105 99 98 96 95 88 79 75 69 66 55 53 43 42 40 38 36 34 24 15 6 4 3 0 
114 449 443 441 440 432 431 428 409 405 403 402 401 398 392 386 376 370 358 357 350 343 342 338 329 327 323 318 310 308 306 301 295 292 271 269 268 266 263 260 259 258 246 245 243 242 239 238 237 227 222 216 211 194 188 182 172 171 170 166 155 151 147 145 133 131 113 97 94 88 85 83 82 80 75 74 62 61 57 52 45 34 31 15 13 4 3 0 
398 449 444 442 440 434 426 418 410 402 401 396 392 384 378 375 371 364 363 339 335 333 328 316 311 310 306 300 297 282 277 274 269 268 266 257 253 250 243 242 227 221 220 215 213 211 204 200 195 192 189 186 184 180 177 175 172 171 164 161 151 140 137 134 131 130 127 126 122 121 114 106 105 104 94 73 72 69 67 52 48 43 31 22 16 15 4 
182 445 440 435 420 386 379 373 366 365 357 351 348 344 323 322 315 312 308 307 304 303 300 299 297 295 289 283 281 280 273 269 265 263 262 259 258 255 246 241 237 236 221 217 211 209 194 193 191 190 179 175 169 164 150 144 141 140 138 130 126 124 115 114 103 95 89 84 82 61 56 48 45 44 31 25 24 22 21 13 3 
199 448 435 430 428 423 413 410 408 402 399 396 393 378 376 371 369 365 361 360 359 345 343 342 340 337 314 312 311 308 305 296 295 292 290 287 277 271 270 264 262 256 255 254 251 247 238 237 228 219 207 203 201 196 189 180 165 161 157 156 153 152 146 145 138 132 127 122 101 96 83 75 73 65 61 35 29 18 0 
269 445 442 441 431 430 416 413 412 402 399 398 375 373 365 363 355 348 334 331 328 306 305 302 294 292 287 271 268 250 249 246 243 242 238 227 215 207 197 195 193 188 182 178 175 170 161 156 147 143 138 126 120 118 114 112 109 105 103 94 92 86 85 83 70 69 66 43 36 31 19 18 17 16 12 11 4 0 
300 445 444 442 428 426 425 419 418 411 410 401 398 378 370 366 364 349 335 333 324 323 318 317 316 312 311 302 298 297 283 278 277 276 275 252 244 243 242 221 217 207 205 204 198 197 187 183 182 179 177 175 172 164 160 144 131 129 127 124 121 118 95 78 76 53 46 44 41 37 36 31 19 16 13 7 5 3 
237 444 443 429 425 422 412 408 405 403 396 391 369 365 360 356 353 351 339 328 321 320 319 318 306 303 298 296 286 285 284 281 280 279 277 272 271 263 262 251 247 246 239 227 199 190 182 179 178 175 173 169 168 166 165 159 155 150 145 138 131 125 124 122 116 114 109 105 83 80 74 61 52 46 34 24 20 13 
356 449 444 440 437 433 428 425 412 396 388 379 377 372 370 363 360 353 351 345 342 340 339 337 333 331 329 328 322 319 318 313 310 301 298 289 286 279 273 265 257 253 240 239 237 231 222 220 214 204 198 184 164 163 152 149 145 142 135 123 122 120 119 109 98 96 74 66 55 52 36 31 20 19 15 6 
428 447 440 437 429 425 419 399 388 379 378 356 350 342 339 329 327 324 322 318 313 311 305 302 301 300 292 287 286 276 273 268 260 236 232 231 222 221 220 214 210 207 205 204 199 196 174 160 153 151 135 124 122 121 119 118 114 109 104 102 76 75 66 65 55 52 44 37 31 15 13 9 6 1 
312 448 445 423 413 411 401 399 392 384 376 366 364 345 323 322 317 314 311 303 300 295 292 287 283 271 268 256 233 224 221 219 217 202 199 198 184 182 180 168 164 160 156 151 144 143 131 129 124 118 116 95 86 79 75 65 64 60 54 53 51 46 44 40 37 35 31 24 20 7 5 3 
440 449 441 434 432 428 405 402 398 396 392 391 386 379 375 371 357 356 354 342 339 333 329 328 323 322 313 310 301 295 273 268 266 263 259 258 246 243 242 238 234 222 221 217 211 194 192 188 182 172 171 147 135 132 130 122 121 119 114 98 83 82 67 66 55 45 34 31 15 13 4 3 
364 444 434 426 418 414 411 410 401 398 378 370 335 333 331 321 317 316 312 300 298 297 287 284 281 278 277 275 265 252 251 247 243 242 236 221 210 204 198 197 192 179 177 175 172 164 160 144 140 129 127 123 120 118 97 88 76 68 53 52 48 46 44 41 36 30 25 16 7 5 3 
360 449 447 446 444 437 425 402 399 396 393 382 376 372 363 356 353 351 338 332 331 328 322 319 318 310 305 298 288 286 282 279 275 271 266 249 247 239 237 228 223 219 218 216 214 209 205 199 196 145 137 132 127 122 119 113 112 101 98 86 83 81 69 67 65 63 52 40 20 18 1 
416 435 434 430 426 407 391 382 379 374 373 372 368 363 354 351 335 334 327 325 320 315 309 295 292 288 277 275 274 273 272 269 268 257 248 246 244 243 241 238 210 202 197 195 187 186 184 175 173 156 153 137 136 124 117 112 109 108 99 97 73 70 68 54 48 33 22 20 14 1 
333 448 440 434 431 426 425 418 412 410 401 399 398 397 396 395 377 375 371 370 364 356 349 344 339 328 325 300 297 293 292 289 281 280 277 244 242 240 231 214 204 203 195 192 181 175 172 167 164 163 162 152 146 130 122 121 101 99 96 74 67 52 42 36 31 30 16 4 0 
396 448 444 440 434 433 432 425 421 419 418 413 410 404 398 392 375 373 371 370 360 359 358 357 356 353 339 333 328 319 318 302 297 286 279 278 262 250 239 238 237 209 204 199 192 174 161 149 145 140 138 130 125 122 121 113 110 84 67 57 52 46 38 32 29 25 16 4 0 
156 448 424 423 418 417 416 415 413 399 389 377 373 368 365 350 339 331 328 314 312 311 295 292 287 286 283 269 267 264 256 249 244 243 238 211 202 200 199 197 195 180 178 175 164 151 134 132 123 120 112 109 89 86 83 80 78 75 73 70 38 35 22 19 18 17 12 9 
238 441 440 435 431 424 416 415 410 396 368 362 359 347 342 335 329 325 311 310 301 297 292 277 271 269 267 264 262 250 243 242 239 211 204 202 200 199 188 186 184 170 161 156 147 145 138 137 136 134 122 117 114 99 94 85 83 78 75 68 48 38 29 24 17 16 14 0 
402 449 442 440 410 399 398 393 392 376 371 363 362 360 343 340 311 310 308 306 305 288 269 268 266 256 255 250 247 243 227 220 218 215 214 213 201 199 195 189 174 172 171 167 161 152 151 148 140 119 114 112 105 88 86 80 69 43 40 38 36 31 29 22 15 6 4 
214 449 447 443 437 431 428 425 415 402 399 393 392 382 376 372 363 360 358 356 351 344 338 333 331 328 325 322 310 305 298 292 288 279 270 266 247 232 228 218 209 205 203 198 196 171 163 152 144 137 134 121 117 112 99 98 96 95 90 86 81 69 42 31 20 11 0 
4 449 442 440 436 434 413 402 399 398 396 395 392 382 375 371 363 358 340 339 333 328 311 310 306 293 285 269 268 267 266 250 243 227 215 213 206 195 192 189 188 181 172 171 167 162 161 151 146 140 130 122 121 114 111 105 69 68 67 54 48 43 35 31 29 22 15 
48 436 435 418 416 398 389 384 382 374 373 366 364 358 355 340 335 325 321 304 285 284 282 277 267 265 262 253 242 238 236 220 210 209 206 201 200 188 186 184 182 180 167 165 157 148 137 136 131 119 117 115 111 106 104 99 94 79 68 56 54 52 35 29 26 14 4 
29 436 427 412 410 402 396 393 387 382 379 376 371 369 365 358 343 340 336 315 308 297 288 285 272 268 267 260 259 255 250 247 246 241 238 231 206 204 203 201 199 189 188 177 168 167 160 152 146 122 116 111 103 77 70 63 54 48 45 38 35 16 13 9 4 
399 448 443 428 423 415 413 402 395 377 376 373 362 360 344 342 333 314 312 311 305 304 295 293 292 288 287 269 268 261 256 253 250 232 218 215 214 207 199 196 195 181 180 165 162 156 153 148 146 128 119 116 112 108 86 75 73 72 67 40 36 35 31 16 4 
322 449 440 437 428 417 394 384 379 372 363 360 356 351 341 339 331 330 316 315 313 312 310 304 299 298 286 280 279 273 257 249 236 224 222 220 218 214 185 183 182 177 163 141 135 131 122 119 110 103 98 95 93 79 75 66 55 53 31 24 20 11 6 3 
425 444 437 431 428 419 396 388 385 376 360 356 353 344 342 333 329 328 325 324 321 319 318 302 301 300 297 293 292 286 276 242 239 237 221 220 219 214 211 209 207 205 204 203 163 152 148 145 128 124 122 121 109 99 96 52 42 37 31 16 15 13 6 0 
221 445 444 440 439 428 425 420 419 405 398 397 378 373 366 364 348 347 344 335 324 323 319 318 316 312 307 302 300 289 285 283 276 265 234 231 223 217 207 205 198 182 180 177 164 144 132 130 127 124 121 98 95 78 75 64 63 44 37 34 31 21 13 3 
152 445 441 435 433 431 430 425 420 410 402 401 393 376 371 367 356 345 344 343 340 337 333 325 308 299 292 273 259 255 254 253 250 247 228 225 216 214 203 201 199 198 189 184 164 163 157 149 146 145 123 99 97 96 73 71 64 44 42 31 29 14 10 0 
305 447 428 413 412 402 399 393 378 376 375 360 355 348 342 338 334 328 327 311 294 292 288 287 286 276 269 268 266 250 247 236 232 220 218 214 210 209 207 205 199 196 189 174 153 143 137 128 126 124 118 112 104 92 87 86 81 75 72 69 36 16 11 
286 444 428 425 418 417 410 396 383 378 363 360 356 353 339 328 327 322 319 318 309 305 304 303 295 287 276 268 251 249 247 244 239 237 236 232 220 218 210 200 185 174 156 145 131 124 123 122 120 109 105 104 89 86 83 80 75 57 52 38 22 17 9 
268 449 440 434 428 416 413 402 399 398 392 384 378 327 324 315 312 310 305 303 295 287 286 276 274 272 269 266 250 246 243 236 232 224 220 210 207 174 172 171 167 151 143 124 116 114 112 108 104 70 64 60 51 40 39 37 36 31 29 20 16 15 4 
73 445 443 435 430 429 420 416 415 401 399 398 395 377 374 372 368 367 354 351 350 344 342 339 304 275 272 261 257 254 250 244 232 228 215 211 210 199 187 181 177 175 165 164 157 156 153 152 151 146 134 132 126 123 116 108 96 83 69 64 32 1 
122 444 440 434 432 428 425 421 418 413 410 398 396 379 375 371 360 359 356 353 339 333 328 322 319 318 313 297 286 273 262 250 239 238 237 222 209 204 199 192 171 161 145 140 138 135 130 121 119 84 67 66 55 52 38 31 29 25 16 4 0 
74 448 429 422 412 409 401 397 391 377 370 356 353 349 348 338 333 327 321 320 298 289 280 277 274 272 240 237 231 228 217 216 193 191 190 178 169 167 166 163 155 150 116 114 111 108 101 100 97 88 77 75 62 60 43 36 30 21 10 3 2 
13 440 430 428 425 419 412 407 387 386 384 379 374 369 365 357 351 336 324 318 302 300 295 294 287 281 276 263 262 261 259 258 246 241 237 221 211 207 205 204 203 194 190 182 179 169 168 150 138 124 121 116 114 82 77 70 61 45 37 29 24 
287 448 434 430 428 423 413 404 399 378 374 365 364 358 331 327 314 312 311 305 295 292 286 281 276 269 268 261 256 250 249 236 232 220 210 207 199 190 180 178 175 174 156 124 120 112 104 97 88 86 83 36 35 30 25 19 18 16 13 12 3 
220 449 437 428 425 402 398 394 388 384 378 366 356 342 341 330 329 327 322 318 316 305 301 287 286 282 276 268 257 253 236 232 224 218 215 210 204 200 186 183 180 177 174 167 163 137 131 124 110 109 106 104 94 88 52 48 38 31 15 6 
116 443 415 412 399 395 392 390 387 384 379 377 369 365 344 342 336 312 304 303 285 279 268 261 241 237 232 229 224 217 203 181 169 168 165 151 143 125 124 108 78 77 74 73 70 64 61 60 51 45 43 40 37 29 21 20 13 10 3 2 
3 445 442 440 434 424 409 405 401 370 366 364 345 338 337 327 323 322 312 300 287 283 281 254 234 221 217 216 182 169 166 164 161 155 144 132 131 124 116 114 98 97 95 88 79 75 74 62 60 53 43 36 34 31 30 25 24 21 10 2 
175 426 418 416 410 401 398 389 377 373 365 364 350 339 336 333 331 302 300 298 297 292 287 284 283 277 272 269 249 246 243 242 237 212 204 197 195 193 182 178 164 159 156 151 132 120 112 109 103 86 83 73 66 61 59 20 19 18 16 12 
243 449 441 440 435 431 420 416 402 398 397 392 373 370 364 359 326 310 304 300 298 292 278 275 274 271 269 268 266 252 242 238 197 195 188 179 175 172 171 170 169 156 147 146 144 135 114 109 94 89 86 85 76 67 41 36 31 15 4 0 
83 441 440 408 379 377 369 365 360 350 342 339 331 329 310 303 301 296 287 286 284 277 272 271 269 251 249 247 246 242 238 237 219 199 178 175 165 164 159 156 151 132 127 120 117 114 112 109 105 101 86 80 73 65 61 20 19 18 12 
52 444 443 437 428 425 418 408 405 403 398 396 388 384 364 360 356 353 342 333 329 328 321 319 318 306 301 286 284 282 265 253 242 239 237 236 227 220 210 204 200 186 180 166 155 145 137 131 122 114 109 106 104 94 48 34 15 11 6 
188 441 440 436 431 407 391 382 379 372 366 362 358 354 350 340 328 309 299 292 289 285 279 271 269 267 252 243 242 238 234 230 226 206 205 194 190 170 167 147 136 132 114 111 109 103 94 85 81 76 54 48 35 29 27 19 9 4 0 
137 447 435 426 418 416 411 398 393 384 360 355 338 335 328 325 314 306 305 295 284 282 277 266 254 253 247 238 220 214 209 205 201 200 196 186 184 180 165 157 148 136 131 117 106 104 99 94 81 79 70 69 68 58 52 48 26 14 
328 447 444 440 434 425 398 396 393 375 371 366 362 360 359 356 353 347 339 338 333 319 318 305 286 279 269 266 252 247 242 239 237 216 214 209 205 196 194 192 188 156 145 137 130 122 121 99 81 76 70 69 67 52 35 17 9 4 
418 432 426 421 417 413 410 401 398 396 391 364 362 333 321 300 299 297 295 286 284 277 265 264 261 244 242 236 210 209 204 203 200 190 175 164 156 140 137 134 123 122 120 89 86 84 80 69 57 55 52 48 38 25 22 17 16 9 
124 445 443 428 425 419 416 412 401 378 366 363 327 324 323 318 312 305 302 300 287 286 285 283 279 276 268 247 237 236 232 221 220 217 213 210 207 205 195 187 182 174 168 164 146 144 125 121 116 104 97 95 78 61 37 31 13 3 
342 443 441 440 437 428 426 425 415 399 395 388 377 356 344 329 318 311 310 305 304 301 292 275 263 261 260 254 242 238 232 231 227 220 204 199 196 181 165 160 153 133 118 116 114 109 108 83 76 75 73 70 52 44 24 15 9 6 
318 444 443 437 428 425 419 405 403 396 388 379 360 356 353 342 335 329 328 324 319 308 306 302 301 300 297 286 276 262 239 237 227 225 221 220 207 205 204 166 161 155 149 145 136 131 124 122 121 114 109 99 52 37 34 15 13 6 
218 417 402 399 395 394 393 384 380 376 367 363 362 360 341 330 322 316 305 304 297 288 286 257 254 250 249 225 224 220 216 215 214 185 183 181 177 174 163 159 148 131 119 112 110 88 86 76 75 72 71 62 40 36 34 31 6 
242 441 440 431 426 425 418 410 401 398 385 376 364 359 342 333 329 328 321 310 301 300 297 293 292 284 277 271 269 265 243 238 236 219 216 210 209 204 188 175 170 164 148 147 145 134 114 94 85 83 58 55 52 48 42 16 0 
198 443 420 415 411 404 401 392 368 364 358 356 345 340 337 329 317 312 300 296 270 260 253 252 232 221 214 184 171 160 154 152 149 144 134 130 129 127 121 120 118 117 111 96 95 76 64 62 53 46 45 44 19 11 9 7 5 
266 449 447 442 440 409 402 398 393 392 360 345 338 334 332 328 319 310 305 282 275 268 249 247 243 223 216 214 209 205 196 184 183 173 172 171 168 157 137 135 132 119 114 113 93 82 81 69 67 63 46 40 31 15 5 4 1 
292 448 441 431 428 425 423 416 413 399 373 344 342 333 325 314 312 311 305 295 287 274 271 269 256 243 242 238 214 203 199 197 196 195 188 180 175 170 163 156 154 153 152 147 135 114 109 99 96 94 86 85 75 42 35 31 0 
144 445 443 415 392 391 388 383 370 366 365 364 358 330 323 312 300 298 283 278 275 274 270 252 251 243 232 228 221 217 214 198 197 185 182 179 173 172 171 164 157 134 132 124 121 117 95 76 58 57 43 41 36 31 11 3 
295 448 440 434 426 423 418 417 416 413 399 386 357 336 315 314 312 311 292 287 286 274 272 268 263 259 258 256 246 244 211 199 194 182 180 167 156 137 123 120 114 112 108 89 86 82 80 66 58 45 38 35 22 17 13 9 
86 418 417 402 399 382 376 365 360 348 345 331 312 305 295 292 288 287 286 274 271 269 249 244 243 229 228 219 218 214 213 202 184 178 175 168 156 154 153 135 123 120 112 89 83 80 65 53 38 22 19 18 17 15 12 9 
76 437 432 428 393 380 370 368 367 366 364 362 358 342 329 328 300 298 296 279 278 275 260 252 243 231 225 218 205 198 197 194 188 179 172 162 160 159 155 154 144 130 118 111 72 71 62 53 45 44 41 36 35 34 9 7 
358 443 436 415 404 396 392 382 368 359 355 340 329 296 294 287 285 284 270 267 261 260 252 232 214 206 204 198 190 188 171 167 154 145 144 134 130 129 121 117 114 111 95 76 62 54 48 47 45 35 29 24 11 9 7 4 
164 445 433 426 420 418 410 401 398 377 367 366 364 356 350 339 333 323 312 300 297 289 283 277 265 257 242 240 231 228 221 217 212 204 182 175 171 156 152 151 144 142 132 124 123 118 108 96 95 85 83 73 64 31 16 3 
207 428 427 425 419 413 412 399 378 375 361 355 350 348 346 338 337 334 324 323 318 305 302 300 294 290 287 276 269 268 264 259 251 250 248 234 225 221 205 199 143 136 126 124 121 118 93 92 80 53 37 36 16 13 11 0 
9 437 436 428 427 418 417 407 368 358 350 342 329 328 315 299 296 295 286 271 260 259 252 244 231 198 190 188 177 170 168 160 156 154 147 146 130 123 120 118 111 103 89 86 81 80 77 76 62 45 44 38 29 22 17 7 
373 449 435 426 420 416 407 400 399 396 391 374 366 348 344 336 334 327 320 314 309 307 304 302 292 289 281 269 262 250 248 243 221 209 205 197 195 182 175 171 156 150 149 130 115 109 82 77 70 56 48 39 33 22 21 
368 430 424 416 415 414 374 372 361 358 354 351 335 329 311 296 279 275 267 264 260 257 252 244 238 211 210 202 200 198 187 156 154 153 147 136 134 132 130 111 110 99 78 76 75 73 62 50 46 45 27 17 9 7 1 
163 441 431 430 425 413 412 394 384 377 374 370 356 344 341 340 333 330 325 324 322 316 292 291 290 289 257 250 240 239 224 220 218 216 214 203 192 183 177 152 149 110 99 96 74 54 44 42 36 32 31 6 1 0 
250 442 437 413 410 402 399 398 396 395 373 363 306 305 302 298 297 287 269 268 257 254 238 227 218 216 215 211 207 204 181 177 174 163 161 152 149 134 126 122 105 88 73 72 69 62 44 43 38 36 31 29 16 4 
257 433 430 416 413 398 394 384 374 372 368 356 354 351 343 341 330 325 322 316 290 289 275 265 250 244 240 239 231 224 220 218 215 211 210 192 187 183 177 164 163 153 142 134 126 123 111 110 73 69 54 6 1 
53 439 432 427 414 411 401 380 364 345 331 322 317 312 300 271 259 251 247 234 225 219 207 202 198 192 184 168 160 159 140 131 129 123 120 118 95 93 87 86 80 79 76 75 65 46 44 31 24 16 7 5 3 
401 445 426 420 418 411 410 409 405 398 370 367 364 338 333 327 317 312 300 297 277 242 216 204 198 187 175 166 164 160 155 152 129 124 123 118 114 97 96 88 78 75 74 73 64 62 53 46 44 16 7 5 3 
120 436 418 417 414 377 365 364 356 348 343 337 331 295 287 286 284 269 261 260 258 251 249 247 244 234 233 202 198 192 187 178 175 156 140 139 123 112 89 87 86 85 83 80 71 53 38 22 19 18 17 12 9 
412 443 438 435 387 379 377 375 370 369 365 356 355 348 341 336 334 333 305 294 289 285 279 269 258 241 240 237 236 229 207 203 168 163 143 126 125 124 118 116 92 79 78 77 74 70 61 45 36 29 16 13 11 
365 421 417 412 408 387 379 369 351 336 331 296 287 281 277 269 264 263 262 249 241 237 203 199 190 182 179 178 175 169 168 165 156 151 150 144 138 128 120 116 112 86 83 77 70 61 45 29 24 19 18 13 12 
231 448 437 436 433 428 427 420 403 397 388 385 356 349 347 342 333 319 315 314 307 289 280 265 260 259 257 240 223 221 180 177 168 167 164 160 149 146 142 123 118 103 101 78 77 76 74 44 41 38 30 29 9 
281 449 442 434 400 378 373 367 365 364 352 351 348 336 333 303 289 287 265 263 262 258 255 244 237 190 187 182 179 172 169 150 141 139 138 135 97 88 82 77 61 49 45 44 43 36 34 30 25 24 13 3 2 
392 449 448 443 440 415 404 402 398 396 384 370 359 358 312 310 303 279 276 270 268 266 243 232 224 214 198 172 171 151 145 144 143 134 121 117 116 114 113 110 95 64 60 57 51 46 40 37 31 20 15 11 4 
437 449 428 427 425 420 419 388 385 372 363 360 356 351 342 336 331 329 322 318 314 310 301 298 289 279 260 250 231 220 214 208 205 204 160 134 126 118 115 111 109 98 89 78 76 52 44 41 28 20 15 9 6 
75 428 424 417 415 409 401 399 370 368 363 342 338 327 322 312 311 305 304 292 286 267 264 249 238 221 218 216 211 202 200 199 196 185 166 156 155 153 134 131 114 97 95 88 79 78 74 62 53 31 24 17 3 
370 448 433 421 419 412 409 404 401 396 392 377 364 357 356 338 333 327 300 298 289 279 278 275 252 243 240 216 197 179 174 172 166 163 155 144 125 114 113 110 97 88 76 75 74 62 57 46 41 36 32 3 
168 443 436 427 412 387 379 369 365 345 336 315 312 285 279 271 266 260 259 249 241 237 231 219 209 203 202 187 184 177 173 160 146 132 125 124 116 103 86 82 77 70 65 61 53 46 45 38 29 13 9 5 
413 448 432 423 421 418 417 399 396 379 378 361 337 325 314 312 311 305 295 292 290 287 269 268 264 257 256 251 250 239 209 207 199 196 192 189 180 163 156 140 122 87 84 54 36 35 25 16 6 4 1 0 
379 440 428 416 413 412 405 387 369 365 363 356 339 336 335 322 318 315 313 308 299 297 280 273 262 241 236 225 222 203 202 188 182 168 161 141 136 135 122 119 116 103 99 83 77 70 66 55 45 31 29 13 
319 444 442 431 425 396 367 360 356 353 347 338 332 328 318 307 296 286 282 275 270 266 265 249 239 237 231 223 221 216 180 161 145 123 122 119 113 112 97 93 90 78 71 67 63 52 44 40 18 8 1 0 
275 430 426 416 374 372 370 368 364 360 354 351 342 332 319 300 298 282 278 266 263 257 256 254 252 249 244 243 227 223 216 210 197 187 181 179 172 153 144 133 119 113 76 73 70 67 63 41 40 36 24 1 
121 443 440 434 428 425 419 415 398 396 392 375 371 358 339 333 328 324 320 318 302 300 297 282 276 270 232 221 215 214 207 205 198 192 174 171 144 134 130 128 124 122 117 113 102 99 95 67 37 13 11 4 
20 449 437 421 416 392 387 384 372 363 360 356 351 331 322 315 312 310 303 298 288 284 279 274 272 268 264 246 241 237 224 214 178 175 173 159 151 143 117 116 112 98 83 64 61 60 54 51 40 39 37 23 
45 440 412 387 386 379 378 371 369 368 365 358 357 352 336 329 296 295 281 274 263 260 259 258 252 246 241 211 203 198 194 191 182 168 154 130 116 114 111 101 82 77 76 70 62 49 29 26 13 11 9 7 
44 445 437 428 423 411 401 367 364 347 342 319 317 312 307 304 303 300 283 281 265 260 255 250 231 223 221 216 198 191 183 182 180 163 160 152 141 135 129 118 78 76 53 46 43 34 22 9 7 5 2 
0 442 441 439 431 425 413 396 378 361 359 344 337 333 325 319 292 290 271 269 264 262 251 243 242 238 214 207 203 199 188 170 163 161 152 147 145 138 122 114 112 99 97 96 94 93 85 71 42 31 18 
260 437 436 428 427 377 368 358 343 342 339 329 315 296 284 278 267 261 259 258 252 234 233 231 198 187 177 168 166 160 154 146 139 130 120 118 114 111 103 87 85 77 76 71 62 45 44 38 29 9 7 
36 434 413 412 402 399 377 370 364 362 356 344 333 305 300 298 289 287 281 278 275 269 268 252 250 243 240 218 215 208 207 197 179 172 163 148 145 144 119 97 92 88 76 74 41 40 31 30 25 16 3 
443 415 412 405 403 399 395 392 377 358 357 344 342 318 306 304 285 279 270 261 239 237 232 227 214 198 181 171 168 166 165 155 145 144 134 132 131 125 124 121 117 116 114 108 95 73 61 52 34 12 11 
132 443 440 405 377 376 368 360 350 345 339 330 279 274 271 266 251 249 234 228 221 219 217 199 188 184 175 173 168 164 157 156 151 144 136 127 110 101 98 95 83 82 73 65 46 34 31 18 5 3 
22 431 426 418 417 416 407 402 398 393 391 374 373 334 327 320 311 309 304 303 295 286 283 265 255 248 244 229 213 195 191 189 182 156 151 141 140 123 120 89 86 80 70 44 38 33 17 15 9 4 
247 447 414 410 402 393 376 371 364 360 343 340 339 338 331 328 308 305 303 286 266 255 251 237 214 213 210 209 205 201 199 196 192 189 152 146 140 137 124 123 120 109 105 83 81 80 69 53 41 29 
339 440 436 434 428 398 396 379 377 375 371 356 350 335 333 328 322 313 303 286 278 273 267 260 251 247 237 222 192 175 170 164 156 151 135 132 130 122 121 119 109 105 83 80 73 67 66 55 31 4 
99 435 431 425 416 379 368 344 335 333 331 328 325 318 308 297 292 282 277 263 262 245 238 226 225 214 203 186 184 163 161 155 152 147 137 136 128 121 117 113 103 96 68 48 46 42 31 14 12 0 
351 449 437 430 416 415 374 372 368 365 363 362 360 356 354 347 331 322 310 298 281 279 275 272 263 262 257 244 237 214 210 208 205 190 187 182 179 169 153 150 138 98 89 77 73 61 24 20 13 1 
327 428 426 416 409 407 401 391 378 374 373 370 338 334 320 309 305 287 286 276 268 248 236 232 220 216 210 204 195 174 166 158 155 140 124 114 104 97 88 75 74 70 68 62 61 46 33 22 3 
277 435 426 418 416 410 408 401 398 369 365 364 335 333 325 300 297 296 274 242 238 237 228 204 199 193 191 186 184 175 165 164 150 138 137 136 117 111 99 83 77 74 71 68 61 48 16 14 10 
279 449 448 443 437 412 404 396 392 372 370 368 366 363 362 360 356 351 343 331 328 322 310 298 290 285 252 237 223 214 205 194 188 168 136 132 125 124 118 116 113 110 98 76 61 57 46 35 20 
16 427 426 425 418 413 412 410 401 399 398 396 375 364 355 348 334 333 305 300 297 294 287 277 269 268 259 251 250 242 238 234 225 207 204 175 164 143 126 122 118 93 92 80 53 38 36 29 11 
298 449 437 429 422 391 372 370 364 363 360 356 353 351 331 322 321 320 310 300 280 279 278 275 252 250 249 243 237 214 212 197 179 175 172 159 144 134 126 98 92 76 74 69 66 59 41 36 20 
95 445 443 432 415 392 391 383 369 366 358 330 323 322 312 301 300 283 274 270 251 233 232 228 221 217 214 198 182 173 171 164 157 144 134 132 131 129 124 121 117 79 75 57 53 31 24 11 3 
249 417 403 365 363 360 345 332 331 322 319 304 298 287 286 282 275 269 266 223 218 216 185 184 178 175 173 168 156 132 131 120 119 113 112 86 83 82 75 67 63 46 40 19 18 12 5 1 
377 443 436 433 415 412 399 395 381 370 356 350 344 343 342 339 333 304 289 284 261 260 258 240 234 233 232 187 181 175 165 164 163 156 151 139 132 120 116 108 87 85 83 74 73 71 51 36 
38 449 436 427 418 417 410 402 396 315 297 295 286 260 259 250 244 238 231 220 215 204 192 177 174 168 167 160 156 154 146 123 122 120 103 89 88 86 80 77 72 31 29 22 17 16 9 6 
61 443 417 412 408 369 365 351 338 327 296 285 284 281 279 277 272 264 263 262 246 245 237 204 199 190 182 179 178 175 169 168 165 159 150 140 138 128 125 124 116 114 113 83 57 24 20 13 
259 440 436 427 405 386 383 357 315 299 295 273 263 260 258 253 251 246 234 231 225 211 207 201 194 182 177 168 160 152 146 135 114 103 97 93 82 80 77 71 53 45 38 29 16 13 10 9 
200 424 418 415 398 391 384 368 357 353 311 299 286 282 267 264 261 253 238 229 220 211 203 202 196 190 187 186 180 176 159 156 143 137 134 131 106 104 94 87 78 75 57 52 48 39 17 15 
174 449 433 428 421 419 402 396 395 378 370 357 327 305 287 286 282 278 276 268 254 250 236 232 220 218 216 215 210 208 181 167 166 147 125 124 121 113 104 88 72 62 38 35 32 31 8 6 
340 436 410 402 393 382 381 376 374 371 366 359 358 356 345 343 337 313 308 291 285 267 255 254 253 247 206 201 199 198 189 188 184 167 163 152 149 111 96 54 48 35 32 29 21 6 4 2 
211 447 440 425 424 415 398 386 368 357 353 320 311 295 267 264 263 259 258 257 250 246 238 229 215 202 200 194 187 182 177 176 156 143 134 126 114 87 82 78 75 73 69 45 39 17 15 13 
123 445 433 420 418 417 414 401 367 364 359 356 341 331 330 319 296 295 289 286 270 265 257 251 247 244 240 231 192 169 164 156 152 142 140 120 96 89 86 80 73 64 53 38 22 17 9 
111 437 436 419 388 382 368 358 355 347 340 332 329 296 285 284 277 274 267 260 257 252 228 206 198 193 191 188 167 154 150 133 130 115 77 76 74 62 54 48 45 35 29 10 9 7 4 
384 398 394 392 380 341 330 322 316 312 303 293 282 268 257 253 224 220 218 200 186 183 180 177 166 163 151 143 137 133 131 116 110 106 104 94 64 60 57 52 51 48 40 37 20 13 6 
131 443 427 417 405 403 398 384 363 322 318 312 306 304 300 286 282 253 249 239 237 227 220 218 200 186 185 180 166 155 145 137 114 106 104 95 94 79 75 67 53 52 48 34 31 24 3 
205 447 437 434 428 425 419 393 373 366 362 360 351 338 328 324 318 314 305 302 300 279 276 266 261 252 247 221 214 209 208 207 196 194 188 186 171 137 124 121 89 81 76 69 37 35 13 
284 445 436 418 377 364 358 355 343 321 273 272 265 261 260 258 246 242 237 236 234 233 210 201 187 178 175 167 165 159 157 153 148 139 137 120 111 87 85 83 79 71 61 52 48 26 20 
15 449 446 442 440 437 428 425 423 402 398 397 392 388 357 356 353 342 334 329 318 310 301 268 266 243 229 220 213 211 204 200 187 183 176 172 171 114 109 86 78 52 39 31 22 6 4 
6 449 437 430 428 425 413 402 394 388 384 356 342 341 340 330 329 325 322 318 316 301 290 257 239 224 220 218 215 204 192 183 177 174 167 163 115 110 109 88 77 54 52 38 31 15 1 
289 449 437 433 427 420 412 400 388 385 377 373 370 356 348 344 336 333 330 314 307 281 265 262 257 240 231 221 203 188 182 164 163 161 150 142 138 130 123 82 78 77 74 60 41 36 21 
70 426 416 412 407 391 387 379 374 373 369 365 342 336 334 328 327 320 309 275 272 269 268 263 254 248 246 241 227 203 195 181 168 156 148 137 133 116 77 45 33 29 24 22 17 13 
216 433 409 401 395 370 360 359 338 332 328 327 319 282 275 266 254 250 249 242 223 218 181 174 166 163 155 152 145 119 114 113 97 88 75 74 72 67 63 62 44 40 25 14 3 1 
304 443 435 417 415 399 395 377 373 366 363 344 342 323 322 303 286 283 265 262 261 255 249 243 232 218 209 203 191 185 182 181 165 146 141 131 116 115 108 75 73 67 56 48 44 22 
261 443 436 430 418 415 404 399 395 391 377 374 358 344 343 342 304 299 287 284 264 260 258 234 233 232 205 203 200 197 190 187 181 165 139 120 116 108 107 87 85 73 71 57 17 13 
311 448 428 424 423 420 415 413 405 402 399 398 382 368 342 314 312 305 300 295 292 287 267 264 256 238 213 211 202 200 199 196 195 189 180 156 153 151 140 134 78 75 35 22 17 4 
344 443 431 425 420 415 399 395 377 373 348 342 333 325 310 307 304 292 289 261 232 228 221 214 208 203 182 181 165 163 152 145 130 116 108 99 96 92 73 55 42 40 36 31 21 0 
118 437 428 422 412 411 404 401 375 364 355 348 342 334 317 312 305 300 294 279 269 260 231 212 207 201 198 197 171 164 160 143 129 126 92 85 76 53 46 44 16 11 10 9 7 5 
203 431 425 418 412 391 387 379 369 365 344 336 333 325 304 299 292 289 282 267 264 261 241 214 200 199 190 168 163 162 152 116 99 96 77 70 57 45 42 34 31 29 19 17 13 0 
187 436 430 416 401 377 374 372 368 357 354 353 351 348 343 300 284 281 275 261 260 258 257 244 234 233 229 211 210 200 191 176 168 153 139 124 120 87 85 78 73 71 39 30 15 1 
78 437 427 424 420 415 412 401 388 385 368 357 353 347 319 314 311 307 300 289 285 267 265 264 238 231 229 224 223 221 211 202 200 187 180 176 156 134 124 116 75 44 41 39 17 15 
136 435 416 387 379 368 354 350 335 332 325 323 321 318 309 308 297 279 277 264 262 238 234 230 225 223 207 189 188 186 184 161 137 132 125 117 110 99 68 55 48 27 23 14 8 5 
449 440 437 402 400 398 392 373 372 363 360 356 351 348 336 331 322 310 298 289 281 279 268 266 243 220 215 214 174 172 171 167 150 130 114 98 88 82 77 38 31 20 18 15 6 4 
363 449 442 437 417 416 402 398 379 372 360 356 351 331 322 315 310 306 304 298 286 279 269 250 249 227 218 217 215 214 210 202 185 161 131 124 105 98 97 75 69 43 31 20 4 
436 427 382 377 358 343 340 339 315 285 284 278 267 261 260 259 258 234 233 231 206 188 187 177 168 167 160 155 146 139 120 111 103 87 85 77 71 54 50 48 38 35 29 9 4 
177 444 436 427 421 398 394 384 378 364 341 335 330 322 316 315 300 260 259 257 250 231 224 221 220 218 215 211 183 168 163 160 146 134 127 126 110 103 77 73 69 38 29 9 6 
77 449 436 427 412 400 387 379 373 369 365 351 348 336 315 289 281 277 274 260 259 241 231 228 203 193 191 177 168 160 150 146 116 111 103 82 74 70 45 38 29 13 10 9 6 
195 426 416 407 402 399 398 395 391 374 373 334 333 327 326 320 311 309 293 292 273 269 248 243 229 213 202 197 189 181 175 162 156 151 146 140 124 109 70 67 56 41 33 22 4 
426 422 418 416 410 407 401 400 398 391 374 373 364 342 334 333 332 327 320 314 309 300 297 295 277 275 263 254 248 242 227 204 195 181 175 164 148 137 133 70 58 33 24 22 16 
264 424 418 417 415 413 391 387 380 378 368 365 361 337 311 299 290 267 261 251 238 211 207 203 202 200 199 190 156 143 136 134 128 110 87 78 75 61 57 23 20 17 5 0 
112 434 431 416 402 399 378 376 365 360 334 331 319 315 305 295 288 287 274 272 269 268 249 246 241 218 214 183 178 175 173 156 120 117 108 105 86 83 54 20 19 18 12 0 
209 447 435 432 425 421 418 413 396 393 385 376 373 366 360 338 328 321 305 304 293 266 262 247 242 219 214 205 196 182 168 148 140 137 122 115 84 81 69 56 48 42 40 25 
415 443 441 424 399 395 392 377 368 359 358 351 344 342 311 304 270 267 264 261 239 238 232 214 211 202 200 198 181 171 165 156 144 134 121 117 116 108 95 78 75 73 17 11 
204 437 428 426 425 418 410 401 398 396 388 364 358 356 343 342 338 333 329 327 320 318 301 300 297 277 250 242 238 230 220 175 164 140 122 109 61 52 38 29 16 15 13 6 
130 449 440 434 420 398 396 375 373 371 368 358 348 344 339 333 332 329 328 307 296 291 289 260 252 221 201 198 192 182 154 133 122 121 111 104 76 67 62 45 21 9 7 4 
263 440 426 424 386 365 357 351 342 335 324 295 281 275 262 259 258 254 246 237 227 226 211 194 190 182 181 179 169 150 138 133 114 99 82 79 70 65 61 45 24 13 12 1 
210 430 428 418 416 378 374 372 368 364 363 354 351 349 327 321 305 287 286 284 276 275 268 265 257 247 244 242 236 232 220 213 187 174 153 146 124 104 97 73 52 48 1 
262 435 396 386 379 373 366 365 359 351 335 330 318 308 304 297 289 281 263 238 237 225 209 199 190 182 179 169 161 150 145 138 136 122 115 99 61 56 48 41 24 13 0 
67 440 435 434 423 399 398 396 395 375 371 360 339 333 332 328 319 304 293 282 275 266 249 243 223 216 195 192 181 162 146 131 130 122 121 119 113 109 63 40 26 4 1 
297 426 425 418 410 401 398 396 379 364 361 335 333 318 308 300 277 262 250 242 241 238 225 218 204 193 182 175 164 161 140 136 128 126 122 121 99 89 84 38 29 25 16 
435 438 431 430 424 416 412 409 373 366 341 335 326 325 304 277 262 254 243 238 236 228 209 199 186 184 182 157 152 146 137 136 117 115 99 96 79 73 68 67 56 48 14 
1 430 429 428 416 413 374 372 368 360 354 351 332 325 324 319 290 282 275 266 263 257 249 244 239 223 216 210 192 187 163 153 119 113 102 73 67 65 63 54 40 12 6 
35 448 436 423 413 399 382 366 362 358 346 340 328 314 312 311 295 292 287 285 279 267 256 252 206 205 199 194 188 180 174 167 166 156 147 111 76 69 54 48 29 8 4 
140 432 421 418 414 413 402 398 396 372 364 338 331 327 311 308 297 251 247 241 213 209 204 195 193 192 189 182 162 151 126 123 122 120 98 89 84 61 53 25 23 22 4 
331 449 437 414 372 365 364 363 360 356 351 350 322 310 298 287 282 279 269 251 249 247 245 214 192 178 175 156 140 123 120 113 112 99 98 86 84 83 53 20 19 18 12 
40 411 402 399 392 384 362 360 344 332 329 319 312 303 282 275 268 266 249 224 223 218 216 215 209 208 151 148 143 119 116 113 92 67 64 63 60 51 37 36 31 20 1 
232 443 428 415 399 395 392 378 377 358 344 342 341 327 305 304 287 286 276 270 268 261 236 220 214 210 198 181 174 171 165 144 134 124 121 117 116 108 104 95 73 11 
184 435 416 398 356 345 340 337 335 325 312 293 277 271 266 253 249 238 219 202 198 186 173 168 165 152 149 137 136 132 117 99 96 86 82 68 65 53 48 46 14 5 
265 433 418 389 367 364 356 347 321 319 307 304 303 289 284 283 281 257 255 242 240 236 231 223 221 210 191 182 180 164 142 141 135 123 78 52 48 44 43 34 22 2 
315 436 434 427 416 379 363 322 299 295 288 280 274 273 272 268 260 259 246 241 236 231 202 182 177 173 168 160 146 141 117 112 108 103 77 56 54 49 38 29 20 9 
251 427 414 413 378 364 361 339 337 331 330 303 290 286 274 264 259 247 237 234 228 225 207 199 192 173 157 144 140 132 123 120 109 105 95 93 83 80 53 31 16 0 
134 443 437 424 418 415 398 392 368 358 321 311 298 270 267 264 257 250 242 238 232 215 214 211 202 200 198 177 171 156 144 126 121 117 95 78 75 73 69 55 17 11 
145 444 443 433 425 405 403 396 392 360 359 358 356 353 344 328 319 318 306 286 262 242 239 238 237 227 216 199 166 161 155 152 138 131 122 114 52 36 34 14 0 
434 440 416 400 398 396 385 375 371 364 339 333 328 317 315 306 295 287 281 274 272 268 246 228 208 205 192 130 122 121 115 112 108 97 88 67 36 30 25 4 3 
34 443 440 405 403 393 380 367 318 306 303 281 265 239 237 234 227 225 221 218 217 203 166 159 155 145 141 135 132 131 114 98 76 72 71 52 44 43 31 3 2 
109 437 428 425 423 416 388 375 373 371 356 342 339 329 318 303 301 292 286 285 273 269 251 247 243 237 220 204 202 197 195 188 175 156 105 83 80 67 52 15 6 
215 449 442 402 399 398 363 362 306 301 294 282 269 257 250 227 220 218 211 189 177 174 167 161 148 134 126 121 119 113 105 88 73 69 43 40 38 36 31 6 4 
69 447 442 418 402 398 395 393 363 360 338 328 306 305 298 269 266 257 250 247 227 215 214 211 209 205 196 178 177 161 137 134 126 125 105 81 73 43 35 31 4 
180 448 439 423 413 399 398 397 384 347 319 314 312 311 307 295 292 287 282 265 256 253 231 223 221 220 200 199 186 156 137 131 106 104 94 78 63 52 48 44 35 
46 448 411 404 401 396 392 370 368 364 345 335 327 317 312 300 279 266 249 237 230 198 184 173 168 160 159 147 132 129 128 118 113 110 99 82 57 53 44 7 5 
348 449 427 420 412 400 375 373 359 355 344 336 334 307 305 294 289 281 269 254 244 221 207 202 187 182 150 143 130 126 120 118 92 86 82 77 74 21 16 11 
378 444 428 413 398 364 361 352 337 335 327 316 305 300 290 287 286 281 276 268 264 251 236 232 221 220 210 207 199 194 177 174 127 124 112 104 49 45 14 0 
54 436 416 413 382 380 358 340 325 315 312 290 288 285 274 267 257 241 239 206 192 188 173 167 163 151 143 125 117 112 111 58 48 43 35 29 20 6 4 1 
161 442 424 402 398 396 379 363 359 352 345 335 330 319 318 308 306 297 289 269 262 250 238 227 225 215 199 145 138 136 122 105 99 93 69 43 31 4 3 0 
391 440 429 426 422 418 416 407 383 374 373 354 353 335 334 327 321 320 309 299 298 280 264 261 248 237 203 200 195 190 188 147 144 95 74 70 57 33 22 17 
329 441 440 437 428 425 388 368 358 356 342 332 318 310 301 296 260 252 242 238 220 204 198 154 133 130 114 111 109 93 83 76 62 52 45 40 15 9 7 6 
274 434 416 398 330 315 295 293 292 288 277 272 268 251 246 243 241 228 193 191 173 157 150 144 135 132 117 112 111 108 95 86 77 74 68 54 45 31 20 10 
96 445 435 431 430 425 420 401 367 356 345 344 340 337 333 332 325 292 254 253 228 214 203 199 198 184 164 163 157 152 149 146 123 99 73 64 62 42 31 0 
335 444 435 416 398 391 379 378 368 364 339 325 318 316 308 300 297 277 263 262 238 226 225 221 219 186 184 177 161 147 137 136 127 117 99 68 48 46 14 12 
97 434 416 409 401 370 364 363 338 327 319 299 296 287 281 273 259 253 225 216 210 201 191 166 155 152 124 114 93 88 75 74 71 62 36 30 25 10 3 0 
252 370 368 366 364 362 358 329 328 301 300 298 296 279 278 275 260 243 205 198 197 194 188 181 179 172 154 144 130 111 98 76 62 45 41 36 35 9 8 7 
117 443 435 416 415 392 361 358 353 335 325 315 288 277 274 270 241 238 232 214 198 186 184 173 171 144 137 136 134 121 112 99 95 83 68 54 48 20 14 11 
227 443 442 426 411 405 403 402 398 363 342 318 306 275 269 263 254 250 239 237 223 215 186 181 166 161 155 145 133 131 114 105 70 69 52 43 34 31 24 4 
146 436 435 430 427 399 395 333 315 304 293 260 259 254 247 243 231 228 213 210 199 195 181 177 168 162 160 157 152 124 103 96 77 73 67 38 29 9 4 
334 446 442 431 426 423 416 412 407 397 391 375 374 373 355 348 327 320 309 305 294 269 266 248 207 195 183 143 126 118 112 105 92 70 33 22 16 15 11 
88 449 444 434 409 402 401 395 370 364 338 327 287 281 254 250 220 218 216 215 181 174 167 166 155 114 97 84 75 74 72 62 38 36 31 30 25 6 3 
62 409 401 395 370 368 358 338 329 327 321 296 260 254 252 250 218 216 198 181 178 174 166 155 154 130 114 111 97 96 88 76 75 74 72 45 9 7 3 
393 447 410 402 380 376 371 367 360 352 343 340 338 328 308 305 266 255 247 225 218 214 209 205 201 199 196 189 159 152 137 81 76 72 71 69 34 29 22 
165 443 424 415 408 399 395 386 377 369 367 365 355 344 342 304 296 284 277 261 237 232 206 201 199 184 181 157 148 137 116 108 83 79 73 61 48 33 26 
366 445 435 430 373 362 340 328 325 323 312 304 300 283 279 262 252 221 220 217 209 205 194 188 182 164 144 124 115 100 95 92 76 56 48 35 31 3 2 
167 449 448 436 402 397 382 358 355 349 340 336 333 314 295 285 284 280 268 267 231 220 215 206 188 174 111 101 88 74 54 48 38 35 31 30 29 6 4 
303 392 384 367 339 312 304 286 283 281 268 265 255 251 247 237 224 191 182 151 143 141 135 116 109 105 83 80 64 60 51 44 43 40 37 34 22 20 2 
181 443 426 415 399 395 377 344 342 333 304 293 275 263 261 254 252 250 232 227 218 216 195 174 170 165 162 146 133 116 108 88 73 72 70 67 62 24 4 
410 426 418 402 401 398 396 393 383 376 371 364 343 340 333 309 308 300 297 286 277 255 250 247 242 238 204 201 199 189 175 164 152 122 106 57 38 29 16 
271 441 431 407 360 345 312 299 292 269 243 242 238 237 222 219 202 199 190 188 184 170 168 147 132 127 114 103 101 94 86 85 83 81 65 53 18 9 0 
234 440 436 427 405 377 372 350 343 323 284 261 260 259 258 251 233 226 225 221 217 207 188 187 139 136 132 120 98 93 87 85 80 71 53 34 31 16 3 
325 435 431 425 416 413 366 359 344 335 333 292 290 277 257 239 238 214 203 192 186 184 163 152 137 136 117 99 96 68 54 48 42 31 14 6 1 0 
236 438 435 428 420 418 412 379 378 364 327 322 321 315 305 299 287 286 284 280 276 273 268 265 242 232 220 210 182 174 141 124 104 103 90 79 52 48 
282 398 384 360 332 331 319 293 275 266 253 249 245 226 223 220 216 215 203 200 186 180 174 137 131 121 119 113 106 104 99 94 67 63 52 48 40 1 
420 445 437 427 401 397 394 388 385 373 367 348 344 326 314 311 307 289 243 236 231 221 198 182 169 164 152 130 127 123 96 78 73 64 56 49 41 21 
17 424 418 417 415 391 381 368 328 311 299 295 286 269 267 264 261 244 238 211 203 202 200 190 156 134 123 120 89 86 80 78 75 70 57 38 22 9 
160 437 436 428 427 411 403 401 374 364 347 342 317 315 312 300 260 259 254 231 198 177 168 149 146 129 118 103 77 76 53 46 44 38 29 9 7 5 
310 449 441 440 437 402 398 392 372 363 360 356 351 344 342 331 329 322 301 298 279 268 266 243 242 238 214 172 171 114 104 98 83 81 31 20 15 4 
239 444 443 425 415 413 405 403 396 360 356 353 328 325 319 318 306 290 286 257 238 237 227 192 166 163 155 145 131 122 114 93 55 54 52 34 6 1 
151 428 402 398 392 384 377 365 350 339 312 311 303 268 224 222 213 195 189 175 164 156 143 140 132 116 114 83 73 64 60 54 51 40 37 22 20 4 
201 410 407 404 402 393 376 371 355 343 340 317 308 299 284 273 259 255 253 247 235 225 199 189 165 157 152 148 137 130 118 97 79 71 48 29 26 10 
113 448 409 404 396 392 387 370 360 332 331 319 282 279 275 266 249 245 229 223 216 215 174 162 121 119 114 110 99 67 63 61 57 49 46 42 40 1 
190 418 407 404 391 365 358 351 299 287 281 271 264 263 262 261 237 203 200 194 188 182 179 170 169 150 147 138 103 81 74 61 59 57 24 17 13 9 
321 429 425 422 418 391 387 385 376 364 353 332 320 298 293 284 280 265 242 237 236 230 223 219 210 209 189 148 136 134 74 62 55 52 48 42 23 14 
171 449 443 440 415 402 398 392 373 358 314 310 302 270 268 266 243 232 214 212 205 198 172 164 144 134 122 121 118 117 114 95 85 32 31 15 11 4 
71 436 393 380 377 367 345 343 319 299 284 277 273 261 260 259 258 253 234 233 225 218 201 187 159 152 139 120 97 93 87 85 76 72 34 10 0 
103 436 427 407 379 369 322 315 302 299 280 273 271 269 260 259 236 231 197 190 188 182 177 175 170 168 160 147 146 141 99 81 77 66 38 29 9 
338 447 409 401 394 393 370 360 328 327 319 305 266 247 229 222 216 214 209 207 205 204 196 166 155 140 137 114 97 88 81 75 74 69 62 61 3 
80 427 418 417 402 376 354 339 308 303 295 286 259 251 247 244 237 234 225 207 156 123 120 114 109 106 105 93 89 86 83 53 38 22 17 16 9 
37 446 428 425 419 409 408 392 384 326 324 318 312 303 302 300 276 268 255 228 224 221 207 205 151 143 138 124 121 116 101 64 60 51 40 20 13 
267 436 424 421 415 382 368 358 340 339 316 311 285 278 264 260 238 211 206 203 202 200 188 167 156 134 111 78 75 54 48 35 29 23 17 8 4 
223 387 360 355 347 332 321 319 307 282 279 275 266 265 249 231 230 227 221 216 189 180 136 119 113 78 67 63 59 55 44 40 23 21 14 2 1 
241 416 412 387 379 369 365 336 315 308 297 288 274 245 203 193 182 173 168 159 140 126 117 116 112 89 84 77 70 54 45 29 27 25 23 20 13 
374 430 426 416 407 391 373 372 368 354 351 340 334 327 320 309 291 287 275 261 257 248 244 210 195 187 163 160 153 73 70 48 33 32 22 13 1 
376 425 410 402 399 393 385 371 360 343 340 321 312 308 305 293 288 255 247 242 219 218 214 209 201 199 189 185 152 148 132 114 112 86 80 42 29 
43 442 414 402 398 367 363 332 306 303 281 269 265 250 227 217 215 169 161 144 141 135 116 107 105 74 69 60 54 44 34 31 21 10 4 3 2 
189 413 410 402 398 393 387 376 371 343 340 332 321 311 308 305 255 247 230 223 215 213 201 199 196 195 152 151 140 136 87 55 29 23 22 14 4 
119 440 428 402 399 379 362 360 356 339 332 322 319 313 282 275 273 266 249 223 222 218 216 215 148 135 122 113 67 66 63 55 48 40 36 31 1 
254 435 430 426 395 348 342 340 313 275 263 250 228 227 218 216 199 181 174 160 157 152 148 146 137 133 96 88 73 72 70 62 24 21 3 2 
166 443 409 405 403 401 384 380 370 338 327 318 306 293 260 239 237 227 216 174 155 147 145 131 114 97 88 75 74 62 57 52 35 34 8 3 
314 448 437 427 426 423 420 413 408 399 388 385 373 336 312 311 302 295 292 289 287 256 231 205 199 183 180 171 167 156 137 115 78 58 41 35 
431 441 435 425 397 344 334 333 325 319 292 271 269 243 242 238 214 203 188 183 170 163 152 147 114 112 105 99 96 94 85 42 31 22 18 0 
244 430 418 417 416 374 372 368 354 351 348 333 300 295 286 281 275 257 210 202 187 172 156 153 123 120 89 86 80 73 38 30 22 17 9 1 
343 436 410 402 393 377 376 371 340 308 294 284 279 272 261 260 258 257 255 247 234 233 204 201 199 189 187 152 139 120 114 87 85 71 29 24 
246 440 434 416 386 357 315 295 284 274 272 269 268 263 259 258 237 211 194 193 182 178 175 159 114 112 108 92 83 82 70 61 45 29 20 13 
345 446 442 424 409 356 340 337 312 271 266 253 249 219 202 199 198 184 176 173 168 161 152 149 132 96 93 86 82 79 71 65 53 46 5 3 
273 442 440 428 416 379 356 339 322 315 313 299 284 280 259 253 236 225 222 202 201 195 182 152 141 135 122 119 109 103 97 71 66 55 31 10 
306 443 442 434 407 405 403 402 398 363 318 317 269 250 239 237 227 215 208 166 161 155 145 137 131 114 105 89 69 52 47 43 34 31 25 4 
225 427 393 380 379 367 335 318 308 299 297 273 262 259 253 251 234 218 207 201 161 159 154 152 136 99 97 93 80 76 72 71 53 34 16 10 
82 449 440 438 400 386 373 357 348 345 336 295 289 281 266 263 259 258 249 246 211 194 184 182 173 168 150 132 114 77 46 45 41 13 5 
427 437 436 420 388 385 371 348 315 314 289 260 259 251 234 231 225 207 177 168 160 146 131 103 93 80 78 77 53 41 38 29 26 16 9 
192 440 434 414 413 398 396 375 371 364 346 339 333 331 328 325 290 257 251 247 239 163 140 130 123 122 121 120 67 54 53 38 6 4 1 
308 410 402 393 379 376 371 343 340 335 318 297 262 255 247 241 225 201 199 193 189 182 161 152 140 136 126 114 99 89 84 80 29 25 19 
126 437 412 398 375 355 348 334 308 305 298 297 294 269 257 250 241 215 211 207 193 182 177 143 140 134 118 92 89 84 73 69 25 16 11 
299 418 407 391 379 322 315 288 280 273 271 264 261 259 253 236 225 203 201 200 190 188 182 170 152 147 141 103 97 81 71 57 17 10 9 
353 444 429 425 424 422 409 396 391 360 357 356 328 321 320 319 318 298 286 280 239 237 229 211 200 187 176 145 122 117 78 74 52 39 15 
372 449 437 430 416 374 368 363 360 356 354 351 350 331 322 310 298 279 278 275 257 244 234 226 214 210 188 187 153 140 98 84 73 20 1 
179 403 370 365 364 351 300 298 281 280 278 275 263 262 252 243 237 197 190 182 172 169 150 144 138 100 76 61 41 36 24 21 13 10 2 
442 439 424 409 402 398 386 363 345 334 319 306 300 281 273 269 266 250 227 215 183 161 105 93 90 69 56 43 41 31 19 15 4 3 0 
24 426 365 358 351 343 342 322 312 281 275 263 262 254 238 237 227 190 182 181 179 169 150 138 133 131 95 79 75 70 61 53 31 13 3 
448 423 413 404 399 397 396 392 370 349 336 333 314 312 311 295 292 287 280 279 256 231 199 180 167 156 113 110 101 74 57 47 46 35 30 
143 424 412 392 384 375 355 348 334 312 305 303 294 269 268 264 224 211 207 200 151 126 118 116 92 87 64 60 54 51 40 37 20 16 11 
253 399 398 384 356 345 340 337 299 282 273 259 225 220 201 200 198 186 184 180 152 149 137 131 106 104 97 96 94 71 52 48 32 10 
395 443 415 399 377 361 344 342 333 304 294 293 261 254 250 232 218 216 195 181 174 165 162 146 116 108 91 88 73 72 69 67 62 4 
371 440 434 427 423 410 402 398 396 393 376 375 343 340 339 337 333 328 308 255 247 201 199 192 189 152 130 122 121 109 67 45 29 4 
135 446 440 428 379 367 356 339 322 313 303 292 281 274 273 266 265 259 243 222 176 154 153 141 122 119 86 66 55 44 43 34 31 2 
357 443 440 433 421 419 396 386 370 353 316 295 278 263 259 258 246 229 211 200 194 187 182 176 174 125 114 82 78 45 39 32 15 13 
85 441 436 431 389 377 343 292 284 271 269 261 260 258 243 242 238 234 233 212 188 187 171 170 164 147 139 120 118 114 94 87 71 0 
375 440 434 423 412 398 396 371 355 349 348 339 334 333 328 305 294 269 229 207 192 143 130 126 122 121 118 109 101 92 67 16 11 4 
172 449 440 423 402 398 392 370 364 333 310 300 298 281 278 275 268 266 252 244 243 197 179 171 144 114 76 63 41 36 31 30 15 4 
202 424 416 415 379 368 363 348 345 315 312 311 273 271 267 264 244 238 219 211 200 195 184 168 156 134 120 109 86 78 75 65 53 17 
57 448 418 410 404 396 392 391 384 383 380 370 309 299 293 286 279 264 261 245 203 200 190 166 159 144 128 114 113 110 95 61 46 17 
10 404 403 317 299 277 274 273 272 259 253 228 225 217 201 193 191 179 178 169 152 150 118 116 111 97 77 74 71 60 43 21 3 2 
228 435 434 430 382 360 344 330 277 274 254 251 214 199 193 191 173 164 157 152 150 146 144 132 111 96 95 86 77 74 73 37 31 10 
367 445 424 420 401 393 380 319 303 296 281 270 265 225 218 213 165 164 159 152 141 135 123 96 76 73 72 71 64 44 43 34 33 2 
148 426 425 402 399 385 376 362 355 347 321 293 284 254 242 219 218 215 209 201 165 157 137 129 119 79 70 48 42 40 39 36 31 26 
94 441 431 398 384 293 292 282 271 270 269 253 243 242 238 220 200 188 186 180 170 147 137 131 114 106 104 90 85 68 52 48 0 
169 420 397 365 351 341 330 326 281 263 262 243 240 237 217 190 182 179 150 142 138 123 116 74 61 60 43 24 21 13 10 3 2 
355 412 389 381 375 358 348 334 305 294 284 269 223 207 201 167 165 157 148 143 137 126 118 111 92 79 59 48 26 21 16 11 2 
150 449 400 373 365 351 348 336 289 281 277 274 263 262 237 228 193 191 190 182 179 169 138 111 82 77 74 64 61 49 24 13 10 
110 448 404 396 394 392 387 384 370 368 341 330 322 316 279 264 257 226 224 220 218 183 177 163 159 136 132 128 113 57 46 23 6 
258 440 436 412 386 377 357 343 295 284 281 263 261 260 259 246 234 233 211 194 187 182 139 120 114 104 87 85 82 71 45 30 13 
11 443 415 412 392 375 358 355 348 334 322 305 294 270 269 232 214 207 198 171 144 143 134 126 121 118 117 95 92 52 45 30 16 
104 428 400 398 384 378 327 310 305 287 286 282 276 268 258 253 236 232 220 210 200 186 180 174 153 137 131 130 124 106 94 52 48 
147 441 440 431 407 391 368 354 335 299 292 278 271 269 243 242 238 190 188 174 170 166 114 103 99 94 85 81 46 35 9 8 0 
278 436 433 421 419 396 372 370 364 357 339 300 298 275 267 260 252 243 197 179 174 172 147 144 125 79 76 42 41 36 32 27 
430 441 435 416 374 372 368 366 354 351 287 275 269 261 257 254 244 228 210 199 187 163 157 153 152 149 146 96 73 13 6 1 
217 446 445 440 405 366 363 326 323 312 300 283 234 221 182 169 164 144 132 124 116 98 95 74 60 43 34 31 21 10 3 2 
89 437 418 417 351 317 308 306 297 295 286 244 243 241 208 205 193 182 156 140 126 123 120 86 84 80 38 25 22 18 17 9 
159 432 403 393 387 380 367 298 284 283 272 246 241 237 225 218 200 178 175 128 110 83 76 72 71 61 57 53 46 34 23 20 
330 394 384 341 322 316 289 274 262 257 251 228 224 220 218 183 177 173 169 163 161 157 144 142 138 132 123 110 95 64 31 6 
186 445 435 416 398 384 335 325 282 277 253 238 227 220 205 200 184 180 137 136 131 117 106 104 100 99 94 68 52 48 14 
283 445 422 414 407 389 366 323 312 304 303 300 265 255 221 217 197 191 182 175 164 159 156 144 141 124 95 44 31 22 3 
387 412 383 379 369 365 336 332 321 293 264 241 230 223 203 189 168 159 136 116 113 110 77 70 55 45 29 23 20 14 13 
138 409 396 365 359 351 330 289 281 277 269 263 262 255 238 237 199 190 182 179 169 161 150 145 122 101 61 37 24 13 0 
197 416 389 373 370 364 300 298 292 283 278 275 269 261 252 243 208 195 193 179 175 172 156 144 118 109 103 76 41 36 28 
153 430 428 416 399 397 374 372 368 354 351 342 311 305 292 284 275 257 244 210 199 196 187 154 135 104 86 75 73 14 1 
155 443 436 409 405 403 401 370 338 327 318 306 239 237 227 219 216 166 145 131 114 99 97 88 76 75 74 62 52 34 3 
419 438 437 433 428 425 423 421 396 388 370 357 324 318 302 300 278 276 221 213 207 205 174 125 124 121 115 111 37 32 13 
224 408 400 394 392 384 341 330 322 316 312 303 268 257 220 218 183 177 163 151 143 116 110 78 64 60 51 40 37 20 6 
41 442 437 427 420 388 385 370 364 314 300 298 289 278 275 262 252 247 243 231 197 195 183 179 172 144 82 78 76 36 19 
296 424 408 369 368 367 365 358 329 319 277 270 260 252 237 199 198 165 154 130 123 111 97 83 76 62 61 45 33 9 7 
336 449 448 437 422 412 400 387 379 373 369 365 348 314 295 289 281 280 241 203 175 168 167 150 116 82 77 70 45 29 13 
14 435 433 416 387 378 335 332 325 321 277 238 230 223 216 189 186 184 153 152 145 137 136 117 99 68 55 48 33 23 
55 440 428 418 387 379 356 344 339 332 322 321 313 273 242 239 230 223 222 189 141 136 135 134 122 119 66 31 23 14 
332 426 387 360 329 321 319 282 275 266 249 230 223 216 189 136 133 130 119 113 111 96 67 63 55 43 40 23 14 1 
183 442 439 431 394 384 341 334 330 322 316 314 300 266 257 224 220 218 177 163 112 110 105 90 56 44 41 19 15 6 
7 411 401 368 364 358 329 317 312 300 296 288 260 252 198 160 154 130 129 118 111 76 62 56 53 46 45 44 9 5 
18 449 431 365 360 359 337 331 319 287 271 269 249 219 199 178 175 156 132 127 120 112 101 89 86 83 65 19 12 0 
301 441 440 437 432 428 425 388 356 342 329 323 318 310 252 242 238 233 220 215 204 162 129 114 109 95 83 52 15 6 
25 434 432 421 418 413 396 364 317 308 306 297 287 281 241 216 209 208 193 182 140 126 122 97 89 88 84 36 30 3 
64 445 420 401 392 384 367 330 312 303 268 240 224 221 198 164 152 151 150 143 127 123 116 96 73 60 51 40 37 20 
21 420 403 373 355 348 344 340 313 307 289 272 254 223 221 217 182 179 178 169 130 116 74 60 59 43 10 3 2 
407 426 416 411 391 374 373 334 327 320 309 306 299 283 271 248 201 195 190 188 170 147 103 81 70 33 22 13 9 
421 447 433 432 419 418 414 413 396 370 365 357 278 267 245 209 177 174 162 140 125 122 87 84 72 32 25 23 20 
255 410 409 402 393 376 371 343 340 308 304 303 283 281 265 247 201 199 191 189 182 152 141 138 101 44 37 29 22 
280 448 429 422 397 391 379 353 349 336 333 322 321 320 315 299 298 273 237 236 231 182 179 167 141 103 101 74 30 
196 447 428 413 399 393 360 342 338 328 311 305 292 266 247 214 209 205 200 199 189 153 137 128 87 81 75 72 69 
219 425 385 376 360 345 335 321 312 293 271 245 242 209 202 199 184 168 155 148 132 127 101 86 83 65 53 42 18 
276 428 425 419 392 378 327 324 318 305 302 300 287 286 268 236 232 221 220 210 207 205 174 124 121 107 104 37 13 
178 429 365 331 287 284 272 269 249 246 237 175 159 156 120 112 86 83 74 69 62 61 47 21 20 19 18 12 10 
293 425 399 395 387 385 384 380 376 333 321 282 274 242 219 209 195 184 181 166 162 148 146 94 67 57 42 4 
388 437 428 427 425 420 419 385 356 342 329 318 314 301 289 231 220 204 144 115 111 109 92 78 52 41 15 6 
424 442 435 415 368 367 353 345 311 296 267 264 263 238 211 202 200 165 161 156 143 134 90 78 75 33 17 3 
105 442 431 402 398 363 339 334 306 303 286 269 251 250 247 237 227 215 183 161 112 109 83 80 69 43 31 4 
2 403 367 366 355 340 313 303 281 265 254 223 217 179 169 141 135 133 116 74 60 59 44 43 34 21 10 3 
157 435 430 355 330 284 274 266 254 251 228 201 199 173 165 152 148 146 144 137 132 96 95 79 73 48 31 26 
417 418 413 365 363 322 304 295 286 264 249 244 218 185 156 131 128 123 120 89 86 80 75 61 38 22 17 9 
445 420 401 367 366 323 312 300 284 283 269 221 217 186 182 164 152 144 124 123 96 95 73 64 59 44 31 3 
405 443 440 403 401 379 318 311 306 259 239 237 234 227 221 217 166 155 154 145 132 131 114 98 52 34 31 3 
285 443 436 412 382 358 340 279 267 237 229 221 206 188 168 167 125 124 116 111 109 78 61 54 48 35 29 4 
354 440 433 430 416 391 374 372 368 351 350 275 257 244 210 208 193 188 187 153 147 136 80 73 27 8 1 
5 411 406 401 364 345 317 312 300 266 264 249 226 198 184 173 168 160 136 132 129 118 82 53 46 44 7 
316 447 444 398 394 384 378 364 357 341 335 330 322 300 267 257 230 224 221 220 218 183 177 163 127 110 6 
108 443 434 416 415 399 395 377 352 344 342 315 304 295 274 272 268 261 246 232 181 165 164 116 112 74 73 
98 449 440 437 405 372 363 360 356 351 331 322 310 298 279 252 234 221 217 214 140 132 84 34 31 20 3 
65 444 429 428 361 360 345 324 312 271 263 219 202 199 184 168 132 127 102 101 91 86 83 53 18 12 1 
423 448 446 419 413 404 399 397 375 371 334 314 312 311 295 292 287 256 199 180 172 156 109 67 44 35 15 
409 442 435 401 370 353 345 338 327 266 255 216 166 155 138 128 114 113 101 97 93 88 75 74 62 37 3 
173 416 345 330 315 288 274 266 251 249 241 237 228 184 168 157 144 132 117 112 95 82 54 46 31 20 5 
444 425 398 396 378 364 360 356 353 335 328 319 318 316 300 286 239 237 221 193 177 145 127 122 88 65 52 
87 436 421 413 377 343 323 305 284 264 261 260 258 234 233 211 200 196 189 187 143 139 120 91 85 71 53 
79 438 435 412 355 345 322 312 284 278 263 236 201 165 158 157 148 137 131 95 75 53 48 31 26 24 3 
194 440 386 378 366 362 357 328 295 279 263 259 258 252 246 211 205 190 188 182 114 82 76 45 35 33 13 
320 429 426 422 416 407 391 374 373 353 334 327 321 309 298 280 248 237 211 204 195 121 74 70 33 22 
101 448 409 397 375 360 349 333 307 280 271 255 231 219 199 167 138 132 127 83 74 65 45 37 30 18 
42 431 425 385 376 344 333 325 321 293 292 278 242 219 214 209 203 163 152 148 113 99 96 31 23 0 
141 385 379 367 322 315 304 303 299 283 281 280 273 265 255 236 191 182 135 103 55 44 43 34 22 2 
441 440 431 430 415 342 329 310 301 292 271 269 243 242 238 188 170 163 152 149 147 114 94 85 83 0 
403 443 405 347 318 306 249 239 237 231 227 179 166 160 159 155 149 145 131 114 107 52 34 21 10 2 
272 434 416 351 343 315 295 284 274 268 246 237 178 175 159 112 108 83 74 73 70 61 29 21 20 10 
302 428 425 419 396 373 324 318 314 300 291 276 269 250 221 207 205 175 171 149 124 121 103 66 37 13 
193 444 422 354 308 297 277 274 269 246 241 228 197 191 182 175 150 140 126 111 89 84 77 74 25 10 
433 421 419 396 377 370 357 356 354 289 278 265 257 240 231 216 174 164 152 145 142 125 123 47 32 14 
337 413 378 371 361 356 345 340 290 264 253 251 207 199 198 184 152 149 120 96 93 26 19 18 3 0 
30 448 434 397 364 349 333 287 281 280 258 244 231 187 172 167 139 101 97 88 74 36 25 11 3 
350 428 377 372 354 339 331 323 234 226 222 207 188 175 164 156 151 136 132 114 83 73 27 9 8 
369 412 408 387 379 365 336 296 277 241 237 203 199 168 165 116 103 95 83 77 70 61 45 29 13 
19 442 365 356 337 331 308 300 287 269 249 203 198 188 183 178 175 156 120 112 86 83 41 18 12 
93 442 427 409 345 337 329 322 319 266 259 251 239 234 225 207 161 149 97 80 71 59 53 16 0 
397 448 446 439 431 423 420 349 334 333 326 280 243 231 221 206 180 169 167 153 101 74 63 30 15 
81 447 407 393 360 338 328 310 305 299 271 266 247 214 209 205 196 190 188 170 147 137 103 69 9 
323 445 440 432 366 350 312 304 301 300 283 234 221 217 207 182 164 144 136 124 114 95 87 31 3 
72 421 399 398 395 393 380 367 305 254 250 225 218 216 196 181 174 159 128 88 76 71 62 38 34 
60 392 384 312 303 289 268 224 217 169 151 143 116 74 64 51 43 40 37 21 20 10 3 2 
149 441 430 403 396 373 356 347 345 340 337 318 302 253 250 231 213 198 184 163 160 152 96 93 
66 440 428 379 356 339 322 313 302 298 295 273 269 222 212 175 135 122 119 103 59 55 32 31 
84 432 421 418 413 396 372 331 313 308 297 241 230 209 208 193 182 140 126 122 98 89 88 25 
309 426 416 410 407 391 383 374 373 334 327 320 286 248 230 195 188 136 70 57 33 27 22 
92 412 388 375 366 355 348 344 334 305 298 294 269 246 208 207 143 126 118 40 36 16 11 
127 446 444 420 398 378 364 360 335 316 300 271 221 219 199 198 177 132 101 83 65 64 18 
270 443 439 415 392 367 358 319 296 232 214 199 198 171 144 134 123 121 117 95 94 26 11 
191 382 304 303 283 277 274 265 255 228 193 187 182 150 141 111 97 77 74 45 44 22 10 
324 428 425 419 318 302 300 276 268 263 245 221 207 205 163 124 121 65 58 37 13 12 1 
12 443 365 335 331 324 287 269 263 249 226 178 175 156 120 112 99 86 83 65 19 18 1 
307 446 438 420 373 348 347 344 326 319 289 265 231 223 221 206 182 180 130 101 78 44 21 
317 434 411 404 401 364 312 306 300 208 201 198 160 129 118 89 53 46 44 25 10 7 5 
170 441 431 407 339 299 292 271 269 243 242 238 190 188 181 147 114 103 94 85 81 9 0 
154 405 368 358 329 296 292 260 252 225 198 153 135 130 111 86 76 62 45 38 9 7 
362 418 402 399 366 351 328 279 252 238 218 215 205 194 188 148 119 76 40 36 35 31 
33 426 424 416 407 391 374 373 367 352 334 327 320 309 296 248 195 194 165 70 22 14 
125 443 433 421 419 412 396 370 357 285 279 278 237 174 168 136 124 116 69 61 54 32 
129 432 411 401 364 358 317 312 301 300 233 198 160 148 118 95 53 46 44 28 7 5 
382 436 416 360 358 340 311 285 267 228 214 206 191 188 167 111 86 54 48 35 29 4 
432 440 421 418 413 406 396 380 323 301 233 209 159 140 129 122 114 95 84 76 53 25 
288 416 402 399 389 376 360 315 305 299 274 241 218 214 173 117 112 86 54 29 20 7 
447 428 421 393 360 338 328 316 305 266 248 247 214 211 209 205 196 137 91 81 69 68 
385 437 434 427 425 420 388 376 321 314 293 289 242 231 219 209 148 141 78 51 42 41 
359 415 396 392 358 348 340 328 325 262 243 242 238 216 199 161 145 138 123 122 18 0 
222 440 428 379 356 350 339 338 322 313 273 271 158 151 135 122 119 114 66 55 31 
313 440 428 379 356 347 340 339 322 273 254 222 135 122 119 84 66 55 31 21 2 
229 412 375 357 353 338 285 213 211 200 195 187 176 116 113 86 78 39 22 15 8 
23 421 414 387 332 321 267 264 241 230 223 189 162 159 140 136 110 55 42 20 14 
341 435 412 394 384 330 322 316 257 232 224 220 218 183 177 169 163 142 123 110 6 
294 412 395 375 358 355 348 343 334 305 269 215 207 143 133 126 118 92 16 13 11 
63 439 397 360 332 319 282 275 266 249 223 221 216 180 172 119 113 67 40 29 1 
68 447 435 416 364 335 327 325 277 274 238 186 184 137 136 117 99 94 48 14 4 
213 419 402 398 367 311 247 229 210 195 189 151 149 146 142 140 124 86 22 15 4 
233 436 432 377 343 312 301 284 261 260 258 234 187 139 129 120 95 87 85 71 
380 432 393 384 367 293 264 256 225 218 166 159 76 72 71 57 54 53 39 34 
162 421 414 406 399 395 383 333 301 293 203 195 181 146 140 113 76 67 23 4 
404 448 423 396 392 370 358 317 287 279 261 201 198 190 118 113 110 57 46 10 
414 421 368 364 361 331 283 251 247 230 192 162 140 123 120 53 50 43 27 23 
240 433 412 377 370 356 333 289 265 257 231 176 169 164 163 142 123 74 64 36 
347 403 351 328 319 313 307 265 238 231 223 221 180 160 149 148 111 78 58 44 
56 442 439 435 420 373 366 352 315 304 262 209 195 183 182 115 90 48 7 
128 425 417 409 399 365 305 297 264 196 159 121 110 99 72 61 57 49 46 
133 426 384 342 332 329 294 275 263 254 227 181 130 114 111 107 70 24 2 
429 428 422 391 353 321 320 298 280 237 230 178 102 74 73 65 58 50 1 
290 413 378 361 337 325 279 264 257 251 239 207 199 192 163 54 6 1 0 
411 407 401 364 317 312 300 227 198 160 137 129 118 53 46 44 40 7 5 
230 429 414 387 332 321 316 309 223 204 189 188 136 84 55 46 27 23 14 
32 433 421 419 396 374 370 357 340 291 278 253 174 171 163 125 73 66 
386 442 440 357 295 263 262 259 258 246 211 194 182 165 114 82 45 13 
256 448 423 413 402 399 380 314 312 311 295 292 287 275 199 180 156 35 
361 414 413 395 378 368 337 297 290 264 251 207 199 117 65 50 27 0 
206 436 397 382 358 340 307 285 267 188 167 165 111 54 48 35 29 4 
394 420 384 341 338 330 322 316 257 224 220 218 183 177 163 110 6 
208 437 434 354 351 344 317 306 205 197 174 92 89 84 40 36 25 
248 447 426 416 407 391 374 373 334 327 320 309 207 195 70 33 22 
115 437 435 434 419 388 373 366 314 304 262 209 182 111 56 48 6 
106 410 398 384 282 253 220 200 186 180 137 131 104 94 80 52 48 
51 392 385 384 377 312 303 268 224 151 143 116 64 60 40 37 20 
139 436 377 343 284 281 261 260 258 234 233 187 120 87 85 71 30 
39 380 373 357 353 268 229 211 200 187 176 148 78 20 15 
349 448 397 383 375 333 300 280 231 210 167 158 101 74 30 
26 427 355 337 284 270 201 165 157 148 137 79 67 48 45 
422 429 426 391 353 336 321 320 298 283 280 237 193 118 74 
27 414 368 361 354 350 309 278 241 230 188 136 50 8 
408 369 365 314 296 277 237 224 199 165 83 61 52 37 
8 354 350 319 267 252 229 174 166 147 136 49 35 27 
400 449 434 426 373 348 336 289 281 224 150 104 82 77 
142 433 356 341 330 289 265 257 240 231 213 169 164 123 
439 442 397 383 270 221 183 180 90 63 56 53 0 
383 439 410 391 387 349 309 286 259 162 144 95 57 
226 372 350 335 282 263 234 188 110 102 99 12 5 
176 357 353 345 240 229 211 200 187 135 78 39 15 
59 445 438 355 298 223 212 190 175 93 66 21 2 
245 421 331 324 282 241 219 114 113 99 61 57 
185 417 376 363 322 304 286 249 218 144 131 75 
446 423 397 360 345 334 307 217 135 127 37 15 
49 420 378 352 315 281 150 128 113 45 8 
58 429 426 347 324 314 295 242 144 137 54 
90 442 439 424 319 236 214 183 94 56 
326 435 420 397 307 243 217 195 169 37 
389 355 288 283 265 197 175 156 85 48 
352 393 378 281 161 108 56 49 45 33 
438 435 419 412 307 236 82 79 59 
212 298 175 171 164 118 85 66 59 
102 429 428 226 158 121 65 1 
50 436 429 414 368 361 27 
291 374 340 302 163 130 32 
107 403 381 276 261 133 43 
47 448 433 358 306 178 
158 349 327 222 102 79 
381 377 355 340 107 17 
100 366 186 179 74 
91 447 395 87 65 
346 207 192 35 
406 432 162 5 
28 437 197 129 
390 116 
235 201 

