218 449 442 433 431 418 415 412 408 407 405 404 402 400 394 381 376 371 369 363 361 359 354 350 348 347 346 335 332 328 320 318 316 306 304 297 292 290 286 275 273 266 264 262 256 255 243 240 235 227 225 223 221 217 214 211 204 193 192 191 190 186 185 181 180 179 177 174 153 136 135 133 124 116 111 105 104 100 99 96 88 85 81 76 72 67 66 59 47 45 41 40 37 35 34 32 17 16 14 0 
48 437 430 403 400 394 390 389 387 386 383 382 381 377 376 375 374 373 370 369 355 350 346 343 340 338 335 334 330 325 323 304 302 296 293 291 289 284 282 281 277 275 265 262 261 257 255 249 244 241 236 223 222 220 219 207 204 203 194 191 190 177 165 163 161 160 157 156 155 150 144 139 136 128 118 117 107 105 104 91 79 71 64 57 52 46 42 37 31 30 29 23 14 11 9 6 5 4 1 
231 449 440 438 437 427 419 418 410 408 405 399 395 387 382 380 369 367 365 364 363 350 348 347 342 339 323 313 307 305 298 293 283 281 280 279 269 266 265 263 262 259 258 241 239 235 234 230 223 221 217 213 210 207 206 196 189 178 174 167 165 160 159 158 148 140 138 130 124 117 104 103 84 82 79 77 74 58 56 55 44 41 40 30 16 
97 445 444 441 436 434 425 422 418 415 413 407 403 401 387 383 380 373 370 366 357 349 306 305 300 299 296 293 286 285 282 279 274 273 256 254 250 239 227 225 223 222 219 207 201 189 183 167 165 159 158 155 151 139 137 136 134 119 113 111 110 105 103 93 88 83 81 79 75 74 71 69 59 57 55 50 42 25 19 16 4 3 2 1 
155 444 436 434 431 430 429 423 415 411 408 403 402 401 398 397 390 385 383 381 378 377 374 364 357 346 343 340 332 328 324 321 317 314 313 296 292 282 277 256 251 244 242 239 235 232 219 216 204 171 167 166 157 153 114 111 109 105 101 99 97 96 88 83 79 75 58 48 42 32 30 28 25 23 21 14 11 3 2 
347 449 444 438 427 418 410 408 405 399 387 380 371 369 367 365 364 363 351 342 336 329 323 313 310 307 305 304 293 290 281 265 264 263 262 259 258 255 241 239 235 231 230 223 221 218 217 213 210 207 196 189 181 174 165 159 158 153 148 140 130 126 124 117 111 104 84 79 72 67 65 58 56 44 40 30 26 16 14 
190 441 437 433 429 420 419 408 406 404 396 387 375 369 363 354 353 351 350 348 342 335 321 316 303 301 299 289 284 261 253 251 247 230 229 221 218 217 214 208 203 197 194 189 181 180 179 177 162 161 157 156 152 150 138 136 129 128 122 118 113 105 101 95 82 74 72 66 64 58 52 48 41 37 32 11 6 5 
369 449 448 437 433 430 412 408 405 400 398 387 381 365 364 363 351 348 347 343 340 333 328 326 314 307 302 291 289 286 275 272 269 263 259 258 257 254 243 241 231 223 221 218 217 212 203 194 190 185 172 171 167 150 141 136 130 118 117 116 115 104 103 101 95 76 72 52 48 45 41 37 34 30 17 11 6 5 
72 449 445 429 425 421 418 412 408 406 400 398 392 381 371 369 364 348 347 343 341 328 321 320 314 308 304 301 290 286 275 269 264 255 235 232 229 218 214 212 204 190 185 181 178 171 169 165 161 153 152 150 128 118 116 115 111 105 101 94 82 79 76 74 67 66 60 45 38 37 34 30 18 17 14 0 
343 449 445 436 431 430 425 406 398 390 389 384 381 377 374 371 369 357 355 351 346 341 340 321 301 296 292 282 277 272 269 267 266 257 252 244 243 232 225 220 209 205 204 202 196 185 171 168 155 154 153 152 141 135 126 110 109 105 95 94 83 82 72 67 65 51 49 48 32 24 23 20 18 8 6 0 
41 449 445 442 436 433 430 420 419 405 380 369 368 355 353 351 350 348 342 339 335 333 321 318 306 302 301 298 297 291 280 275 273 267 262 261 257 254 253 243 231 227 223 218 205 197 195 190 180 179 178 172 167 164 159 157 154 152 138 136 130 129 104 103 99 95 93 82 74 67 64 59 40 34 5 
355 448 439 437 436 427 423 422 412 406 397 391 389 384 382 381 375 364 361 360 351 348 343 342 341 334 333 320 319 309 287 284 283 270 266 263 258 257 252 234 233 225 216 196 191 177 168 164 147 135 133 128 120 117 111 110 99 98 91 87 82 80 68 67 65 59 52 49 48 41 34 11 8 
263 448 446 441 439 435 431 430 423 414 411 405 381 369 365 361 360 357 355 349 347 346 345 342 334 320 307 302 300 288 287 270 259 258 254 244 241 240 231 228 226 223 221 211 193 181 174 169 165 163 152 132 130 125 117 112 106 104 99 91 79 70 65 59 52 37 29 12 11 
437 416 414 412 405 403 401 391 388 387 385 382 369 368 361 355 351 350 341 339 336 320 314 309 298 295 289 284 282 275 273 269 258 249 231 230 226 225 209 208 206 203 202 199 198 194 190 160 154 150 147 138 136 133 132 118 111 110 98 75 52 48 39 34 28 11 7 6 5 
270 448 442 441 439 438 432 427 424 423 418 417 406 386 381 378 371 362 361 355 354 352 351 335 329 324 323 319 314 301 296 287 263 260 252 248 238 233 214 205 199 187 185 183 163 162 156 152 149 145 117 114 106 102 99 76 70 65 59 52 46 40 26 23 17 14 11 8 
262 445 436 410 408 405 403 394 389 386 383 380 368 347 340 338 332 320 318 313 298 293 282 281 275 267 266 265 261 257 249 240 231 218 213 211 204 197 177 165 163 161 160 159 154 150 144 136 133 117 107 105 96 85 84 79 59 56 48 44 42 41 31 29 6 5 4 1 
11 448 445 444 439 437 430 423 415 402 398 387 381 378 375 370 369 364 361 355 353 350 332 323 322 313 304 289 287 284 273 270 263 256 255 244 241 232 223 216 207 203 194 190 156 155 153 150 136 133 121 118 117 107 99 96 95 65 59 52 48 30 29 24 14 9 6 5 
438 446 444 440 432 427 424 419 415 412 394 372 362 360 356 351 347 346 329 319 316 313 310 307 296 283 282 281 280 274 270 267 266 260 240 239 238 234 233 231 226 222 214 206 203 202 187 176 175 162 150 149 135 114 113 98 82 77 76 70 68 65 59 46 40 26 23 10 
401 445 444 437 436 434 420 418 414 391 389 388 387 385 383 380 370 366 357 348 333 327 314 300 299 288 282 280 279 277 273 256 254 250 248 230 226 223 205 203 199 198 187 179 167 159 155 139 137 136 113 111 110 97 88 83 81 79 75 64 42 25 19 7 6 3 2 
207 445 439 424 418 413 403 378 370 362 361 360 352 350 347 346 330 328 323 311 306 305 304 303 296 285 260 255 250 248 241 233 231 227 223 220 210 194 165 161 156 143 140 136 133 124 114 107 104 97 93 84 75 69 65 59 53 52 49 48 44 22 21 16 11 9 4 
79 444 441 435 434 431 429 425 414 407 401 392 386 383 373 357 347 345 342 340 320 313 305 301 296 288 286 278 263 262 256 239 231 219 211 201 196 181 178 174 167 165 163 158 155 152 112 111 106 97 93 88 75 72 70 66 57 55 53 48 42 38 31 29 25 12 3 
282 438 437 430 416 415 414 412 403 401 390 389 388 385 381 377 374 363 360 356 346 343 314 296 293 277 275 274 269 265 262 261 249 244 239 230 226 225 214 204 203 202 199 198 183 161 160 155 134 120 113 107 106 105 97 94 90 75 71 55 48 23 7 6 4 1 
381 449 448 446 440 439 430 423 412 400 390 388 385 377 375 374 369 361 357 355 348 346 343 328 296 287 286 282 277 270 263 244 234 233 229 218 211 204 197 196 185 163 155 144 138 135 117 116 115 99 89 87 72 65 59 52 49 48 45 37 34 23 17 11 8 
30 444 430 415 408 402 400 399 398 387 382 378 376 369 368 367 364 353 347 338 332 322 314 313 305 293 281 275 273 256 254 244 239 235 232 231 228 222 216 213 212 191 171 155 148 139 136 124 121 118 117 115 104 101 76 72 70 48 37 29 27 19 16 14 11 
136 442 437 418 405 401 394 387 383 382 370 369 368 338 335 315 306 300 299 297 289 281 273 262 259 257 254 244 230 228 227 223 218 207 203 194 191 190 163 160 159 150 144 139 137 118 117 113 110 104 99 97 81 70 52 48 41 40 34 30 29 27 11 6 5 
34 449 443 442 437 412 407 405 402 400 391 381 376 369 361 355 354 348 341 338 335 328 323 320 309 306 297 292 286 284 275 273 258 256 243 227 225 223 218 203 193 191 186 185 179 174 147 136 135 133 116 111 104 100 99 98 88 81 72 47 45 41 40 35 17 
335 444 442 441 433 429 417 406 405 396 388 375 373 363 352 344 330 324 323 316 306 302 297 291 277 273 270 235 229 227 223 220 219 218 217 214 190 179 163 162 161 152 136 128 122 114 113 108 104 101 99 92 81 71 64 58 57 48 47 46 41 40 34 21 
185 449 431 424 418 417 412 400 396 386 381 378 377 375 369 357 354 352 348 343 328 308 300 297 286 270 267 249 248 229 225 218 209 205 202 199 196 168 163 156 154 145 144 141 139 133 128 116 106 102 73 72 51 45 34 32 24 23 17 16 14 8 2 0 
257 449 433 432 430 406 394 389 384 371 369 364 355 354 351 350 343 338 336 333 323 316 309 300 290 281 275 266 262 254 253 252 243 220 204 181 172 168 163 160 150 144 140 136 135 126 117 111 110 87 82 68 67 65 60 49 48 41 39 29 20 8 6 5 
418 426 424 401 387 386 378 371 370 362 354 352 347 323 305 304 300 299 290 273 270 265 264 255 248 246 242 241 235 231 228 218 210 207 185 181 174 164 159 157 156 153 145 140 139 137 136 125 124 122 113 111 110 106 102 97 84 81 72 69 67 51 17 14 
351 449 444 438 437 433 432 430 427 415 406 389 384 369 364 362 355 347 343 333 329 319 313 310 309 300 290 283 275 270 266 260 257 254 253 252 251 238 234 233 190 181 172 168 167 157 149 140 138 135 114 110 85 82 77 76 70 68 65 49 41 39 26 8 
223 449 442 436 405 401 380 370 369 366 365 363 357 350 347 335 332 323 307 306 304 300 297 290 279 273 263 259 258 255 254 250 241 231 230 227 221 218 217 207 200 194 189 156 136 130 117 107 104 99 97 96 83 81 52 48 41 40 34 19 11 9 3 2 
165 432 429 428 425 424 409 407 398 392 386 383 373 362 347 346 342 340 328 327 320 313 305 304 301 296 286 263 262 260 248 239 233 231 226 219 207 201 196 192 184 178 174 158 143 106 97 93 79 72 66 61 57 55 48 42 38 31 29 21 16 12 9 
82 449 444 438 426 419 406 400 394 389 386 385 384 379 372 355 351 350 348 346 343 339 284 281 280 266 258 257 252 245 241 231 229 220 209 194 190 188 181 178 175 168 167 161 150 135 128 110 105 104 98 88 78 74 72 62 56 49 45 41 27 10 8 
59 448 446 445 439 438 436 423 413 405 403 394 381 380 368 361 355 332 320 318 316 307 306 305 298 296 287 285 270 267 266 263 262 261 240 227 218 213 211 207 204 203 198 197 177 175 159 154 133 131 117 99 97 96 93 85 69 65 52 41 16 11 4 
204 449 445 436 431 430 426 425 398 394 390 381 377 374 371 357 346 343 341 340 332 321 320 318 301 296 292 282 277 269 266 262 257 244 243 240 232 220 218 211 177 171 155 153 152 133 109 105 96 94 85 83 72 67 65 59 48 32 23 18 13 6 0 
449 444 426 412 400 381 379 371 369 363 351 348 347 343 328 310 302 291 286 283 281 277 260 257 251 245 243 241 234 231 230 223 221 220 218 217 204 189 188 185 172 157 138 130 116 103 88 82 77 72 71 67 65 62 45 41 40 34 27 18 17 6 5 
346 438 431 430 424 419 415 394 390 381 379 377 374 372 363 362 359 353 343 334 328 315 308 300 297 296 282 281 277 275 263 260 248 244 240 218 217 210 207 204 195 192 169 165 155 150 139 128 124 117 105 102 98 83 82 48 23 21 19 12 10 9 
388 446 440 437 426 422 414 401 395 385 381 352 344 335 327 324 323 317 314 290 285 282 276 271 235 234 233 230 226 214 212 211 203 200 199 198 197 186 171 170 161 144 138 135 108 95 92 91 90 89 87 75 68 54 49 37 36 21 7 6 4 
273 442 441 437 430 422 418 416 415 405 403 401 387 370 353 340 339 336 335 332 322 306 300 299 297 296 295 244 236 227 223 218 217 209 202 201 189 170 159 139 137 136 121 119 117 113 110 104 103 99 97 81 50 41 40 39 34 30 29 28 11 
364 444 432 422 415 408 402 399 398 397 387 378 369 367 355 351 347 342 341 333 332 314 313 305 300 293 290 283 281 275 257 256 253 239 235 234 232 231 216 213 212 196 181 171 164 155 148 120 118 115 101 80 76 72 68 39 37 30 16 14 11 
111 444 437 434 433 422 418 412 401 394 391 383 373 371 355 354 350 347 341 332 323 320 316 309 304 290 284 264 258 257 256 255 245 242 235 225 219 218 181 167 155 153 152 147 133 98 97 88 87 79 77 75 72 67 60 42 34 25 14 3 
65 449 448 444 442 439 438 434 429 427 423 396 392 390 386 381 371 361 360 355 351 347 343 339 329 324 313 310 291 287 271 270 268 263 257 243 220 219 207 204 181 156 139 133 117 114 107 99 91 67 59 53 52 42 26 25 11 8 6 3 
179 429 420 406 402 401 396 391 375 370 368 363 353 348 342 335 327 321 301 292 280 277 256 253 248 244 243 229 218 217 191 190 187 186 176 174 162 157 152 147 138 135 129 123 122 120 113 101 100 95 88 64 58 47 46 41 35 34 18 
408 433 430 410 404 398 385 382 369 364 356 354 350 347 324 321 317 316 314 313 275 265 264 262 251 242 231 224 221 218 214 212 208 206 190 180 177 171 157 155 134 130 118 115 101 85 84 81 76 72 66 58 56 44 37 32 30 26 5 
37 446 440 439 433 431 430 411 408 404 398 388 385 381 369 364 360 354 350 326 318 316 314 302 275 263 254 234 233 228 226 221 218 214 212 211 197 193 190 180 177 174 171 138 135 125 118 115 101 89 87 76 72 66 49 48 32 30 12 
296 445 441 438 430 425 424 422 415 413 407 403 390 383 381 377 374 373 367 346 343 329 306 305 286 285 282 277 273 270 244 239 227 219 207 204 201 189 187 165 162 155 119 103 97 93 79 76 69 60 59 57 55 50 48 40 23 16 4 
348 449 444 436 427 426 420 412 401 400 391 381 379 369 360 355 350 339 328 327 319 286 281 280 266 248 245 241 233 231 229 220 218 202 190 188 187 185 181 179 178 167 164 161 128 116 105 88 87 82 74 72 64 62 45 41 34 27 17 
104 442 405 400 382 378 376 373 369 365 352 347 338 335 330 310 307 306 302 297 291 277 273 263 259 258 241 233 231 227 223 222 221 220 219 218 207 191 161 139 136 130 128 117 99 82 71 64 57 56 49 48 46 41 40 34 33 30 7 
6 449 448 437 414 401 394 388 387 385 371 369 363 343 340 338 326 325 314 289 282 281 269 262 257 243 230 226 220 217 204 203 199 198 194 193 190 167 163 160 150 144 140 136 118 117 95 84 77 75 67 65 52 48 29 11 7 5 
275 441 437 436 433 430 408 407 405 403 398 389 369 368 364 361 354 351 346 336 333 314 297 293 282 271 265 264 262 261 257 254 249 225 218 212 193 172 171 161 154 152 132 118 115 107 105 101 81 76 72 48 41 37 34 30 4 1 
300 436 432 418 401 387 380 370 366 364 361 357 351 349 346 311 308 301 299 298 297 290 279 273 263 257 254 253 250 249 244 223 221 185 181 159 143 141 139 137 136 133 128 113 110 97 95 92 91 83 81 68 39 24 19 16 3 2 
445 436 425 413 405 403 401 398 389 380 368 343 341 332 321 318 306 305 301 298 296 292 288 285 284 269 267 262 261 232 227 207 206 204 197 186 159 154 153 152 133 97 96 95 94 93 72 69 59 52 41 24 18 16 11 7 4 0 
380 445 436 428 424 405 401 384 379 368 366 357 347 337 327 318 300 298 279 269 267 264 262 261 256 254 250 231 223 212 208 197 171 166 159 154 152 97 96 90 85 83 76 73 59 58 57 54 45 41 39 26 23 19 18 17 3 2 
386 442 441 434 424 418 415 406 396 392 390 385 383 378 354 352 344 340 339 333 324 319 314 285 271 270 268 262 260 252 248 209 205 185 183 178 172 168 165 156 145 139 106 102 82 79 65 62 48 42 31 29 25 17 14 8 3 
305 445 418 414 413 403 399 387 383 376 367 364 362 358 347 342 323 313 312 306 302 296 294 293 285 281 272 246 242 239 235 231 227 213 210 207 201 196 174 169 165 158 150 148 124 97 93 79 69 66 59 58 42 30 16 13 4 
415 444 441 438 431 422 412 402 398 386 378 364 363 360 359 356 351 346 344 339 333 332 313 296 282 273 261 260 256 239 236 232 226 218 217 216 214 198 192 189 178 172 171 155 134 124 119 113 105 103 97 81 62 50 30 14 11 
396 443 442 434 429 417 406 392 390 386 375 370 363 335 327 324 309 308 286 271 268 265 250 249 245 229 217 214 212 199 190 185 179 169 166 163 162 158 151 150 145 139 132 122 113 101 73 65 58 50 42 32 28 25 8 3 0 
117 448 439 430 428 423 405 394 381 369 365 361 355 353 347 346 338 334 322 307 287 281 273 270 263 262 259 258 257 248 244 241 240 231 223 221 195 169 163 160 150 144 136 130 121 104 99 65 59 52 48 30 29 11 6 5 
138 449 446 440 437 420 388 385 382 381 370 368 353 351 350 342 339 321 310 301 298 283 277 269 260 253 251 244 234 233 231 211 206 197 190 179 176 160 157 152 147 135 129 120 95 89 87 77 71 64 52 49 46 41 40 37 
152 445 441 433 431 425 420 417 414 398 380 357 353 345 343 342 341 335 324 323 321 320 301 288 275 270 269 264 263 253 232 214 211 204 190 179 163 159 157 138 129 112 111 96 95 94 79 73 72 70 64 46 41 29 18 0 
52 448 445 439 437 423 387 381 370 369 361 355 350 332 325 323 318 304 289 287 284 270 263 255 241 236 223 207 203 194 190 175 156 153 150 138 136 133 131 118 117 116 107 99 96 95 65 59 48 24 14 11 9 6 5 
171 436 431 428 415 408 398 392 388 380 379 374 369 364 357 343 340 337 327 323 314 302 292 290 275 269 264 214 212 208 205 204 166 155 153 122 118 115 109 105 101 91 90 87 85 83 76 72 54 45 37 32 30 26 18 
323 441 433 418 417 414 394 388 376 370 354 350 347 335 324 316 312 305 304 290 270 257 255 242 241 231 223 214 212 210 207 201 194 192 171 163 156 152 140 124 111 107 91 90 87 84 60 58 54 52 48 46 34 11 9 
332 445 444 441 429 426 415 410 403 402 398 394 378 364 340 339 322 320 318 313 284 279 273 266 262 256 240 236 232 223 218 216 211 204 201 200 177 174 170 155 153 133 111 96 95 85 59 52 43 35 30 29 24 14 11 
403 445 437 429 423 413 410 405 397 389 368 361 340 339 336 332 322 306 305 296 293 285 282 275 273 265 262 261 249 239 236 235 227 207 201 170 161 155 154 132 107 105 101 97 96 93 69 59 48 29 21 16 4 2 1 
150 438 437 419 399 396 394 387 383 376 372 369 358 346 338 327 309 305 289 281 272 262 257 246 212 203 194 191 190 169 166 163 160 158 144 136 118 117 101 98 82 76 72 64 52 50 48 42 38 29 28 11 10 6 5 
361 448 439 437 424 423 407 405 403 395 381 368 360 355 354 336 311 308 303 300 297 287 278 275 270 263 250 249 225 218 207 193 184 156 154 143 133 132 117 114 107 99 81 75 65 59 53 52 44 34 27 22 19 11 
244 432 430 390 382 381 377 376 374 370 368 366 357 353 346 343 322 301 300 298 296 282 277 273 263 254 249 248 228 226 222 204 191 179 176 155 147 143 138 136 121 120 117 95 92 91 70 48 46 30 29 27 23 11 
105 436 431 415 403 389 374 370 363 359 357 349 348 346 343 340 334 293 292 282 275 265 262 261 249 229 222 218 217 204 192 190 181 171 161 158 155 153 151 128 124 109 107 97 83 82 74 72 71 48 32 4 3 1 
370 418 416 401 396 387 382 368 350 349 323 304 300 299 277 273 255 244 241 228 223 222 207 206 194 187 179 176 159 158 156 151 147 139 138 137 136 126 120 113 110 107 105 97 81 74 71 63 52 48 46 11 9 3 
133 445 439 437 426 412 394 391 384 361 360 355 341 332 320 318 309 300 297 284 266 262 258 240 227 225 218 211 207 204 185 177 156 153 147 141 139 128 114 111 107 98 96 95 85 65 59 53 52 34 24 16 11 2 
430 446 441 439 433 411 408 390 381 377 374 369 360 356 353 351 346 343 333 322 302 296 282 277 276 275 273 269 263 257 254 244 228 226 204 193 174 172 157 155 149 134 125 121 117 96 48 41 37 30 29 23 12 11 
436 445 431 427 405 401 380 374 368 366 360 357 355 348 343 340 330 319 318 300 298 292 279 275 267 266 262 261 254 250 233 223 204 197 192 171 164 159 155 154 153 109 105 97 87 83 59 49 41 32 19 8 3 2 
226 446 439 438 437 430 416 415 414 412 411 401 398 388 385 363 360 356 314 302 293 282 269 263 254 244 239 230 228 214 203 202 199 198 193 192 184 174 165 160 125 120 113 110 102 94 90 75 37 23 12 7 6 5 
269 448 445 437 430 428 425 416 398 382 380 379 369 363 350 343 341 340 339 337 327 326 321 301 298 293 282 264 232 231 226 217 212 208 206 204 202 175 171 167 166 160 152 138 95 94 90 85 72 45 26 18 6 0 
135 446 440 438 406 402 389 388 385 384 381 379 356 355 351 343 329 310 307 292 274 266 259 257 256 252 243 234 233 222 218 211 197 191 186 179 176 174 168 138 110 100 89 88 87 82 68 49 47 46 37 35 34 8 
241 449 444 426 418 405 387 379 378 370 369 365 352 350 348 347 330 323 307 304 281 263 259 258 255 245 233 231 223 221 220 210 207 194 188 161 156 140 130 124 117 107 104 88 84 82 62 52 49 48 45 27 11 9 
431 441 436 415 414 389 382 377 374 363 359 357 346 345 343 340 320 292 288 267 263 225 218 217 211 209 205 204 202 196 192 185 171 168 163 155 154 153 152 124 112 109 105 85 83 79 70 51 37 32 29 24 23 
281 449 444 438 426 419 399 394 387 379 372 367 364 352 348 347 346 338 305 293 277 262 257 255 245 241 239 235 231 220 213 188 163 160 150 148 144 136 117 98 88 82 62 48 45 30 29 27 16 10 7 6 5 
301 445 432 429 425 420 398 392 390 366 353 343 342 341 321 320 319 300 298 270 269 253 252 249 244 232 204 190 179 178 169 165 162 157 152 143 139 138 129 113 95 94 92 79 72 66 64 60 41 38 18 8 0 
350 437 433 408 406 404 394 382 370 354 348 339 323 316 304 298 280 269 257 255 241 231 223 221 218 214 207 206 194 190 180 178 177 167 160 156 138 114 111 107 87 82 74 66 61 60 52 48 41 37 32 11 9 
444 449 438 434 433 427 426 425 415 402 401 398 383 379 378 364 351 348 347 335 332 329 313 310 281 256 245 241 232 220 216 188 167 155 111 97 88 82 81 79 75 65 62 47 45 42 30 27 26 25 14 11 3 
76 438 432 427 424 423 412 408 398 380 369 364 362 356 351 342 329 319 314 310 296 275 270 260 252 238 233 224 218 214 212 187 171 169 162 150 149 118 115 114 101 72 70 68 40 38 37 30 26 23 15 4 0 
220 449 444 426 379 378 373 371 352 348 344 343 341 337 335 330 329 302 291 288 281 277 276 257 245 243 241 233 219 217 207 204 188 161 146 128 119 104 93 88 82 71 67 65 64 62 57 49 48 46 45 27 6 
214 443 441 438 433 417 415 412 408 404 396 388 360 356 354 350 335 324 323 316 297 290 282 270 245 239 226 221 218 212 190 180 177 171 163 152 151 132 113 98 91 90 87 76 72 66 54 46 37 32 16 0 
174 446 439 433 430 418 411 402 395 371 360 347 342 332 313 305 302 292 287 276 265 263 256 254 243 231 228 226 218 216 215 196 193 191 186 179 165 164 158 157 135 125 122 100 88 79 51 47 37 35 34 12 
342 435 423 422 421 420 412 406 397 364 356 355 353 347 341 333 321 313 310 305 301 283 263 253 248 234 231 224 216 196 190 181 179 174 173 165 164 158 157 152 138 129 120 95 80 79 76 68 64 41 15 4 
211 447 446 441 440 431 420 414 411 394 388 385 381 357 345 332 320 318 317 298 288 266 263 262 240 234 233 218 215 204 197 177 169 163 152 138 135 133 112 96 95 89 87 85 79 70 69 59 49 38 37 29 
266 440 438 436 427 423 419 406 394 389 384 360 355 352 351 348 345 343 332 320 319 318 283 280 262 257 252 240 234 233 231 218 211 204 177 172 168 164 149 135 133 110 96 87 85 82 77 70 59 49 15 8 
314 442 437 423 414 412 408 406 401 398 388 386 385 369 364 324 321 319 303 295 282 275 270 252 251 242 230 226 212 205 203 199 198 183 171 157 155 118 116 115 101 78 76 75 72 58 56 37 30 8 7 6 
320 441 437 431 429 426 414 412 394 392 391 357 355 345 341 332 318 309 301 288 284 266 263 262 258 240 225 218 211 204 178 177 165 163 152 147 133 121 112 111 98 96 85 84 79 72 70 66 59 38 34 29 
212 428 408 398 396 395 388 380 379 369 364 337 327 323 314 309 298 291 290 285 276 275 271 269 264 214 208 171 169 166 158 150 118 115 101 91 90 87 85 76 72 68 66 54 50 45 37 30 28 26 18 4 
95 448 445 432 420 391 388 369 366 363 353 343 342 340 332 326 321 317 301 300 298 284 272 269 253 249 244 217 211 190 186 179 167 157 153 152 144 143 141 138 133 129 96 92 64 52 41 31 24 11 6 
3 444 442 436 434 401 396 392 390 386 383 380 370 366 357 349 344 341 324 322 300 280 279 271 268 256 254 250 223 222 167 164 158 155 151 139 111 105 97 88 83 79 75 74 71 65 42 25 19 8 2 
341 445 437 425 422 412 398 397 391 364 355 343 342 333 329 322 321 320 309 301 284 283 280 269 258 234 232 225 220 217 216 204 196 164 152 147 142 133 120 111 98 94 93 80 74 72 68 34 18 3 0 
139 442 434 418 401 400 396 392 390 387 386 382 376 370 346 338 324 301 300 299 297 273 271 268 222 210 191 185 162 159 141 137 136 133 128 120 113 110 104 97 81 65 48 42 30 25 24 16 8 3 2 
157 449 430 420 418 408 385 371 356 353 351 342 324 321 317 314 310 301 283 265 264 260 253 251 242 234 228 208 190 179 174 164 155 152 138 134 129 125 122 95 85 81 77 64 58 51 48 44 41 26 5 
357 441 436 431 414 401 381 380 377 375 374 366 353 345 343 340 320 300 292 288 279 263 254 250 244 229 223 211 204 196 185 171 163 155 153 152 144 112 109 105 97 91 83 79 70 32 29 19 8 3 2 
163 443 441 431 417 414 396 394 381 377 375 357 345 338 335 324 323 320 288 281 270 263 262 257 245 229 214 211 196 185 160 152 151 150 144 136 132 117 112 79 70 54 48 47 46 32 29 8 6 5 0 
261 445 436 424 415 405 404 403 389 380 377 368 318 303 298 293 287 282 275 267 265 262 260 251 249 247 230 208 197 190 189 166 161 159 154 107 105 90 85 59 58 57 54 48 41 23 17 9 4 1 
32 443 436 433 431 417 408 404 396 374 357 354 350 343 340 324 316 308 292 291 286 276 253 249 245 221 218 214 204 199 190 186 185 180 177 171 163 155 153 151 132 129 109 105 83 80 73 66 37 0 
363 449 448 442 431 429 416 415 406 396 375 369 359 347 346 340 335 326 322 293 282 269 231 230 229 226 223 221 218 217 202 192 190 189 179 167 162 160 124 122 113 105 101 95 94 90 89 58 40 6 
233 446 440 438 436 432 427 417 409 388 385 381 378 362 360 355 352 351 348 330 319 270 266 260 241 238 234 220 211 207 197 196 192 165 164 161 149 138 135 114 104 89 87 76 70 49 37 26 1 0 
68 447 446 438 432 423 422 412 397 395 388 364 356 355 351 342 341 333 329 327 310 307 300 290 285 283 276 274 271 257 253 234 224 222 216 212 196 181 164 135 120 102 94 80 76 54 46 39 15 4 
225 437 431 412 407 402 391 379 377 376 361 355 354 343 341 320 309 297 293 284 282 275 274 267 259 258 218 209 205 202 196 193 185 183 168 154 147 134 133 111 98 97 81 71 55 51 34 24 23 1 
256 444 434 415 402 401 398 383 380 378 364 334 332 313 312 299 292 248 243 232 222 218 216 195 191 187 186 179 174 168 167 155 135 132 111 100 97 88 79 75 56 47 42 35 34 30 25 14 11 3 
196 432 431 425 422 410 409 397 381 377 375 364 357 355 347 343 342 341 333 313 305 283 267 234 233 231 229 225 216 209 205 202 185 174 168 165 164 163 162 158 154 144 120 80 79 68 51 24 23 8 
394 446 438 433 420 419 372 354 350 346 338 332 323 320 318 316 307 281 267 266 262 257 240 218 211 204 203 177 175 163 160 150 144 136 133 117 111 98 96 87 85 82 60 59 48 29 10 6 5 
29 441 431 430 414 403 394 386 383 357 353 345 340 339 338 332 322 320 288 281 273 263 262 257 244 236 211 201 170 165 163 160 152 150 144 136 121 117 112 79 70 63 48 42 31 30 11 6 5 
88 449 444 434 426 402 401 395 392 383 379 348 292 291 287 281 276 264 256 245 243 241 220 218 191 188 186 179 174 167 155 135 111 110 100 97 84 82 79 75 62 47 45 42 35 34 27 25 3 
424 438 418 386 380 378 362 361 354 352 346 329 328 311 303 296 270 261 260 255 250 248 207 187 185 166 165 162 156 145 143 106 102 90 76 75 58 57 54 44 40 23 22 21 17 16 14 9 0 
324 443 442 441 434 417 408 396 392 390 388 386 385 352 344 335 323 321 314 291 271 270 268 251 245 242 235 214 163 161 157 155 152 151 139 132 108 92 65 58 46 43 42 32 25 21 8 3 0 
405 445 442 437 436 403 380 369 368 365 361 347 336 335 318 307 306 298 297 275 274 273 267 263 262 261 259 258 249 241 231 227 223 221 218 197 159 154 136 132 130 117 104 99 59 49 41 40 34 
340 448 436 431 403 386 383 374 369 366 363 357 343 339 332 326 322 292 291 276 273 269 262 236 232 217 204 201 198 171 170 167 165 155 153 116 109 105 95 83 79 48 44 42 32 31 29 6 
8 442 436 434 409 406 396 392 390 389 386 384 381 377 375 357 355 351 343 330 324 319 314 301 271 270 268 267 266 257 252 229 205 196 185 183 168 163 144 139 135 110 82 65 49 42 25 3 
412 449 438 437 423 415 400 391 381 369 360 356 355 348 342 341 328 320 314 310 309 295 286 284 282 258 239 226 225 224 218 214 185 147 133 116 113 111 98 78 76 72 68 45 34 17 15 4 
248 424 420 418 401 391 386 378 376 362 354 352 348 346 342 334 328 327 315 299 280 270 260 256 244 222 207 195 187 185 179 168 165 156 154 145 120 117 106 102 100 64 56 21 17 14 9 1 
441 433 431 430 422 417 415 414 386 357 345 344 339 335 333 332 324 323 320 296 288 275 273 270 264 263 260 242 214 211 205 190 189 178 172 163 152 119 112 103 97 85 79 70 62 50 46 29 
254 446 439 436 433 430 411 401 382 380 369 368 366 360 357 351 333 302 300 279 275 263 257 250 244 228 226 223 193 191 174 172 160 136 125 112 108 97 83 70 41 37 30 27 19 12 3 2 
239 438 429 425 423 415 412 407 403 399 397 387 383 373 367 364 360 356 347 318 305 296 293 286 282 281 235 231 226 219 214 213 201 165 155 148 145 113 101 97 93 79 57 55 30 21 16 2 
23 438 431 430 424 390 387 381 380 377 374 346 343 334 329 296 282 277 270 267 261 244 226 225 209 205 204 202 196 187 185 168 166 162 155 154 120 90 76 64 58 57 54 51 48 40 24 17 
234 449 446 440 438 427 426 422 419 397 392 388 385 381 364 355 351 342 341 333 310 291 283 280 268 266 260 251 233 231 216 211 197 196 170 164 157 138 135 120 89 87 80 77 68 49 37 
446 440 439 438 430 411 397 394 388 385 381 360 329 316 310 307 302 274 267 263 254 240 234 233 228 226 222 217 211 203 197 193 175 174 138 135 127 125 120 89 87 68 59 49 46 37 12 
387 437 418 401 399 383 370 369 367 364 347 315 305 300 299 293 289 281 273 259 241 239 235 231 213 203 194 190 159 150 148 139 137 136 118 113 110 97 81 52 48 30 23 16 11 6 5 
161 403 400 389 388 385 378 352 348 344 335 330 324 293 282 275 265 262 261 258 249 241 235 233 229 220 207 194 190 181 172 128 108 107 105 104 92 82 74 72 49 48 21 4 1 0 
191 402 400 382 376 375 368 355 338 334 329 310 292 284 256 254 244 243 228 222 218 198 187 186 179 177 174 160 150 139 136 135 128 112 108 104 100 91 88 70 48 47 35 34 30 27 
4 445 423 413 412 403 395 389 388 356 342 327 310 306 305 296 293 285 282 276 275 271 265 262 261 249 227 224 212 207 195 161 107 105 97 93 76 69 68 59 54 53 48 16 15 1 
197 446 445 440 436 405 404 388 385 381 380 368 318 303 298 267 262 261 260 251 247 234 233 230 211 208 200 193 190 189 159 154 138 135 125 89 87 69 59 54 51 49 41 37 36 9 
293 416 403 399 389 387 367 364 363 347 305 282 281 275 274 269 267 265 262 261 249 239 235 231 226 225 213 202 183 161 160 148 134 107 105 97 94 90 71 57 55 48 30 16 4 1 
260 449 441 438 432 427 424 415 392 386 362 351 346 344 339 333 328 319 310 291 283 270 268 261 251 248 238 234 233 208 207 197 178 172 165 157 149 138 114 77 76 70 62 26 21 9 
383 444 439 434 425 407 401 399 387 386 376 373 358 340 315 305 296 286 272 262 259 256 246 239 219 201 169 167 165 155 150 136 111 97 93 88 79 75 57 55 48 42 31 29 25 3 
14 444 424 418 415 402 398 386 378 371 364 354 352 347 332 325 313 304 290 270 264 258 256 255 248 236 235 232 218 216 185 181 156 155 153 145 111 106 102 72 67 52 48 30 17 11 
16 445 424 413 410 403 399 387 367 364 347 306 305 300 297 296 293 285 281 239 235 231 227 218 214 213 207 185 165 148 143 141 139 133 128 97 93 80 69 59 30 27 24 4 2 0 
70 441 438 432 431 427 423 414 382 368 362 357 351 345 320 319 288 270 266 263 260 254 246 244 238 233 228 211 191 187 176 172 163 156 152 149 136 114 112 79 76 66 30 29 27 26 
264 441 433 428 426 418 408 392 380 379 371 347 337 327 317 304 291 290 275 269 255 242 235 218 212 208 193 181 171 166 157 153 152 111 110 88 85 81 72 67 45 44 26 18 14 5 
177 433 420 411 408 404 398 394 382 375 355 354 350 334 332 320 318 317 316 298 284 266 262 240 221 218 215 214 211 204 191 190 180 169 133 128 96 91 85 69 66 59 48 38 37 32 
5 449 437 408 406 394 387 369 354 338 317 302 291 289 281 264 262 257 249 243 226 208 203 194 190 172 163 160 157 150 144 136 130 118 117 103 85 81 52 48 44 41 29 26 11 6 
58 429 424 414 408 406 396 385 380 376 375 363 347 335 324 323 321 314 312 305 261 251 242 231 229 217 210 201 190 179 166 162 159 157 155 137 124 122 113 101 90 69 57 54 23 17 
327 428 420 401 396 395 391 388 380 379 348 338 337 309 304 286 285 280 276 271 269 264 248 229 212 208 195 187 179 171 169 166 165 158 150 85 68 64 61 54 50 45 28 26 18 4 
46 446 441 438 417 402 373 370 368 335 330 329 324 323 312 310 307 302 291 277 274 270 244 240 222 220 219 214 179 176 163 152 147 138 135 128 125 120 110 104 71 68 64 57 48 
217 449 448 446 431 429 415 406 396 375 369 363 359 347 346 341 340 335 329 326 273 269 231 230 229 223 221 220 218 192 190 189 179 167 162 124 122 113 105 101 95 93 58 40 6 
110 437 418 416 406 401 392 389 387 384 370 358 355 351 343 336 300 299 295 291 273 266 264 257 252 226 209 202 168 159 139 137 136 135 113 97 88 82 81 51 49 46 39 28 8 
75 444 443 437 434 424 414 401 388 385 383 361 331 314 311 304 303 282 278 256 250 230 226 207 203 199 198 184 167 155 143 131 111 97 88 79 44 42 27 25 22 12 7 6 3 
0 445 443 439 425 424 417 398 396 343 341 324 321 319 308 301 297 286 269 249 245 233 232 218 214 204 199 192 188 185 163 161 152 151 147 132 94 76 73 72 61 32 18 16 1 
398 445 444 425 415 408 402 378 369 364 343 341 332 321 314 313 301 275 269 256 232 226 216 212 204 192 184 177 171 165 155 152 118 115 101 94 76 72 57 37 30 18 14 11 0 
128 382 375 373 355 348 346 335 334 330 319 302 300 297 291 284 277 240 229 220 219 210 191 190 185 181 177 161 141 139 133 105 104 91 82 74 72 71 64 57 48 46 24 16 2 
385 446 440 437 419 414 408 401 388 386 381 324 321 314 282 258 251 242 234 233 230 226 211 209 203 199 198 197 194 168 161 157 155 141 138 135 89 87 82 75 58 49 37 7 6 
354 433 424 418 408 407 404 394 386 378 361 352 350 323 316 297 275 270 257 248 225 221 218 214 193 190 185 180 177 156 145 111 106 102 87 81 66 60 37 34 32 17 14 5 
298 445 437 436 432 429 420 411 405 382 380 368 366 350 339 318 317 301 300 269 267 262 261 249 244 231 215 212 211 206 197 177 169 160 159 154 143 138 95 92 69 59 41 38 
235 429 423 418 403 399 397 388 387 371 367 364 352 347 344 335 324 305 304 293 290 281 264 255 239 231 218 213 181 161 155 153 148 111 108 101 92 72 67 30 21 16 14 2 
26 444 438 432 428 427 408 390 380 379 362 351 347 337 329 327 319 317 313 310 270 269 264 260 238 233 212 208 171 166 157 149 114 85 81 76 70 67 65 45 44 18 5 
160 437 416 411 394 382 363 350 339 338 311 303 298 293 282 281 269 262 257 254 231 226 206 202 191 163 150 149 144 141 138 136 117 112 108 94 90 48 44 29 22 6 5 
85 441 431 428 408 394 389 380 379 351 337 332 327 320 318 317 269 266 264 262 261 240 218 212 211 208 204 202 177 171 168 166 164 157 133 96 81 59 45 44 26 18 5 
87 446 440 436 433 427 421 413 394 388 385 381 375 360 355 354 350 348 323 319 316 290 266 257 234 233 214 212 211 197 171 164 138 135 111 109 91 90 89 60 54 49 37 
277 449 434 430 423 401 390 381 377 374 373 370 368 346 343 335 333 330 302 296 291 282 281 244 220 219 205 204 179 176 155 147 138 128 120 104 71 64 57 48 46 40 23 
302 449 446 439 430 411 373 369 360 335 330 305 294 291 277 263 254 243 228 226 220 219 193 174 172 171 130 128 125 104 103 71 66 64 57 51 48 46 41 37 13 12 5 
45 449 444 428 426 412 400 381 380 379 369 348 337 328 327 286 281 269 264 259 245 241 220 218 212 208 206 188 185 171 166 154 116 88 85 82 72 62 34 27 26 18 17 
378 444 424 418 415 402 398 386 374 364 354 352 332 330 313 310 284 270 256 248 241 233 232 220 216 207 185 176 175 161 156 155 145 106 104 102 56 49 30 17 14 11 7 
81 444 433 418 415 408 407 401 387 370 361 354 335 317 310 300 299 297 290 279 275 273 264 227 225 223 218 208 193 159 157 139 137 136 113 110 97 85 47 44 34 26 5 
249 437 432 417 405 403 396 389 368 366 365 361 336 308 301 300 298 293 286 282 275 265 262 261 244 199 185 161 154 143 132 107 105 95 92 73 48 32 5 4 1 0 
113 438 429 418 415 412 406 401 396 390 387 375 370 363 360 356 335 319 301 300 299 282 273 239 229 226 217 214 190 179 162 159 139 137 136 122 110 101 97 81 58 49 
423 448 439 429 419 412 403 397 381 361 356 355 342 314 310 287 277 270 266 263 239 235 224 172 155 149 117 101 99 76 70 68 67 65 59 52 44 21 15 11 4 2 
267 446 445 438 436 431 421 405 394 380 377 368 343 330 318 316 307 298 293 262 261 240 225 209 205 203 202 197 196 185 175 168 159 154 91 59 51 49 41 24 23 8 
203 446 438 437 414 401 394 388 387 385 379 369 316 315 314 307 289 282 267 240 230 226 199 198 194 190 181 175 162 150 136 118 75 59 57 52 48 34 11 7 6 5 
382 437 431 408 400 376 375 370 368 355 350 339 338 334 318 311 298 284 269 254 244 231 228 224 222 206 191 177 160 139 138 136 130 128 104 91 86 74 70 48 30 27 
57 425 424 407 398 391 383 380 373 335 330 308 302 296 293 291 286 277 261 240 239 220 219 203 201 166 165 128 104 97 93 90 79 71 64 58 55 54 48 46 23 17 
181 435 432 418 379 371 364 351 348 347 342 315 304 300 290 264 263 257 255 253 252 235 229 218 203 190 162 161 153 128 111 105 82 79 74 72 68 67 65 39 14 
406 442 432 429 396 389 386 384 375 363 355 351 350 343 342 335 319 314 270 266 257 252 229 217 205 190 183 179 168 162 135 122 113 110 101 82 72 58 49 8 5 
442 434 419 406 405 396 392 390 386 363 335 324 319 314 306 297 273 271 270 268 252 227 223 218 205 183 139 136 115 104 99 93 65 56 42 41 40 34 25 8 3 
49 446 440 436 406 405 389 388 385 384 381 378 355 352 351 343 338 330 267 266 257 252 241 234 233 220 211 207 197 168 161 138 135 113 110 104 89 87 82 37 8 
333 441 434 433 430 422 415 401 397 386 369 364 355 351 344 342 341 339 295 292 283 277 275 260 257 254 234 216 206 205 196 187 178 172 164 120 80 68 67 62 41 
154 445 437 436 431 405 403 380 377 368 361 343 336 318 315 298 275 267 262 261 249 248 225 209 205 202 197 196 185 168 159 143 132 102 59 51 45 41 24 23 1 
310 449 446 444 438 427 423 412 378 356 351 347 342 329 313 307 283 274 260 251 234 224 222 198 191 157 138 135 112 104 81 77 76 68 65 56 46 26 15 7 4 
429 423 410 406 403 397 396 392 375 363 335 332 320 301 298 239 235 230 229 217 190 179 178 165 162 155 140 122 113 101 96 79 73 72 66 65 58 38 21 2 
290 432 426 418 388 384 371 364 351 347 323 304 300 279 264 257 255 253 242 235 227 223 218 214 212 181 171 153 111 91 90 87 81 72 68 67 54 39 14 1 
313 444 438 427 415 410 408 402 398 378 364 351 347 342 332 329 310 305 265 262 256 232 231 216 196 174 165 158 155 84 79 65 56 44 35 30 26 14 11 2 
433 444 441 430 408 404 394 377 369 354 351 350 335 333 323 316 275 264 257 254 221 218 214 190 189 180 177 174 172 152 111 87 81 66 60 47 41 37 32 9 
64 420 401 391 373 353 348 342 335 330 327 321 302 301 291 280 277 253 248 240 220 219 190 187 179 157 152 150 143 138 129 128 104 95 71 57 48 46 41 23 
153 445 436 431 418 374 371 357 347 343 340 332 304 292 290 284 264 255 235 218 206 204 181 172 171 155 133 111 109 105 96 95 83 72 67 52 32 24 14 11 
360 446 439 438 436 430 427 415 412 411 361 356 355 348 319 302 282 266 263 254 239 233 228 226 214 207 193 174 164 156 133 125 114 113 107 87 65 53 37 12 
439 448 447 446 430 423 411 383 381 361 360 355 302 287 270 263 254 228 226 207 193 174 158 156 133 125 117 114 107 99 91 90 65 59 53 52 37 12 11 0 
101 429 423 408 406 403 398 397 396 375 369 364 363 335 314 307 275 255 239 235 229 217 212 190 179 171 162 155 150 122 118 115 113 76 72 58 37 30 21 2 
42 444 442 434 401 399 396 392 390 386 383 376 358 340 324 305 272 271 268 262 256 246 169 167 165 155 150 139 111 97 88 79 75 65 48 31 29 25 8 3 
156 439 424 418 386 378 377 370 361 360 354 352 350 323 304 295 270 255 248 241 223 207 194 190 185 145 133 114 107 106 102 70 65 53 52 48 17 14 11 9 
368 445 437 436 405 403 382 380 372 370 361 336 318 298 277 275 267 262 261 254 249 244 228 197 191 179 176 159 154 147 138 136 132 120 70 59 46 41 30 27 
168 431 406 389 386 385 384 377 355 351 343 334 299 267 266 257 256 252 248 225 222 209 205 202 196 195 187 185 154 135 110 100 85 82 56 51 49 24 23 8 
284 445 437 412 391 382 378 375 355 341 334 332 320 309 292 258 225 206 191 190 177 176 175 153 147 133 128 111 98 96 95 91 82 56 52 48 34 24 11 7 
71 449 373 370 367 349 335 330 303 302 293 291 282 277 274 225 222 220 219 183 158 151 145 138 134 128 105 104 97 74 64 57 55 48 46 40 7 3 1 
219 425 411 407 383 373 335 330 317 302 296 291 286 277 245 239 220 201 165 155 148 128 122 111 104 97 93 79 77 71 66 65 64 57 55 48 46 43 28 
208 437 428 410 408 404 380 379 366 337 327 317 303 269 264 261 260 251 247 246 230 212 197 190 189 171 166 157 140 92 85 84 81 45 44 26 18 9 5 
427 444 440 438 436 432 419 362 360 355 351 348 347 329 319 313 310 283 280 270 266 260 258 251 238 234 233 231 164 149 146 114 87 78 77 76 70 65 26 
258 437 427 412 405 400 391 385 369 365 355 347 341 320 309 307 284 263 259 241 231 225 223 221 194 187 175 161 147 133 130 117 111 104 98 82 56 34 14 
222 446 438 400 382 376 370 349 338 334 329 310 307 299 274 256 248 244 195 191 187 168 158 151 139 135 120 105 104 100 97 74 71 68 56 48 46 30 3 
291 449 392 373 369 340 335 330 324 302 277 268 264 260 253 243 234 220 219 212 172 130 129 128 122 110 104 103 88 80 71 65 64 57 48 46 41 32 5 
414 441 437 431 401 388 385 376 357 345 323 320 314 312 305 288 283 282 263 242 230 226 211 210 203 201 199 198 163 152 124 112 79 75 70 58 29 7 6 
304 443 435 428 418 371 370 350 347 345 331 327 323 290 264 255 241 235 223 218 207 194 181 165 156 153 111 107 98 75 72 67 61 52 48 14 12 11 9 
202 438 437 431 419 416 389 377 363 348 343 336 295 293 282 280 273 269 267 226 225 209 206 205 196 185 168 160 154 110 94 90 85 51 39 28 24 23 
96 445 430 429 410 403 394 380 332 328 320 318 284 279 266 262 242 240 223 218 211 204 200 177 159 155 153 152 133 99 95 85 73 62 59 52 24 11 
286 449 425 417 412 407 400 396 383 381 373 369 348 328 327 308 296 249 239 219 218 201 199 185 165 116 97 93 79 73 72 57 55 45 34 32 17 0 
232 445 444 425 415 402 398 378 364 343 341 340 332 321 313 301 288 269 256 236 216 204 198 155 152 134 116 115 108 94 89 72 44 30 18 14 11 0 
164 436 427 422 418 397 371 364 360 355 348 342 341 333 319 283 266 265 234 233 228 216 196 174 157 125 123 122 120 108 87 85 80 68 67 51 41 3 
375 429 421 413 406 396 382 381 377 371 363 357 355 335 334 284 229 217 196 191 190 185 179 177 163 162 144 128 122 113 109 101 91 87 58 48 11 8 
377 433 431 430 390 381 375 374 357 346 343 296 282 277 267 261 244 229 225 209 205 204 202 196 185 168 163 156 155 154 144 73 51 48 36 24 23 8 
292 445 436 434 431 416 402 374 357 343 340 333 295 284 256 243 218 206 204 191 186 179 174 171 155 153 135 109 105 100 88 86 83 63 47 35 34 32 
339 441 440 437 425 415 403 386 382 350 348 344 340 333 332 322 298 280 273 269 260 236 231 206 201 193 178 172 170 167 160 138 82 74 65 62 41 29 
297 442 407 405 361 354 346 335 308 306 300 275 273 227 225 223 218 214 210 193 185 141 139 136 133 128 104 99 81 41 40 34 24 19 16 2 0 
376 425 414 410 402 400 399 383 382 358 338 323 312 305 272 248 246 244 242 225 222 218 210 201 191 169 150 139 132 124 120 104 58 48 42 34 30 
167 448 444 434 401 383 369 363 358 351 350 348 340 339 336 326 280 269 256 231 217 178 155 126 111 97 95 88 82 79 75 74 42 41 25 6 3 
17 449 424 418 412 400 386 381 380 378 369 354 352 348 328 286 270 261 248 238 218 185 166 156 145 116 106 102 90 72 58 57 54 45 34 23 14 
379 449 444 428 426 380 348 346 337 327 315 281 269 264 245 241 225 220 212 208 203 188 181 171 166 162 135 88 85 83 82 62 45 27 26 18 12 
321 445 425 420 408 398 385 353 343 342 341 324 314 301 280 269 265 253 251 242 232 204 190 179 157 155 152 138 129 95 94 72 64 58 41 18 0 
389 445 431 406 403 401 384 355 351 343 293 288 282 275 266 265 262 261 257 252 249 202 168 161 135 110 107 105 85 82 63 49 48 8 7 4 1 
390 442 434 430 396 392 386 381 377 374 349 346 343 324 301 296 282 277 271 268 244 206 204 162 155 139 116 113 65 48 42 26 25 23 19 8 3 
432 438 427 421 413 409 406 366 364 362 351 319 301 300 298 290 270 260 257 253 249 244 238 233 196 181 165 149 143 114 95 92 76 70 68 39 26 
40 449 442 438 424 411 405 363 347 335 329 306 297 296 277 273 270 231 230 227 224 223 221 218 217 189 187 162 138 136 104 99 76 71 41 34 23 
352 424 418 388 386 378 354 344 335 330 324 288 281 270 266 248 241 235 233 220 207 185 161 156 145 108 106 104 102 92 49 33 21 18 17 14 
230 449 437 429 414 404 401 388 385 363 347 314 309 303 282 261 251 247 231 226 223 221 217 208 203 199 198 197 190 189 136 84 75 40 7 6 
319 442 438 436 432 427 406 386 362 360 355 351 348 314 301 270 266 260 252 238 233 205 192 183 164 149 128 114 113 87 76 70 26 8 1 0 
93 445 442 425 419 413 407 403 383 373 341 329 306 305 296 286 285 239 227 220 219 217 207 205 201 165 149 97 79 69 59 57 55 41 16 4 
18 449 445 428 425 398 380 379 359 352 343 341 337 327 321 301 269 264 236 232 212 208 204 179 171 166 152 127 115 94 89 85 72 45 26 0 
420 416 411 401 394 391 353 348 342 327 326 321 317 301 298 289 280 274 253 248 215 211 190 187 179 177 169 157 152 138 129 95 69 64 41 38 
221 449 433 408 405 404 369 365 363 354 350 347 316 307 300 263 259 258 241 231 230 223 218 217 214 190 189 180 177 130 117 104 66 40 37 32 
44 424 423 410 408 361 347 340 317 313 311 303 265 264 262 250 232 231 208 207 198 183 175 160 157 143 116 85 84 81 78 75 56 26 22 5 
187 438 424 420 416 401 391 370 348 334 333 329 327 299 296 280 270 258 256 248 222 195 191 179 176 168 162 149 100 76 70 64 63 56 40 23 
66 433 429 408 404 392 354 350 320 316 305 302 301 294 280 245 221 219 218 214 212 190 180 178 177 175 165 122 79 72 70 43 38 37 32 13 
159 445 436 418 405 401 387 380 370 368 347 318 300 299 298 273 267 262 261 231 197 154 152 139 137 136 113 110 97 96 81 73 59 58 41 20 
229 429 406 396 381 377 375 363 357 348 338 335 327 271 217 196 195 190 185 181 179 163 162 161 144 128 122 113 105 101 82 74 72 58 15 8 
201 425 414 407 403 383 376 373 340 339 332 323 322 312 305 296 286 273 242 239 236 219 210 170 165 130 124 115 97 93 79 58 57 55 29 
280 440 438 427 420 419 411 401 391 350 348 341 339 336 327 322 321 283 266 248 234 231 206 202 187 179 178 167 82 77 74 66 64 41 3 
265 418 411 410 408 403 396 389 371 347 321 313 293 282 275 262 261 249 231 228 174 164 161 157 125 122 107 105 84 56 51 48 44 4 1 
318 445 436 419 405 394 382 380 368 332 320 298 267 266 262 261 240 239 218 211 204 197 177 175 159 154 149 133 131 96 85 59 52 41 37 
169 420 411 399 396 383 376 358 346 327 317 309 305 301 298 272 263 246 240 215 212 211 177 166 158 150 117 76 72 69 60 50 42 38 28 
392 448 442 434 429 396 390 386 384 358 324 320 301 291 271 268 264 260 234 178 171 165 139 110 88 79 72 66 65 51 42 38 25 8 3 
243 449 402 397 371 369 359 343 302 292 291 257 256 220 218 204 191 186 179 174 172 135 130 103 100 89 88 67 65 47 41 35 34 6 5 
107 439 403 389 370 361 360 350 323 304 293 282 275 265 262 261 255 249 241 223 207 194 161 156 133 114 105 65 53 52 48 11 9 4 1 
166 428 424 417 396 380 379 337 327 309 269 264 261 237 212 208 171 169 158 155 150 147 90 85 58 57 54 50 45 35 28 26 23 18 17 
425 445 444 407 398 391 383 376 373 343 341 339 321 301 296 286 269 239 232 219 204 201 196 165 152 99 97 94 93 79 72 57 55 18 0 
228 446 439 434 430 418 411 382 371 370 368 360 344 302 265 263 254 244 226 206 193 191 174 164 157 136 125 122 74 70 51 37 30 27 12 
205 442 441 434 431 419 406 401 386 377 343 333 319 314 277 270 267 252 225 209 202 196 186 185 183 171 168 154 93 89 51 41 24 23 8 
307 446 438 419 405 394 369 365 347 329 316 310 274 267 263 259 258 241 240 231 223 222 221 206 203 175 135 130 117 104 101 68 59 46 10 
99 448 442 439 425 423 405 381 361 355 335 328 306 297 287 273 270 263 242 227 223 218 155 136 117 104 96 65 59 52 41 40 34 11 
193 446 439 430 422 411 407 361 360 354 339 302 297 275 264 263 254 228 226 225 218 197 174 140 125 84 81 77 69 51 37 34 12 6 
362 438 432 427 424 418 399 395 366 351 346 328 319 305 279 270 260 248 246 238 233 207 165 149 148 141 114 76 70 69 35 26 21 9 
2 436 429 423 403 401 397 380 366 357 313 300 297 279 254 250 239 235 223 185 155 141 139 133 128 126 101 97 83 24 21 19 16 3 
411 446 439 430 420 407 360 317 302 298 280 265 263 254 228 227 226 219 215 211 193 177 174 169 160 155 137 125 69 40 38 37 28 12 
434 444 442 401 396 392 390 386 383 333 324 295 292 277 271 268 256 228 206 205 167 155 139 115 111 97 88 79 75 65 42 25 8 3 
371 449 418 375 347 343 304 290 270 265 264 257 255 247 243 235 228 220 218 204 181 174 164 157 153 125 122 111 72 67 65 51 14 6 
402 444 415 398 378 376 364 332 313 292 256 243 232 225 218 216 191 186 179 174 155 151 135 100 88 47 46 38 35 34 31 30 14 11 
24 445 431 377 358 343 332 300 297 284 267 238 225 209 205 202 196 185 168 154 153 141 139 133 128 96 95 52 51 23 16 11 2 
51 431 418 392 384 377 371 358 343 302 267 265 228 225 209 205 202 197 196 193 185 174 168 164 157 154 125 122 110 69 55 24 23 
189 449 448 441 433 422 415 410 404 363 347 328 303 296 273 261 251 247 231 230 223 221 217 208 197 190 140 125 119 103 97 50 40 
227 445 442 413 411 405 403 335 306 305 297 296 290 285 279 273 223 218 207 136 133 104 99 97 93 81 69 59 41 40 34 16 4 
69 445 420 418 413 411 403 362 317 306 305 298 296 285 246 227 215 211 207 197 193 178 177 169 125 97 93 59 58 51 38 16 4 
328 449 424 412 400 395 381 369 362 348 346 286 279 260 248 242 218 207 189 185 165 155 141 122 116 99 96 72 45 34 21 17 9 
329 446 444 438 427 424 400 351 347 341 313 310 307 296 274 270 222 220 217 198 191 187 162 135 112 93 76 68 65 46 40 26 23 
120 446 422 397 376 370 368 364 355 349 342 341 333 283 282 277 248 244 234 226 222 216 196 179 176 164 147 139 138 80 68 46 23 
74 382 370 350 349 348 341 339 322 280 231 229 228 222 206 190 181 178 167 161 158 151 128 108 105 100 97 82 72 71 41 10 3 
245 449 444 443 426 396 379 373 348 331 324 281 241 220 219 214 188 163 151 132 122 111 88 82 77 66 62 61 45 43 32 27 0 
158 447 439 396 370 349 347 342 327 313 309 305 259 231 222 212 196 174 169 166 165 151 150 105 97 91 90 79 74 71 50 28 3 
90 447 439 424 416 388 380 363 323 293 290 282 269 261 236 226 214 212 202 171 166 160 158 146 94 91 87 58 57 56 54 23 17 
1 403 395 389 319 315 293 290 282 275 274 265 262 261 249 248 233 225 192 183 161 154 134 107 105 102 97 71 55 48 4 0 
309 437 412 410 396 391 373 355 351 341 327 320 284 258 257 253 230 225 212 169 166 158 150 148 147 140 133 111 98 50 34 28 
56 442 410 408 378 347 334 314 313 310 299 284 265 262 258 256 248 231 222 195 187 183 175 168 115 104 100 90 84 82 44 7 
172 449 441 433 430 423 415 386 369 351 344 339 333 302 291 275 266 260 257 254 243 178 161 153 149 130 103 70 63 62 41 5 
373 425 407 383 335 330 309 302 296 291 286 277 245 239 220 219 201 182 165 128 111 104 97 93 79 77 71 64 57 55 48 46 
353 435 430 420 409 357 346 342 334 331 322 321 301 273 253 244 195 190 179 157 152 138 129 121 117 95 64 41 30 29 12 11 
83 436 431 401 380 379 374 366 357 346 343 340 315 300 292 289 279 254 250 223 204 171 155 153 109 105 97 32 19 12 3 2 
216 444 422 415 402 398 397 378 364 355 342 341 333 332 313 283 256 250 234 232 196 174 164 155 120 80 68 35 30 25 14 11 
147 437 412 391 370 368 355 341 320 309 289 284 278 277 258 244 225 199 188 179 176 166 138 133 120 111 98 61 60 46 34 0 
67 449 423 418 371 356 355 347 343 333 304 290 264 257 255 251 243 235 220 218 204 181 164 153 111 72 65 63 41 26 14 6 
283 449 440 438 427 422 419 414 397 364 355 351 342 341 333 310 280 266 260 251 234 231 216 196 164 157 144 138 120 80 77 68 
255 424 418 371 370 350 347 323 304 290 281 264 241 235 223 218 207 194 184 181 156 153 111 107 101 72 67 52 48 14 11 9 
162 438 429 424 406 396 390 379 375 363 335 329 315 301 296 270 229 217 203 196 190 187 181 179 139 122 113 101 76 58 40 23 
240 446 438 394 346 332 320 318 316 307 289 267 266 263 262 218 211 204 203 177 176 175 169 133 128 117 96 85 64 59 57 46 
338 447 409 400 394 382 376 327 281 271 262 257 229 222 195 191 163 160 150 144 139 136 117 104 49 48 34 30 29 6 5 
279 448 436 401 395 380 366 362 357 332 328 300 290 254 250 231 227 223 200 141 103 97 96 83 81 77 35 20 19 3 2 
206 445 438 437 434 419 408 390 382 370 350 339 333 307 298 295 292 284 280 269 231 228 224 202 160 153 138 130 74 45 10 
253 432 420 399 364 353 351 342 321 309 301 300 291 290 257 190 181 179 157 152 140 138 129 95 80 68 64 47 41 39 32 
21 429 424 423 403 397 388 362 352 346 344 335 328 324 272 260 248 239 235 207 182 165 161 155 130 108 101 92 10 9 2 
114 440 439 438 432 427 362 361 360 358 351 350 335 319 270 260 238 233 207 170 156 155 149 133 107 76 70 65 53 26 13 
122 429 418 406 396 375 371 363 335 328 291 265 245 229 228 219 217 190 179 174 171 164 162 157 125 113 101 66 58 51 43 
25 444 442 434 401 396 392 390 386 383 324 271 268 256 216 209 167 155 139 126 111 97 88 79 75 65 42 36 8 3 
426 449 444 422 418 407 388 379 348 332 320 290 281 264 245 242 241 234 220 204 188 170 133 88 82 62 55 47 45 27 
400 449 412 382 381 376 369 348 338 336 329 328 286 258 224 222 218 191 185 161 139 116 104 82 72 48 45 34 30 17 
271 442 434 417 396 395 392 390 388 386 338 327 324 312 285 276 275 268 229 212 195 139 68 65 54 42 25 8 4 3 
12 446 443 439 435 430 411 409 379 360 353 346 331 315 304 302 263 254 228 226 193 174 165 125 121 106 83 79 75 37 
316 446 438 433 408 404 394 354 350 335 323 307 267 257 240 221 218 214 203 190 180 177 175 111 87 66 60 59 37 32 
130 449 408 405 382 369 365 347 344 307 302 291 263 259 258 243 241 231 224 223 221 206 201 172 117 104 103 41 21 5 
27 449 444 426 382 379 368 361 348 281 278 254 245 244 241 228 220 191 188 184 136 98 88 82 75 70 62 45 30 16 
178 441 429 415 392 386 350 348 344 339 333 320 301 280 272 260 231 172 167 165 82 79 74 72 69 66 62 47 41 38 
194 437 387 385 370 369 350 323 304 289 258 255 241 223 207 203 190 161 156 150 136 118 107 82 52 48 11 9 6 5 
54 424 395 388 380 327 323 290 285 276 271 261 214 212 200 197 171 166 163 91 90 87 68 58 57 43 36 23 17 4 
250 436 424 401 396 380 374 366 361 357 311 306 303 300 279 254 223 216 207 143 134 97 83 75 44 36 22 19 3 2 
251 449 427 408 404 385 351 337 324 321 314 310 303 283 261 260 247 242 234 230 208 197 190 189 157 155 138 77 67 58 
118 437 408 398 387 369 364 314 294 289 275 212 203 194 190 171 150 136 115 101 92 76 72 52 48 37 30 11 6 5 
419 442 440 438 427 423 394 385 372 346 318 307 283 281 280 266 234 231 206 205 202 198 190 150 98 93 82 77 41 10 
306 445 442 413 405 403 335 305 297 296 285 273 250 227 223 218 207 137 136 104 99 97 93 69 59 41 40 34 16 4 
422 441 426 415 397 388 364 355 342 341 333 296 283 273 234 216 196 193 189 170 164 120 119 111 103 97 80 68 50 13 
198 437 419 415 414 404 401 388 385 340 329 314 310 282 236 232 230 226 203 199 191 149 134 116 112 75 59 44 7 6 
91 447 439 395 388 382 375 357 355 334 323 300 290 284 267 263 244 214 212 191 177 171 170 158 128 90 87 65 54 48 
199 437 417 414 401 396 388 385 314 308 286 282 270 249 230 226 203 198 188 185 180 147 75 73 61 32 7 6 0 
144 394 388 381 377 375 365 357 338 317 283 281 262 257 229 196 186 185 163 160 150 136 117 95 48 29 8 6 5 
9 448 433 424 370 362 350 346 328 323 304 261 260 255 248 241 223 208 207 197 194 165 156 107 80 52 48 21 11 
366 436 432 401 380 362 357 340 325 301 300 298 279 254 250 249 244 223 208 143 140 97 95 92 84 83 19 3 2 
448 439 423 392 381 369 363 361 355 340 326 287 279 270 269 263 217 189 167 117 99 95 65 62 59 52 11 9 6 
391 437 425 420 417 412 401 355 348 341 327 320 309 284 280 258 248 225 200 187 179 147 133 111 98 95 64 57 34 
407 426 425 411 383 373 361 354 297 296 286 275 239 225 219 218 201 193 165 103 97 93 81 79 57 55 34 13 
77 449 440 438 427 419 395 373 351 310 283 280 279 266 260 251 245 234 231 219 193 157 140 138 111 103 84 6 
374 436 431 430 390 381 378 377 357 346 343 340 296 292 282 277 250 244 204 171 155 153 109 105 83 48 32 23 
98 438 437 419 412 394 391 372 355 346 341 320 309 304 284 281 258 225 214 150 147 133 132 111 82 34 27 10 
84 418 410 408 366 347 323 320 313 265 262 246 241 231 230 210 208 207 193 140 124 92 88 77 56 50 44 6 
299 418 416 401 387 370 334 300 273 256 248 222 195 190 187 168 159 139 137 136 113 110 100 97 81 63 56 10 
124 431 418 415 414 376 363 359 347 346 323 312 305 242 241 231 218 217 210 207 201 192 140 105 84 58 30 15 
285 445 413 403 395 388 386 349 334 327 306 305 296 276 271 227 212 207 116 109 97 93 69 68 59 54 16 4 
242 441 426 418 414 408 385 376 328 324 323 321 314 312 305 290 264 251 210 201 157 155 124 111 99 96 58 
7 445 437 414 401 389 388 385 378 314 310 288 284 282 281 230 226 203 199 198 176 175 104 75 71 56 6 
252 442 406 389 386 384 355 351 343 319 314 301 278 270 266 257 205 188 183 181 168 135 110 82 76 49 8 
416 437 435 420 370 363 336 299 295 293 292 282 273 269 226 209 202 195 187 160 112 110 94 90 63 39 28 
125 446 439 430 418 411 371 360 331 302 265 263 254 228 226 197 193 189 174 164 157 122 69 51 46 37 12 
334 382 375 355 353 346 299 285 284 263 256 248 222 195 191 187 177 168 143 128 117 105 100 91 56 48 23 
116 449 412 400 390 381 369 348 340 328 322 314 295 286 285 232 218 198 185 142 78 72 52 45 44 34 17 
55 426 425 407 383 373 359 296 293 286 282 274 239 231 225 219 201 183 165 134 97 93 79 71 57 51 1 
209 437 431 416 386 385 377 343 336 295 273 267 225 205 202 196 185 168 154 110 82 51 39 28 25 24 23 
303 424 404 367 361 314 311 261 251 250 247 230 208 207 197 190 189 160 145 143 142 134 127 75 71 44 22 
404 433 408 354 350 316 303 261 251 247 230 221 218 214 208 198 197 190 189 180 177 100 78 66 37 32 
62 449 448 444 441 426 415 386 379 348 344 339 333 281 260 245 241 220 188 178 172 96 88 82 45 27 
440 446 438 427 419 388 385 381 339 283 280 266 234 233 231 211 197 138 135 114 89 87 77 49 37 31 
397 446 429 423 422 403 364 355 342 341 333 283 243 239 235 234 216 196 164 155 120 101 80 68 21 2 
149 438 432 430 427 423 362 351 319 318 270 266 260 238 233 213 198 187 176 172 160 114 93 76 70 26 
399 387 383 376 367 364 362 358 347 305 293 281 272 253 246 239 235 231 213 169 150 148 42 35 30 16 
94 445 425 416 398 363 343 341 321 301 293 282 269 232 226 204 202 180 160 152 90 72 68 53 18 0 
330 436 378 373 352 335 302 291 289 277 267 241 233 220 219 207 161 128 104 71 64 57 49 48 46 8 
317 420 411 408 388 298 264 219 215 211 208 186 177 169 157 155 144 95 85 81 69 44 38 28 26 5 
92 432 410 388 366 352 344 335 324 301 300 298 249 246 244 235 208 161 143 141 140 118 108 95 84 21 
115 442 434 408 398 381 369 364 314 275 236 232 212 201 183 171 118 101 89 76 72 56 37 30 18 
175 446 438 394 378 336 318 316 307 284 269 267 258 246 240 203 176 131 82 66 59 56 52 44 7 
35 402 399 362 332 313 294 292 279 256 246 243 218 216 191 186 179 174 166 148 135 100 88 47 34 
356 438 430 423 415 412 408 360 345 342 310 282 239 226 224 214 157 135 134 113 76 68 67 15 4 
112 441 431 416 414 357 345 329 320 311 310 288 263 254 211 198 191 163 160 152 108 86 79 70 29 
288 445 441 431 414 401 389 357 352 345 337 320 263 232 220 211 163 152 146 119 112 79 70 29 7 
289 437 420 413 387 369 330 308 240 203 194 190 188 150 147 136 118 83 61 60 52 48 11 6 5 
103 449 441 422 415 407 395 369 302 296 291 279 273 243 231 189 182 172 130 119 97 77 50 41 5 
100 404 402 334 299 292 256 248 243 222 218 195 191 187 186 179 174 168 135 88 74 56 47 35 34 
143 432 424 366 361 334 311 303 301 300 298 250 249 244 207 192 165 154 95 92 75 64 44 22 16 
38 429 420 411 402 392 349 320 317 301 298 215 211 178 177 169 165 150 79 76 72 69 66 60 
19 436 428 413 401 390 380 366 361 357 346 308 300 297 279 254 250 223 210 97 83 30 3 2 
322 430 403 363 353 341 340 339 332 280 273 244 236 201 183 170 121 117 116 74 30 29 11 3 
259 405 387 383 369 365 347 315 307 263 258 241 231 225 223 221 158 136 135 130 117 104 53 45 
183 442 406 386 322 319 314 293 282 274 270 252 225 224 205 134 115 97 71 56 55 44 8 1 
236 415 403 340 339 332 325 322 315 273 232 201 198 170 142 134 115 90 89 52 48 29 18 14 
336 437 416 405 403 400 368 361 347 295 280 275 273 257 249 209 202 175 167 154 132 110 39 28 
274 446 438 420 413 405 329 315 310 307 293 282 278 225 222 183 135 134 97 71 68 55 46 1 
417 441 396 391 335 324 323 308 286 271 270 249 233 214 199 185 166 163 152 73 53 46 32 0 
28 437 416 411 396 336 327 317 309 295 273 219 212 209 202 169 166 158 155 150 110 50 39 
192 436 431 415 398 363 359 346 331 323 319 233 226 218 217 184 165 143 124 121 105 1 0 
47 444 433 426 402 335 292 256 253 243 218 191 186 179 178 174 163 135 100 88 81 35 34 
89 446 440 388 385 381 363 295 243 236 234 233 232 211 205 197 138 135 115 87 49 37 18 
102 428 424 418 386 378 354 352 346 315 270 248 226 185 156 154 145 121 106 68 17 14 1 
109 436 431 428 421 413 375 374 357 343 340 292 285 204 188 171 155 153 105 87 83 32 15 
188 449 444 426 379 348 289 281 252 245 241 220 199 147 109 88 82 62 61 60 45 27 0 
140 429 418 366 351 347 323 309 257 253 241 231 210 208 207 193 189 124 92 84 77 61 6 
395 388 362 361 328 327 287 285 279 276 271 231 212 174 141 103 91 88 77 68 54 4 1 
210 418 414 376 349 347 346 323 312 305 297 242 241 231 207 201 140 139 128 124 84 58 19 
132 443 437 405 403 396 376 368 361 336 324 275 263 256 249 245 214 163 154 151 98 32 0 
428 447 380 379 337 327 304 269 264 212 208 171 166 165 117 109 102 85 61 45 26 19 18 
413 445 432 421 403 375 306 305 296 289 285 274 227 207 109 97 93 87 69 59 19 16 4 
384 406 392 389 380 358 355 351 343 290 266 257 252 168 135 133 126 110 82 51 49 20 8 
344 441 415 388 386 352 339 335 333 324 260 235 228 220 178 172 161 130 108 92 62 21 3 
145 424 418 396 386 378 367 359 354 352 303 270 248 239 185 156 134 106 102 71 17 14 
151 443 402 396 370 365 349 324 312 245 222 214 163 158 132 105 97 74 71 32 3 0 
186 445 402 388 317 292 256 243 218 205 191 179 174 144 135 100 95 88 47 35 34 32 
134 430 415 408 367 356 303 293 282 274 250 236 232 225 198 183 157 145 97 71 55 1 
80 422 397 364 355 342 341 333 291 283 253 234 216 196 164 129 120 106 68 32 16 9 
246 418 410 399 383 376 362 358 305 272 208 182 175 169 150 148 92 84 70 69 42 35 
410 429 408 403 376 347 332 313 309 265 262 246 231 208 196 189 96 92 84 56 44 16 
141 395 385 369 362 343 328 300 297 279 272 185 160 139 133 128 95 92 24 16 2 
106 424 418 386 378 354 352 282 270 263 248 185 165 156 145 102 80 79 17 14 12 
287 448 439 423 395 381 361 355 276 270 268 263 261 174 117 99 88 65 59 52 11 
148 399 387 367 364 362 347 309 305 293 281 246 239 235 231 219 213 39 35 30 16 
367 399 393 387 364 347 305 303 296 293 281 239 235 231 213 148 145 134 71 30 16 
39 437 432 416 380 364 351 336 300 295 290 273 257 253 209 202 181 148 110 68 28 
176 438 378 370 368 284 277 244 240 187 179 175 149 147 138 135 120 70 46 15 7 
195 416 353 346 338 334 327 326 299 271 256 248 229 222 187 168 117 100 56 41 4 
337 428 380 379 327 288 269 264 251 220 212 208 171 166 146 119 85 45 26 18 
50 441 422 415 396 327 309 296 273 212 189 169 166 158 150 119 103 97 84 28 
345 441 431 414 357 356 320 304 288 266 263 211 184 163 152 112 86 79 70 29 
295 437 434 416 412 336 333 314 292 273 209 206 202 156 116 110 89 78 39 28 
60 433 394 354 350 323 316 301 296 289 257 188 169 147 111 87 72 61 38 
268 442 434 396 392 390 386 324 291 287 271 260 234 139 65 42 25 8 3 
365 405 369 347 307 263 259 258 249 241 231 223 221 151 144 130 117 104 61 
315 387 383 379 346 274 259 248 236 203 181 162 154 146 136 102 83 12 1 
213 399 387 367 364 347 305 293 281 262 247 239 235 231 149 148 59 30 16 
358 399 392 384 383 376 305 294 272 246 169 167 150 114 110 51 42 24 
108 388 352 344 335 324 254 235 232 191 164 161 160 127 112 92 74 21 
129 420 353 342 321 301 291 253 190 179 157 152 138 95 80 64 41 32 
308 417 396 361 346 300 297 289 286 249 199 185 73 72 57 32 19 0 
349 390 370 300 285 263 222 210 158 151 120 105 97 74 71 38 15 3 
180 433 408 404 354 350 316 221 218 214 199 190 177 94 66 41 37 32 
137 418 411 401 387 370 306 300 299 273 159 139 136 113 110 97 81 58 
224 423 412 408 400 382 356 342 310 206 183 130 76 68 40 15 4 
276 430 395 388 340 327 287 285 271 220 212 174 88 68 54 32 4 
238 438 432 427 362 351 319 270 260 233 149 114 76 70 26 24 17 
15 423 412 356 349 342 310 266 229 224 176 124 109 86 76 68 4 
119 441 422 415 393 337 296 288 273 220 189 146 103 97 63 50 
73 429 417 396 380 377 308 286 249 199 185 159 152 96 32 0 
272 399 383 376 369 358 343 305 246 178 169 150 141 95 42 21 
121 430 353 322 320 273 244 215 200 192 117 102 30 29 12 11 
170 426 422 403 388 340 339 332 322 273 236 234 201 114 91 29 
61 428 365 350 327 304 289 245 199 188 165 147 140 60 0 
53 439 417 361 360 259 207 156 133 114 107 94 79 65 4 
443 396 331 324 304 245 214 163 151 132 75 34 32 12 0 
10 438 419 394 372 346 307 299 281 206 150 98 82 74 21 
359 431 415 363 346 243 218 217 192 145 124 105 55 18 
312 414 376 323 305 271 256 242 210 201 151 124 58 46 
215 420 411 317 298 294 211 177 174 169 121 69 38 31 
31 440 402 386 383 340 262 215 165 95 79 48 42 29 
311 424 382 361 303 300 250 207 160 143 112 75 44 22 
326 448 420 369 363 340 269 217 195 167 95 37 6 
331 443 435 409 372 353 304 245 192 125 75 20 12 
184 435 398 361 345 278 255 226 192 173 165 75 27 
247 404 371 303 261 251 230 213 208 197 190 189 
22 424 361 311 303 250 207 160 143 86 75 44 
435 416 409 353 342 331 304 263 184 181 79 12 
372 438 419 394 368 346 331 281 150 98 82 10 
409 435 432 353 338 331 233 196 165 12 8 
200 391 388 332 279 223 197 121 96 54 36 
63 416 389 370 299 292 187 172 119 67 29 
13 422 407 305 302 294 204 182 114 66 
126 384 370 347 343 257 167 25 20 2 
421 432 413 375 342 267 109 87 72 
78 427 412 404 314 295 116 82 44 
447 439 428 338 211 158 91 90 68 
294 358 305 302 215 118 66 35 13 
278 361 274 252 184 147 79 75 27 
20 384 343 331 279 257 159 126 
146 427 337 315 288 220 119 90 
36 388 377 250 200 197 54 25 
43 332 324 245 219 122 66 54 
142 393 341 303 236 116 33 
86 382 345 292 112 22 15 
325 366 236 52 48 14 6 
182 373 246 103 21 13 
131 318 175 75 59 52 
127 446 303 108 18 
393 367 142 119 
33 352 142 104 
173 342 237 184 
123 179 164 
237 173 166 

