338 421 411 394 380 371 370 369 366 342 337 335 321 320 316 304 295 280 279 235 227 221 214 206 195 189 181 165 151 150 141 136 124 117 112 99 86 81 36 34 25 9 2 
324 446 436 421 412 398 393 386 385 362 346 341 307 295 288 283 261 255 252 246 242 205 197 186 185 181 176 173 165 157 147 142 141 132 115 87 72 63 58 27 25 1 
209 431 410 403 397 396 385 356 296 295 293 288 282 261 237 205 182 178 176 175 172 161 146 140 122 120 115 112 71 68 67 66 63 57 52 50 35 32 31 25 2 
25 446 439 434 412 398 397 393 372 356 338 337 324 323 322 317 308 293 283 266 252 248 234 227 224 209 183 176 174 173 148 147 132 123 99 86 57 52 32 3 
63 425 421 414 412 410 407 395 390 389 366 361 335 324 300 299 297 292 290 256 255 246 209 201 196 187 185 182 146 144 141 140 130 125 119 91 72 54 46 29 
165 448 436 433 424 372 362 346 338 324 321 314 313 309 304 298 292 272 268 262 253 199 197 192 141 139 128 109 107 102 93 89 88 76 58 51 43 33 7 2 
369 447 441 437 416 415 411 395 390 351 343 341 338 325 300 282 277 272 256 251 241 231 228 222 210 207 146 125 120 118 116 113 112 102 95 52 46 41 30 3 
270 449 444 439 438 373 371 368 362 357 348 333 329 323 317 297 281 272 269 267 253 219 214 191 189 153 118 109 104 102 101 92 82 78 74 72 64 58 11 
362 443 440 439 418 380 371 366 353 334 328 324 274 270 264 263 261 256 244 238 173 165 160 154 148 146 144 141 139 120 100 83 58 54 45 40 36 31 20 
189 411 401 395 386 370 345 343 338 337 332 331 327 280 272 270 250 241 228 222 220 215 190 176 161 151 147 125 121 118 113 107 102 66 57 52 35 11 3 
215 414 409 391 383 368 359 348 337 333 326 301 299 288 282 267 259 238 236 211 194 189 187 184 183 182 168 143 124 97 92 87 74 56 31 18 13 12 
250 449 448 446 428 417 412 388 379 373 356 332 327 318 269 266 264 258 253 242 227 214 189 177 176 159 157 154 128 118 108 93 88 86 67 44 39 38 
80 433 428 422 417 401 383 359 343 317 311 253 244 242 239 221 218 157 153 152 149 148 131 129 124 117 108 104 103 89 84 57 47 42 41 38 33 19 
285 428 411 392 387 386 379 359 349 302 296 292 287 278 273 268 253 244 239 234 218 207 206 158 152 143 141 117 116 112 39 33 32 27 26 14 12 9 
390 436 411 407 399 382 372 369 367 364 346 321 303 283 282 279 259 256 254 231 197 193 166 163 159 144 139 118 112 76 63 51 43 34 29 8 7 3 
392 434 411 408 406 400 364 340 318 296 295 293 291 285 284 240 230 228 204 203 194 186 184 181 170 139 138 125 120 113 109 71 70 48 23 14 10 4 
199 446 435 431 428 421 402 391 370 345 342 332 330 318 313 295 287 282 271 255 251 246 222 203 185 165 156 121 112 107 105 93 88 75 71 52 2 
187 445 435 423 416 411 335 333 325 314 309 308 301 275 259 243 225 218 215 191 186 185 184 159 153 149 139 128 110 105 76 63 59 45 44 38 0 
31 445 433 409 404 362 348 343 333 330 274 272 258 243 239 229 220 215 214 209 182 179 169 153 133 124 114 110 105 92 73 68 64 58 49 4 2 
222 449 415 410 386 381 369 363 355 345 300 295 294 284 279 274 273 271 235 225 199 189 184 183 161 156 145 125 109 99 94 93 65 46 41 24 3 
337 445 428 389 376 363 350 338 320 289 279 273 266 261 255 248 215 204 194 189 184 183 158 151 150 145 140 135 134 99 94 93 68 41 36 25 14 
159 427 422 418 413 405 390 376 372 367 315 307 303 276 260 257 252 250 231 225 216 193 191 187 181 176 135 107 106 85 78 45 40 11 6 1 
32 439 429 411 410 406 405 393 339 303 296 291 285 244 240 239 235 230 213 209 186 181 180 170 154 123 115 71 70 69 66 49 33 25 24 5 
39 430 412 402 386 378 365 356 346 340 292 287 285 275 268 263 250 237 232 227 206 185 161 160 153 132 106 102 86 70 62 60 46 43 38 5 
211 447 445 443 440 438 382 357 353 348 339 335 330 309 269 267 263 253 234 220 215 202 183 177 173 163 112 105 87 73 59 58 22 14 9 3 
155 449 447 437 409 371 359 358 357 353 339 334 313 303 294 281 272 267 258 257 248 224 191 177 172 148 114 109 101 92 88 28 11 8 2 
239 443 438 412 375 350 345 328 317 312 311 307 306 302 301 285 261 260 257 247 226 218 213 202 170 161 132 105 103 87 80 46 32 31 15 
59 445 443 438 422 412 411 367 355 350 328 307 291 290 286 265 245 226 225 218 213 211 206 200 187 186 175 170 110 106 103 85 77 22 21 
89 435 432 401 387 375 368 363 355 351 345 341 331 327 316 311 267 255 253 216 212 207 195 165 143 140 138 125 81 80 52 50 47 28 21 
182 445 425 423 409 399 371 333 314 304 265 261 256 243 224 215 214 209 153 146 141 139 134 124 119 110 105 100 95 75 63 55 49 44 31 
140 446 429 422 421 364 359 356 353 342 337 332 331 322 319 298 293 282 266 248 247 241 213 209 204 183 147 143 119 94 89 86 72 63 61 
412 430 423 420 410 409 398 365 361 356 333 324 308 250 246 245 243 239 234 229 224 218 214 185 136 131 128 63 59 54 39 38 25 21 16 
11 439 437 385 384 380 359 354 347 333 303 282 270 257 223 214 208 189 167 159 155 154 133 118 114 109 102 77 53 45 40 33 28 12 
210 449 441 437 416 374 369 367 364 357 353 351 349 332 326 303 278 267 257 254 236 228 183 172 162 146 144 139 81 77 58 56 48 28 
105 443 393 391 388 383 374 357 349 314 309 308 301 287 282 277 263 239 234 211 203 199 187 183 182 153 124 121 107 58 48 31 14 9 
109 446 436 428 425 406 402 392 381 365 360 335 332 318 313 271 270 245 222 203 181 180 172 165 155 125 112 111 93 76 70 65 11 7 
35 437 417 414 409 396 352 343 329 306 302 299 293 262 243 241 218 216 209 189 184 179 172 143 128 126 123 77 74 72 68 61 36 13 
84 442 435 433 416 361 345 331 323 311 255 247 246 226 217 208 207 196 191 186 171 162 151 146 116 100 98 97 80 75 47 37 10 0 
245 449 444 417 412 407 402 381 378 363 334 329 328 323 322 291 264 258 244 242 224 218 201 153 148 137 129 111 109 98 59 42 38 21 
156 439 429 410 404 402 399 358 312 303 300 289 279 278 263 258 222 199 190 188 185 184 173 149 132 129 114 94 88 83 75 64 42 3 
411 433 419 409 395 392 390 369 367 354 338 318 313 302 285 280 277 228 218 213 194 189 187 170 128 122 60 59 55 49 33 32 18 7 
205 442 441 439 434 398 352 351 324 267 261 257 232 228 223 214 209 193 188 178 173 172 171 167 157 123 108 99 87 81 67 28 23 18 
429 418 413 410 397 361 336 320 312 307 303 256 252 251 230 226 207 200 196 193 188 156 142 141 140 82 78 71 65 61 50 37 32 26 
213 444 431 426 419 411 372 367 360 356 354 350 264 262 261 257 239 226 190 174 171 170 149 147 140 95 85 66 61 59 37 32 5 
197 445 419 414 391 390 386 373 364 324 309 283 280 276 234 230 225 220 193 190 175 174 170 166 165 161 154 149 144 103 64 51 4 
220 438 403 391 344 339 301 288 274 272 267 229 211 202 197 192 189 178 143 133 128 123 121 119 118 114 102 97 92 73 31 13 4 
38 435 430 424 417 412 401 345 340 334 326 309 305 302 291 260 250 245 244 231 219 192 187 186 175 161 129 121 80 77 71 64 39 
359 437 415 401 387 368 327 326 322 301 285 272 267 253 241 235 216 215 155 152 145 143 140 138 136 117 97 80 55 46 28 26 11 
183 447 431 405 391 364 337 332 331 320 310 305 276 274 271 266 230 225 222 217 215 211 210 184 140 131 111 107 106 105 94 25 4 
102 449 440 439 395 388 369 354 346 298 275 270 236 231 225 220 208 189 184 165 125 121 118 115 110 99 90 45 39 28 11 9 6 
36 448 427 375 373 362 358 349 338 337 284 272 265 260 253 247 244 174 173 163 157 150 124 92 73 69 67 64 54 40 35 4 2 
260 442 428 422 408 396 373 354 332 331 306 273 258 244 242 241 239 216 208 193 167 162 159 152 143 129 126 77 62 61 38 36 19 
263 441 431 424 399 375 362 360 357 345 316 309 300 266 247 244 242 219 216 211 156 154 146 137 132 129 105 100 96 85 70 39 22 
269 447 446 445 442 441 430 416 382 371 368 363 361 351 340 320 272 270 266 262 253 250 242 211 171 160 143 97 95 76 70 28 7 
423 435 425 416 412 407 404 386 325 316 314 306 297 280 265 256 240 235 224 196 187 182 141 136 134 85 75 72 67 65 60 44 21 
190 426 419 401 388 336 312 311 304 293 258 246 244 221 213 197 194 189 156 147 142 132 131 119 113 103 79 66 62 57 53 47 41 
439 393 388 385 382 371 365 362 356 322 295 291 278 270 221 205 191 181 180 163 156 152 115 110 102 90 53 42 32 25 11 6 0 
445 447 433 428 422 409 399 391 383 382 377 372 349 337 301 289 284 278 269 253 243 211 197 192 187 182 174 121 103 59 43 31 22 
261 448 443 434 430 362 353 337 324 320 315 268 264 247 239 214 213 209 205 182 173 169 163 157 139 129 95 94 90 67 34 2 
161 402 398 379 374 364 345 340 312 299 287 239 235 234 230 222 209 197 189 178 173 149 144 120 115 103 88 39 38 17 5 3 
364 415 408 392 390 387 341 332 331 325 300 298 267 257 236 235 217 210 197 188 183 172 161 157 140 120 107 73 56 55 51 30 
139 415 392 390 362 353 346 326 300 261 251 243 238 235 210 192 187 182 165 151 147 145 141 130 128 127 120 111 71 61 55 18 
383 445 440 401 397 391 374 370 336 331 287 286 284 282 236 235 226 215 196 194 172 105 104 85 80 62 57 14 10 6 5 0 
72 425 423 421 409 380 333 324 320 315 311 306 304 300 270 265 255 243 229 214 196 191 153 144 140 119 94 85 81 63 54 35 
272 444 433 395 371 369 366 359 343 330 325 274 270 269 265 256 253 220 195 189 174 165 163 155 146 141 73 50 36 31 14 4 
401 420 417 415 409 383 359 334 327 313 310 305 288 237 218 198 195 190 189 149 147 134 113 104 89 80 74 69 57 38 28 14 
282 440 390 389 384 383 374 369 346 341 330 293 236 231 215 209 203 199 194 140 121 116 113 110 105 99 45 23 11 10 6 5 
141 433 429 423 413 395 387 362 338 324 309 304 299 297 285 280 273 272 224 207 182 170 165 158 139 134 117 63 58 55 14 2 
413 437 432 429 400 361 340 339 330 322 320 310 274 265 251 249 212 207 191 186 184 159 141 135 97 94 90 69 65 26 16 4 
85 438 433 427 423 399 389 383 376 348 342 332 317 289 286 284 263 213 196 174 159 157 148 131 106 78 72 68 64 59 57 47 
110 443 439 394 388 366 333 301 292 283 282 276 243 187 186 182 169 164 121 117 113 102 99 96 92 59 54 49 31 18 12 6 
112 436 431 428 390 384 379 369 345 338 321 289 285 279 273 248 211 209 206 199 158 149 120 115 114 109 104 96 93 68 5 3 
356 444 439 418 412 398 379 365 360 323 322 318 308 250 234 232 224 223 213 209 174 142 140 138 135 58 53 52 43 39 34 25 
365 449 446 439 422 421 412 374 356 342 332 327 322 298 264 259 253 248 241 218 163 162 151 149 114 109 93 86 61 53 39 
114 447 425 405 402 400 376 365 363 358 342 335 310 286 248 227 220 177 156 155 133 112 101 91 86 65 40 31 26 23 11 
379 446 431 428 402 366 361 356 346 341 340 318 287 285 250 227 206 203 177 166 161 160 112 93 91 88 86 70 62 52 6 
121 445 440 394 393 372 349 333 330 313 284 282 224 220 203 199 198 192 189 174 119 118 113 110 105 102 99 69 38 23 12 
124 407 375 366 350 338 335 333 316 242 240 235 223 221 215 201 195 182 172 171 136 117 113 108 105 80 36 31 15 7 2 
291 439 417 403 398 393 392 389 360 355 327 299 245 244 237 212 208 203 174 135 130 119 103 59 57 54 38 32 23 20 15 
253 449 445 430 421 387 382 376 371 365 359 351 316 311 285 272 270 269 266 250 211 179 165 162 157 125 89 80 47 36 26 
409 445 426 420 417 412 411 407 401 395 357 353 311 305 302 243 237 215 182 176 155 131 128 127 101 72 60 35 31 18 13 
125 414 408 406 403 392 369 318 316 299 298 288 253 232 226 222 189 184 147 123 122 109 102 89 74 63 47 46 43 8 3 
14 440 401 392 387 383 357 350 342 337 332 301 285 277 273 272 226 211 195 191 170 163 158 141 127 105 71 57 52 48 15 
350 438 428 407 406 402 378 373 354 337 333 316 312 307 244 239 232 226 213 202 158 136 129 124 103 87 59 46 43 19 14 
417 420 414 409 404 401 398 334 310 308 305 291 286 250 245 244 218 176 175 149 145 135 128 80 69 66 64 61 54 38 35 
262 424 396 391 375 368 354 349 334 325 320 315 303 286 281 278 269 259 213 188 171 169 165 98 95 61 56 40 35 33 8 
191 439 434 432 413 394 385 380 367 323 277 270 265 254 249 238 233 219 187 160 159 155 97 84 72 53 48 45 40 14 7 
54 425 417 412 410 398 386 380 362 361 291 290 283 206 200 196 173 135 132 116 110 96 72 63 58 40 36 27 26 20 6 
171 442 430 368 354 352 334 320 319 315 308 288 283 269 262 213 208 205 172 124 113 108 95 84 82 44 29 28 23 18 13 
449 447 437 425 421 382 368 365 363 335 315 270 267 266 253 250 245 236 235 222 210 162 157 155 138 102 101 81 46 28 6 
5 431 393 383 382 374 341 303 302 292 282 264 259 258 251 234 218 213 202 173 161 149 112 71 48 39 37 34 32 17 
240 423 418 407 406 404 392 358 333 316 294 293 289 232 226 203 201 198 179 177 136 132 127 124 111 88 83 69 46 32 
244 440 431 417 373 362 350 317 312 296 291 285 263 260 258 245 202 190 170 148 146 143 80 61 41 38 36 33 32 22 
354 442 440 438 433 432 416 411 406 382 375 366 350 323 306 281 262 260 213 212 208 207 171 170 146 102 98 81 45 11 
194 411 392 388 387 383 370 340 337 332 331 286 282 280 273 236 231 217 215 190 186 172 163 158 70 57 48 30 10 1 
119 421 403 400 381 310 296 293 291 288 286 221 220 212 190 182 178 140 130 122 121 117 116 72 68 63 62 57 40 2 
65 429 423 413 386 361 334 332 312 308 302 296 292 273 271 258 224 222 207 203 198 181 122 116 114 109 93 91 88 26 
104 420 401 388 383 360 336 311 273 270 227 217 206 196 180 163 158 116 112 111 96 90 86 80 57 48 47 20 16 0 
2 428 380 371 366 338 335 330 309 295 294 261 256 248 209 199 165 155 146 141 124 119 99 95 75 68 36 34 31 9 
3 447 441 436 415 390 386 369 345 332 331 300 279 222 211 200 189 176 161 156 125 112 107 106 99 95 46 41 25 9 
4 447 413 408 400 392 391 387 361 310 298 296 290 277 272 220 206 202 197 188 183 157 152 130 116 106 73 40 36 31 
267 449 441 430 415 375 368 364 359 349 343 326 278 270 220 216 215 211 210 205 188 163 155 101 98 89 73 45 40 8 
387 433 408 400 366 364 361 359 345 290 285 253 251 230 228 225 194 179 170 163 141 138 136 89 73 50 48 26 14 4 
186 444 413 408 393 392 367 340 335 324 323 313 277 225 218 212 194 187 169 115 110 97 84 59 53 48 38 32 7 0 
391 445 440 383 377 374 373 368 352 349 330 287 283 278 262 234 220 215 203 199 198 197 188 183 174 107 105 69 64 4 
60 423 411 409 407 404 386 382 321 313 296 294 289 287 268 248 212 206 202 179 168 138 133 122 116 69 52 51 39 26 
218 419 417 412 411 401 375 365 329 302 296 285 280 251 245 239 225 200 192 187 186 185 149 126 80 77 59 35 21 5 
407 426 423 409 404 399 390 389 360 350 333 316 245 243 240 235 229 219 201 153 134 130 129 124 91 86 75 63 60 29 
273 447 446 386 381 374 355 337 332 331 285 284 265 260 222 217 216 195 194 141 112 111 104 101 65 46 41 30 20 14 
410 438 429 426 412 408 397 361 336 319 317 314 312 307 303 302 246 243 222 209 204 193 156 94 83 66 63 54 32 23 
143 437 432 430 421 420 416 359 322 301 285 269 260 255 244 241 220 215 212 207 196 179 154 140 97 89 76 35 26 16 
113 426 401 394 392 369 341 305 304 300 287 282 279 221 190 189 172 171 166 124 121 116 110 99 66 62 57 34 15 9 
287 391 389 386 383 379 374 358 345 340 330 299 285 276 275 268 203 199 178 166 161 113 105 94 88 60 51 50 39 0 
225 389 387 384 377 366 339 298 297 276 274 243 222 218 202 197 187 186 184 183 164 159 107 102 96 78 59 49 13 6 
421 449 432 428 424 418 370 365 342 338 328 324 318 259 255 253 252 243 233 229 199 162 145 143 140 119 72 63 58 30 
299 403 396 395 366 345 335 305 297 293 291 288 287 251 237 232 216 215 178 161 141 135 127 125 117 68 63 56 35 12 
226 429 397 394 383 350 307 293 240 239 235 217 213 198 188 168 127 125 108 103 98 84 79 74 59 37 23 15 14 10 
433 445 444 426 411 387 382 354 311 272 264 256 255 201 196 174 170 165 162 157 151 141 91 85 84 80 47 42 41 31 
331 422 383 378 370 364 332 314 288 278 273 260 255 254 242 219 194 189 183 152 145 140 93 89 88 84 62 30 29 3 
440 438 416 403 391 383 362 357 354 352 347 301 292 282 268 244 236 211 208 198 146 134 129 121 102 56 43 19 14 7 
332 446 441 370 365 364 331 310 284 273 260 250 216 210 200 199 194 189 183 145 140 109 106 93 85 65 30 14 9 3 
334 427 425 417 401 376 373 371 368 362 360 335 312 305 262 258 256 245 196 171 160 155 148 146 101 95 92 65 38 33 
357 443 441 440 430 419 409 404 399 375 353 326 309 270 263 254 219 216 211 210 173 155 105 101 83 49 45 44 14 
81 449 435 432 430 428 374 354 342 338 333 323 320 319 315 314 252 210 205 162 158 148 138 95 94 90 89 72 48 
361 429 418 413 412 410 408 405 387 379 323 295 290 269 207 180 144 142 117 84 70 68 65 63 58 54 52 27 4 
46 449 428 419 414 402 369 363 359 350 312 294 273 268 240 239 235 222 132 125 83 79 63 42 39 19 15 10 3 
62 446 420 394 383 379 360 336 331 314 293 268 260 255 221 219 216 190 178 119 113 111 106 88 39 23 20 19 0 
88 402 381 379 331 325 314 300 292 289 287 255 250 240 224 199 185 177 165 161 160 156 155 145 134 96 67 65 62 
158 436 420 374 350 342 337 311 285 284 280 275 231 227 206 194 185 175 170 141 135 117 112 104 91 86 81 66 14 
371 439 384 380 362 348 338 334 328 294 274 272 270 269 265 253 248 182 164 155 148 123 92 78 74 58 45 40 2 
278 445 439 391 381 377 349 336 331 326 325 285 275 267 262 259 221 210 185 169 156 152 101 100 79 56 45 42 37 
235 449 423 407 406 397 384 383 364 363 359 353 338 316 302 251 226 222 161 139 136 134 133 124 122 117 46 32 24 
40 396 371 362 347 344 303 293 281 267 262 257 234 233 229 216 191 173 159 133 126 119 114 98 54 36 11 8 4 
196 433 432 429 425 423 418 389 383 342 334 333 315 284 252 248 200 162 143 104 90 85 84 72 68 63 54 48 24 
242 446 441 404 378 331 324 305 288 269 263 260 250 245 234 221 219 216 214 198 184 173 145 124 111 108 106 90 80 
293 406 400 397 396 392 389 341 305 299 296 286 282 240 230 226 221 209 190 176 172 140 119 62 57 40 35 29 25 
95 448 447 441 374 369 368 363 351 334 323 269 264 262 261 259 213 182 177 171 163 149 103 82 81 34 13 3 2 
300 426 402 398 369 364 336 317 307 289 263 254 237 222 156 144 139 132 129 113 88 78 72 66 63 43 34 29 3 
313 411 404 401 347 305 296 290 289 237 232 224 199 186 165 155 136 134 131 122 121 109 76 60 44 19 15 12 7 
314 435 426 423 410 376 352 345 331 320 308 301 255 247 246 230 198 187 182 165 132 105 88 83 81 75 62 50 41 
323 444 435 432 375 366 361 360 356 354 322 306 270 264 255 245 212 207 191 186 174 146 97 95 84 81 25 21 0 
163 439 436 390 387 382 374 365 349 320 311 284 275 272 267 261 259 211 195 194 180 169 157 150 104 95 47 36 14 
57 401 383 360 355 310 305 293 291 289 286 209 203 194 190 189 176 119 113 104 85 80 66 61 25 23 20 19 14 
70 392 388 379 368 361 348 318 317 307 271 269 264 263 217 203 194 181 154 132 127 109 91 52 44 42 39 32 1 
255 433 432 424 421 373 342 337 331 324 323 314 309 247 243 241 233 229 199 157 151 143 89 88 84 72 63 62 28 
257 434 430 393 364 351 339 325 303 254 249 241 239 236 213 210 205 169 164 159 155 154 123 44 40 33 30 16 11 
173 441 431 362 357 324 261 247 242 234 211 206 205 161 156 144 137 132 120 91 90 54 40 36 25 22 20 17 5 
342 428 421 389 374 370 365 338 320 311 310 306 289 255 248 200 199 196 158 140 114 86 85 81 68 34 30 24 14 
345 431 424 387 341 314 312 309 299 298 297 287 263 251 239 222 212 199 189 178 161 112 103 89 84 71 38 28 3 
174 445 438 433 391 356 355 327 323 322 317 291 272 265 213 208 197 192 157 147 121 111 98 85 47 37 36 25 1 
58 421 414 371 367 362 361 356 324 295 290 270 252 234 211 210 165 144 142 141 137 105 86 54 31 27 26 21 15 
41 438 433 427 420 415 402 369 343 337 314 312 305 294 273 258 244 222 195 190 157 153 132 129 83 80 42 19 3 
71 429 424 392 358 345 340 303 302 298 254 230 219 212 209 204 199 149 139 133 122 120 115 48 38 32 14 5 
403 440 416 406 400 389 385 351 347 299 296 291 237 232 220 209 175 135 125 122 119 116 90 66 29 15 12 7 
406 414 403 392 384 354 350 339 318 304 303 302 293 288 240 235 212 208 133 129 125 122 109 43 32 24 15 10 
265 443 442 437 432 423 413 399 396 371 306 298 289 284 281 273 272 252 249 216 191 182 174 126 101 72 59 36 
266 449 448 427 373 363 360 358 353 337 269 264 263 253 250 247 219 204 183 157 154 153 140 135 93 78 67 25 
360 446 444 407 356 334 329 323 297 291 266 263 247 219 214 213 203 201 176 153 111 109 104 86 62 57 47 19 
179 437 420 387 368 363 330 322 311 296 253 241 240 221 150 143 138 136 122 107 97 60 52 47 35 31 28 26 
290 418 408 404 394 389 387 386 361 343 313 302 296 279 212 206 169 164 122 118 116 63 59 58 54 27 26 4 
129 440 407 406 378 350 347 315 300 292 268 263 261 260 245 232 201 170 156 153 132 122 80 67 43 41 38 7 
134 440 437 423 415 407 401 347 337 325 316 313 256 247 236 235 198 182 151 146 145 141 131 88 83 67 56 55 
335 449 377 373 368 366 363 339 338 334 299 297 277 276 249 211 188 187 186 124 114 109 63 23 22 12 6 2 
294 436 420 371 363 358 347 330 275 248 243 240 236 232 222 177 167 155 150 138 136 133 122 60 46 41 23 2 
234 422 412 398 393 391 375 356 341 310 307 285 283 242 221 211 197 195 173 161 120 105 58 40 25 17 15 5 
341 397 379 369 364 345 340 324 307 293 283 282 234 230 198 149 144 127 120 115 113 94 89 37 29 28 12 5 
437 449 413 388 380 369 359 351 325 298 274 265 241 236 210 208 179 155 143 134 126 100 90 79 35 28 16 11 
64 427 420 417 391 386 373 330 312 281 280 270 258 197 175 156 150 148 137 131 92 85 82 51 38 36 33 31 
302 411 410 409 406 398 394 340 308 304 296 290 285 239 235 224 219 218 181 128 71 66 65 49 38 35 10 5 
307 429 414 410 373 350 341 336 324 300 283 254 239 234 229 226 193 159 144 120 116 103 94 70 59 50 13 1 
446 434 428 422 379 365 360 332 329 324 284 273 269 264 250 242 214 199 178 152 140 135 109 108 93 62 25 8 
309 436 435 378 357 347 345 326 321 292 268 263 255 237 232 211 197 187 165 153 151 141 105 51 43 38 17 2 
366 389 387 379 362 354 340 338 335 328 323 299 297 274 272 243 225 207 164 124 117 110 92 63 53 2 0 
256 433 429 423 418 390 369 362 334 328 272 264 258 182 160 154 134 94 92 78 73 68 63 50 44 29 2 
91 444 438 433 407 405 379 348 317 295 292 264 248 227 203 202 180 173 158 154 137 114 70 65 63 47 22 
376 427 425 358 348 337 334 315 314 310 274 253 248 247 204 178 164 159 157 114 85 83 78 74 73 67 33 
258 431 427 334 330 317 312 260 256 250 245 244 202 190 170 160 156 155 154 101 92 65 64 61 41 31 5 
94 431 413 410 408 341 337 336 327 320 307 298 287 261 256 230 222 183 167 166 156 140 97 81 73 72 50 
214 446 412 385 360 338 333 295 271 270 261 250 246 242 232 223 205 182 181 176 117 108 90 72 31 17 11 
320 441 429 413 368 351 342 338 337 319 314 269 262 261 204 193 183 171 169 163 157 97 94 82 81 72 67 
145 432 421 418 417 378 363 359 337 332 331 249 248 243 242 241 222 219 167 151 147 139 134 93 88 61 24 
146 440 435 428 369 362 354 343 334 325 323 272 263 244 210 209 208 182 154 148 134 100 92 84 63 24 2 
393 439 385 372 370 349 346 324 291 259 257 234 186 169 147 121 115 105 79 66 61 37 32 25 20 5 1 
330 413 404 391 372 367 308 301 294 287 282 272 258 248 211 203 199 179 121 107 77 69 64 33 31 23 2 
33 430 425 424 411 376 372 346 334 330 296 285 262 257 244 241 170 165 154 150 147 142 80 75 64 32 11 
101 449 447 409 385 380 368 358 357 353 334 284 279 278 273 270 267 265 258 228 219 177 155 114 87 45 8 
157 449 433 376 364 349 343 324 320 279 266 261 255 253 250 205 174 169 163 151 150 85 80 73 41 36 4 
7 440 416 411 403 399 390 384 325 313 304 269 223 191 186 165 160 133 129 124 109 76 55 45 43 34 24 
230 431 429 418 408 397 392 387 358 341 319 314 303 293 251 204 197 183 161 149 103 94 71 32 29 23 18 
232 403 356 350 313 309 305 299 294 246 240 223 214 205 195 185 136 133 131 129 125 43 39 34 21 19 15 
15 406 403 394 349 316 313 291 239 234 232 228 226 201 168 137 136 127 124 122 113 108 58 46 42 14 9 
127 409 394 378 341 336 319 304 299 288 240 229 226 200 198 180 139 130 116 111 108 70 18 15 14 10 1 
415 426 418 401 369 364 359 358 322 267 249 246 237 233 222 198 188 147 139 134 131 123 74 66 41 24 3 
18 411 409 395 385 352 319 251 237 230 229 215 205 180 176 171 166 139 130 127 111 110 49 17 12 6 1 
418 429 421 416 415 367 362 361 356 339 290 256 252 251 249 240 230 200 196 159 145 142 137 86 69 50 27 
420 417 412 409 404 401 322 311 294 289 227 221 179 158 143 142 138 133 131 104 69 64 62 52 48 41 23 
284 446 445 392 388 383 381 372 355 332 297 273 265 227 222 196 175 163 158 135 121 101 86 85 48 36 26 
86 418 407 379 365 360 342 338 317 284 252 250 248 243 229 227 158 148 140 137 135 114 104 58 47 39 25 
428 446 445 421 379 370 350 346 342 337 289 285 260 250 206 199 160 146 117 112 109 81 80 75 46 19 2 
203 392 391 379 360 355 346 330 291 289 287 282 240 199 176 172 166 160 121 109 105 91 70 65 61 57 19 
135 446 422 417 413 403 398 384 356 337 327 299 291 284 274 266 237 227 176 159 158 111 86 54 52 49 23 
206 428 400 382 379 348 338 292 290 285 268 202 175 173 168 158 118 112 104 68 60 59 54 39 22 9 4 
248 405 384 376 371 365 342 337 330 306 294 227 204 200 196 155 145 140 114 112 91 86 61 60 25 24 2 
208 444 442 440 437 406 396 355 354 327 291 281 264 260 217 212 174 171 150 146 116 111 102 84 45 11 1 
295 439 434 402 392 361 338 324 317 312 271 254 222 214 209 199 181 144 142 118 99 93 91 58 13 2 1 
48 425 420 392 387 374 351 340 284 277 210 196 194 191 186 167 162 131 105 104 90 81 71 52 16 14 5 
52 420 408 379 369 361 356 355 318 274 228 209 199 189 179 138 136 135 131 89 75 70 60 48 25 21 14 
216 422 375 368 359 357 332 299 283 273 267 265 263 260 242 219 193 159 152 150 89 87 62 40 35 19 
150 442 427 424 404 396 347 338 337 306 303 294 289 252 216 208 179 163 157 148 133 126 69 64 36 33 
368 449 391 377 375 359 335 334 326 320 271 270 269 267 262 216 215 179 171 166 152 101 95 89 70 42 
304 448 436 406 370 352 338 333 302 292 280 236 223 190 182 165 141 127 113 108 100 72 67 56 10 7 
50 436 429 418 387 377 346 319 314 307 288 287 272 256 209 193 177 166 138 98 94 89 76 73 68 17 
372 445 434 424 393 390 349 346 330 303 284 259 249 236 231 213 165 164 159 123 121 69 34 33 25 6 
93 447 446 442 436 379 365 337 332 331 295 289 276 271 266 250 222 199 165 145 112 109 107 65 51 19 
132 443 404 399 381 355 353 324 319 314 300 271 263 240 239 190 173 156 129 83 70 54 46 41 39 25 
264 446 433 431 422 365 362 327 323 322 266 261 256 250 245 213 208 185 160 95 91 70 47 37 21 5 
318 421 416 411 406 392 379 356 340 289 277 250 199 181 170 167 166 162 160 126 125 109 75 70 52 19 
388 439 437 395 349 346 336 327 284 250 231 217 194 190 176 116 110 105 104 102 90 79 70 6 1 0 
389 407 403 366 347 342 337 297 293 291 290 288 287 282 276 225 201 200 196 178 85 68 63 21 20 0 
13 435 422 409 405 396 344 326 312 307 295 271 254 229 225 220 215 181 171 164 95 87 82 74 49 35 
34 448 435 431 426 390 372 356 346 342 338 326 300 275 261 251 232 223 177 113 108 95 21 7 5 2 
136 434 423 412 404 387 359 350 349 338 322 313 297 294 240 238 235 232 179 142 124 117 52 27 15 10 
325 437 423 416 369 364 343 298 278 272 262 259 257 249 236 217 187 172 146 134 88 67 56 44 24 7 
28 449 442 437 401 359 351 345 341 327 286 269 255 236 217 212 210 205 195 179 171 155 102 90 89 11 
402 448 381 379 358 350 300 295 289 271 268 245 204 199 185 178 161 156 114 109 88 79 46 41 39 10 
117 428 405 394 366 361 359 338 299 289 285 251 235 214 164 158 141 136 133 130 124 119 110 80 68 19 
404 423 420 417 407 357 330 316 313 308 296 290 242 240 198 156 150 136 132 126 122 83 77 60 31 22 
236 449 440 437 414 383 372 364 347 325 304 303 294 283 282 257 215 210 194 167 138 134 102 100 77 28 
333 412 407 394 350 316 304 301 270 246 240 215 214 201 196 187 182 124 121 110 100 81 72 31 21 11 
201 433 407 399 389 378 360 355 343 333 329 328 317 245 240 227 219 153 137 130 129 124 63 47 20 15 
274 447 437 413 408 405 376 371 366 362 315 298 277 272 225 222 220 183 135 96 90 73 52 45 31 16 
166 442 390 385 379 377 368 352 318 288 287 283 275 203 197 193 160 144 113 107 103 98 94 50 18 17 
169 393 382 380 320 290 286 281 278 262 261 257 217 200 186 168 163 157 147 111 110 92 56 53 31 20 
283 422 414 391 390 386 341 324 307 236 234 216 197 171 170 166 144 120 110 106 100 87 82 54 51 25 
43 445 440 406 399 390 356 350 347 321 309 300 237 232 219 185 180 165 129 125 122 76 66 39 21 7 
416 440 435 423 418 403 369 367 354 325 318 277 269 252 228 210 187 148 143 133 100 97 84 44 24 7 
172 396 383 364 325 293 281 224 210 209 205 203 194 171 155 144 124 113 109 100 61 56 35 23 19 10 
346 428 424 393 390 388 385 379 372 324 298 282 275 203 192 165 160 139 128 102 50 44 39 34 33 12 
349 445 393 391 388 377 372 326 301 285 278 267 262 210 195 168 163 157 152 147 136 121 105 53 36 15 
103 445 422 419 396 355 350 345 329 312 311 307 291 239 230 226 197 192 190 166 161 149 95 82 80 59 
353 409 381 362 357 355 326 319 271 266 261 251 247 235 229 211 210 155 140 139 132 101 49 45 22 17 
425 449 447 427 423 376 374 363 348 334 286 224 196 182 178 167 114 109 74 72 67 63 54 48 33 16 
288 414 406 401 389 381 352 331 324 299 242 237 220 215 209 171 166 130 127 125 119 50 29 20 17 12 
355 443 399 381 378 353 291 289 284 273 222 208 203 201 174 153 142 138 132 111 103 89 59 57 52 21 
431 438 382 379 345 340 292 264 263 258 244 230 213 209 202 199 183 173 149 120 112 94 68 34 22 5 
289 447 445 428 420 402 381 355 342 337 318 313 300 265 240 203 177 156 150 117 112 93 88 85 60 57 
436 448 447 390 385 382 374 358 324 309 304 294 292 279 275 268 177 165 163 160 158 112 109 93 50 3 
144 441 398 390 367 362 361 341 307 300 295 283 241 210 197 173 172 166 161 142 120 72 63 58 56 30 
251 429 418 413 387 369 353 345 319 299 297 238 235 230 218 207 199 149 139 120 117 68 34 27 18 5 
176 417 409 388 384 360 327 324 293 250 237 214 209 203 189 159 147 135 128 118 99 57 25 19 18 3 
441 447 443 430 399 369 363 357 332 320 269 267 263 242 210 205 193 188 177 173 144 95 90 87 44 3 
9 442 400 343 338 332 316 301 285 277 231 228 227 211 206 200 195 131 118 113 106 105 102 15 3 2 
21 423 412 389 355 333 323 322 264 245 233 232 228 223 218 178 142 138 130 89 59 58 52 43 34 20 
147 415 401 393 370 349 324 310 305 286 213 190 189 176 174 169 145 140 139 125 123 74 66 61 33 25 
45 384 371 367 362 357 354 353 282 278 274 267 208 191 187 164 159 133 123 102 101 49 12 11 7 
0 444 439 389 388 383 367 366 329 323 287 276 268 219 187 186 178 104 97 96 84 62 53 12 6 
296 404 403 400 394 392 313 302 293 290 285 244 218 212 209 179 175 123 122 119 65 60 33 32 4 
298 437 400 365 364 346 345 327 325 274 265 225 217 212 184 165 140 126 125 102 94 71 61 6 4 
66 417 415 410 403 393 374 302 300 237 213 209 204 190 189 185 158 147 123 113 74 57 43 32 24 
68 431 396 389 361 342 337 299 256 251 227 209 206 196 130 120 119 117 112 85 50 35 31 29 2 
122 411 406 404 403 384 313 296 294 290 235 209 181 180 179 175 133 129 125 119 71 65 60 43 15 
241 437 424 419 370 369 365 359 347 343 322 260 257 255 189 179 167 145 144 143 142 140 35 33 30 
198 440 415 404 401 391 352 341 314 246 242 240 237 226 224 134 127 121 116 115 75 65 17 12 1 
243 445 426 421 412 410 409 407 366 319 297 294 255 229 225 187 182 145 139 110 86 72 49 35 31 
310 427 417 413 401 376 358 342 339 332 311 286 234 229 221 183 147 131 119 114 106 78 57 16 4 
311 433 420 409 342 317 310 305 253 239 227 195 190 179 163 158 137 104 103 89 84 80 73 72 47 
312 438 429 410 381 350 345 334 295 271 258 254 244 239 193 190 185 161 156 103 65 64 46 41 13 
149 443 431 417 401 365 341 328 275 251 230 218 213 197 187 185 161 156 112 103 95 82 80 71 5 
200 429 418 394 389 342 332 286 279 252 248 228 218 196 169 127 118 108 106 59 54 24 16 9 3 
315 449 384 376 363 347 286 274 268 262 261 247 196 171 164 162 159 138 129 106 81 73 72 67 16 
316 423 407 404 350 348 338 333 317 263 253 240 235 227 137 134 125 124 89 83 47 24 22 15 9 
317 444 438 426 410 348 316 311 305 300 295 270 258 244 239 201 174 91 86 85 80 78 70 25 20 
219 407 378 360 357 331 302 297 270 268 266 263 242 216 201 191 180 153 145 101 71 62 43 38 0 
111 422 378 360 355 339 273 245 242 240 217 208 183 174 169 139 135 130 127 109 104 62 37 20 18 
202 438 431 400 350 348 339 321 258 244 239 225 220 211 206 170 168 120 115 96 91 78 60 5 4 
370 428 422 421 419 393 383 342 338 332 331 328 304 252 241 199 194 189 152 151 147 79 67 61 53 
224 425 423 412 386 356 313 308 302 297 292 281 280 245 198 182 172 155 141 121 88 83 65 25 12 
254 390 357 348 336 331 326 312 307 300 295 271 257 233 210 191 151 123 120 97 76 71 30 13 8 
374 436 425 391 383 365 342 287 282 275 273 210 185 167 163 162 161 158 105 95 81 66 48 16 5 
326 448 447 435 424 368 359 357 353 349 309 278 267 259 254 215 210 177 168 139 100 87 38 34 13 
184 413 408 392 337 305 301 298 271 242 225 222 221 215 188 187 183 156 131 125 102 73 42 35 6 
438 444 440 431 427 426 410 381 354 350 317 312 270 239 220 211 202 195 175 174 91 87 85 59 41 
90 442 441 439 437 413 403 388 351 347 329 286 274 261 242 214 196 173 106 104 102 81 48 28 16 
227 444 426 420 405 379 338 316 311 284 250 248 204 201 180 158 135 114 104 91 86 68 39 25 9 
228 416 411 392 387 385 380 369 279 277 210 205 200 195 189 167 162 115 106 101 99 52 21 15 9 
444 438 433 381 367 360 356 323 317 272 270 245 227 213 212 208 186 181 180 98 91 42 12 6 0 
259 421 393 390 377 372 365 326 325 278 275 262 215 187 185 168 163 152 95 87 76 56 42 30 5 
170 433 414 411 392 387 367 354 318 283 258 244 239 231 213 202 197 158 141 129 59 51 33 32 14 
12 444 403 384 346 341 335 313 299 288 285 224 223 215 198 121 116 115 110 108 45 18 11 6 0 
286 442 425 417 383 339 327 315 310 308 293 262 237 200 194 169 147 119 114 90 85 59 57 28 
67 448 434 425 423 376 370 358 325 320 315 304 268 266 261 250 209 205 178 151 134 129 88 36 
123 434 415 395 385 372 371 367 344 296 257 254 220 205 164 147 125 76 74 66 45 35 32 25 
181 444 439 434 405 392 338 324 318 302 295 238 214 185 180 159 133 122 109 70 65 49 32 13 
23 420 410 397 392 384 336 335 330 294 291 282 230 226 221 205 204 172 171 135 121 114 62 57 
160 436 428 379 377 362 346 334 318 269 264 258 256 203 191 166 154 98 92 88 76 44 39 7 
19 440 428 360 350 318 313 260 232 216 203 176 172 167 126 117 93 80 62 57 56 46 42 41 
384 406 405 377 371 363 358 315 282 276 248 235 225 176 138 135 133 122 112 45 23 12 11 7 
351 437 435 430 403 369 347 329 320 269 257 253 210 205 204 167 133 95 90 89 77 48 44 28 
424 435 421 373 372 346 345 326 306 263 262 255 252 241 231 192 165 151 150 148 75 71 38 33 
185 412 402 374 336 324 312 278 264 259 246 232 218 199 187 181 158 156 149 88 66 63 43 39 
61 429 417 393 370 365 327 298 262 260 258 248 244 213 203 172 147 145 140 139 79 57 35 24 
322 439 420 415 413 365 359 356 323 264 246 245 241 233 179 174 143 140 136 131 53 25 21 16 
116 403 400 388 369 344 307 290 285 282 217 208 198 127 119 113 104 84 69 65 60 54 12 4 
131 420 415 412 409 322 313 310 305 232 195 190 184 183 148 142 134 85 80 79 64 52 48 9 
47 433 426 360 343 316 311 264 253 201 190 179 174 163 125 104 91 89 86 85 84 80 75 73 
133 420 416 406 384 351 347 294 235 232 220 181 150 122 117 114 71 60 45 40 31 24 11 7 
301 445 443 440 394 367 359 349 333 330 314 308 277 239 220 215 187 184 143 110 105 97 14 9 
280 448 423 419 414 411 373 338 321 304 297 231 224 218 197 194 189 158 141 107 79 64 51 17 
363 449 447 441 425 384 337 335 315 294 269 266 245 235 222 204 179 145 114 107 95 89 46 24 
303 429 410 406 390 372 339 262 257 249 236 231 230 210 159 156 155 150 71 69 40 32 11 5 
118 442 400 395 390 369 327 295 290 279 270 250 231 220 217 206 200 189 176 121 102 99 11 9 
152 446 439 434 370 368 359 349 344 331 285 278 260 259 249 221 216 188 106 98 80 69 8 4 
76 434 399 390 385 313 308 277 275 269 259 254 187 165 160 143 123 109 99 97 50 43 8 7 
447 449 445 441 436 435 425 405 369 363 326 289 274 273 269 211 183 155 114 101 95 93 4 3 
99 385 343 338 337 295 282 277 228 222 217 205 176 162 121 118 115 113 110 102 76 25 3 2 
154 430 373 362 266 263 258 257 256 250 197 160 148 146 143 100 96 91 70 33 32 22 11 
347 440 403 389 351 315 313 309 294 241 236 223 150 134 133 129 126 90 44 43 40 16 11 
373 424 422 391 350 335 334 307 281 280 276 270 266 260 255 250 244 197 154 82 64 51 36 
297 423 395 389 366 360 345 335 299 284 280 270 251 243 225 224 219 175 153 141 136 63 26 
375 443 442 432 408 396 368 357 354 323 306 267 263 262 252 239 234 218 216 162 124 89 36 
100 437 419 416 414 362 352 333 326 304 283 278 263 236 223 182 172 168 154 146 84 79 56 
221 439 422 420 338 310 305 293 278 242 234 195 190 184 179 152 124 119 113 108 80 62 23 
188 441 430 429 415 391 377 364 335 276 267 262 249 226 205 184 156 152 69 51 42 37 4 
422 446 445 373 370 365 331 283 264 260 234 221 216 193 159 140 135 111 106 103 80 59 13 
106 422 339 332 315 310 283 279 268 242 228 200 183 159 152 90 85 62 59 39 9 4 3 
74 427 425 415 401 396 395 376 371 348 305 270 238 226 215 147 125 123 92 66 35 13 8 
51 414 390 377 373 364 309 287 283 280 249 197 188 170 165 108 107 93 79 64 60 55 17 
97 416 413 385 359 344 323 320 301 269 254 233 220 215 191 186 179 143 94 84 76 53 0 
358 436 415 402 384 376 310 294 287 275 266 240 230 204 177 156 155 114 101 71 67 36 24 
305 417 409 401 334 317 313 311 299 293 242 237 232 221 184 183 147 131 113 74 57 41 38 
42 444 439 433 381 368 344 278 271 259 245 188 184 164 156 98 80 70 46 41 19 15 8 
435 448 447 432 424 423 416 351 326 323 314 309 199 187 177 146 89 87 84 81 38 34 13 
148 424 416 371 367 362 334 306 252 245 244 155 154 150 146 137 131 86 85 81 80 64 25 
252 429 424 421 418 416 414 375 370 328 324 306 265 238 200 196 159 150 148 86 81 58 25 
268 440 436 402 399 386 315 309 292 287 285 261 219 206 165 129 106 67 62 60 46 39 0 
138 449 420 392 387 384 359 356 355 315 294 236 179 167 162 89 81 60 55 52 50 26 21 
292 448 440 436 431 321 309 304 285 268 224 206 165 129 110 96 91 88 65 63 39 29 5 
339 418 413 406 335 310 303 286 257 225 220 211 202 193 155 130 111 106 96 78 32 22 16 
367 444 434 418 416 411 390 330 301 238 213 210 191 186 170 159 148 144 123 59 58 45 0 
408 410 405 400 392 387 375 364 361 306 290 277 274 260 230 186 184 167 162 125 94 52 4 
120 431 398 392 369 364 362 341 307 283 254 251 234 209 207 202 173 161 144 139 112 71 68 
130 407 399 381 344 339 291 288 229 212 201 153 139 127 119 117 111 73 68 63 21 18 4 
153 426 407 399 360 355 309 297 270 266 245 219 201 187 182 130 129 105 80 72 41 39 31 
237 415 409 403 401 378 313 309 305 300 299 291 288 286 209 198 176 135 66 43 39 18 
24 416 415 406 363 358 342 325 316 248 235 222 200 196 146 145 133 66 61 55 32 7 
6 449 444 439 388 383 379 372 340 335 298 282 225 184 159 115 110 102 54 18 12 0 
162 449 433 421 408 375 374 365 318 315 306 260 253 228 210 196 138 99 84 81 73 48 
212 444 413 406 354 345 340 323 298 296 291 290 233 208 186 143 130 119 89 71 60 28 
381 448 444 438 402 355 353 312 289 288 284 278 273 245 222 132 130 119 109 98 88 42 
108 446 394 352 304 250 242 226 221 214 205 200 171 127 124 80 51 34 17 15 12 10 
434 446 392 385 372 367 295 261 257 238 233 205 191 181 152 136 123 76 67 27 25 8 
348 427 425 376 371 317 316 270 254 215 211 206 202 151 92 91 87 85 74 70 31 30 
385 439 436 434 403 393 346 324 228 214 209 191 166 123 101 99 97 76 53 18 17 11 
26 429 413 400 387 359 297 290 285 284 253 207 179 175 143 138 114 65 60 58 54 27 
92 371 366 348 334 270 258 256 229 220 215 169 168 160 155 146 110 78 74 64 36 31 
414 417 406 398 395 307 288 283 280 252 236 215 197 170 125 100 63 58 51 46 35 10 
229 421 412 407 353 310 307 255 243 220 180 130 128 127 92 86 72 40 31 18 13 1 
73 387 376 364 315 311 274 272 267 256 220 211 184 162 157 130 94 50 47 36 31 4 
442 396 380 375 354 286 281 269 265 260 208 205 171 166 150 118 93 90 84 56 28 9 
217 388 364 336 325 298 273 226 208 194 183 169 118 116 111 104 99 84 70 28 20 1 
20 394 393 389 362 317 291 288 273 223 217 201 178 173 169 137 111 104 62 57 54 21 
195 438 427 401 349 338 327 311 273 272 234 232 228 221 163 131 124 89 41 28 14 9 
399 445 441 407 390 378 357 355 268 265 263 201 182 175 156 153 132 130 85 76 43 7 
69 427 420 418 417 413 401 391 372 330 303 240 193 188 152 150 121 116 78 60 36 32 
427 438 425 376 348 334 310 266 258 195 168 159 151 150 85 78 74 69 64 41 36 
151 433 427 424 370 365 348 338 337 309 255 254 247 189 157 145 139 134 84 67 30 
327 401 388 365 359 298 291 286 264 250 208 195 189 176 174 135 118 94 89 61 28 
343 395 382 369 325 290 279 272 267 241 201 189 157 146 99 80 47 41 35 31 9 
177 448 441 436 435 379 358 326 294 289 275 250 240 211 155 114 101 95 88 50 34 
10 419 414 406 402 392 383 304 302 282 226 194 172 168 136 127 108 84 79 46 27 
271 402 368 353 319 312 295 254 222 214 199 184 183 180 132 109 93 70 65 42 13 
83 410 404 376 362 357 316 314 247 246 240 224 156 137 134 132 55 46 44 41 22 
394 380 338 333 302 301 296 290 226 223 200 191 127 121 117 113 110 108 62 20 15 
396 442 375 352 344 299 293 265 262 260 209 208 172 150 103 82 74 68 40 35 13 
247 443 376 360 353 315 314 266 263 261 255 239 173 164 151 140 134 84 83 55 36 
164 380 376 372 371 366 315 290 257 247 238 233 225 142 123 117 110 45 42 13 8 
277 416 411 408 405 400 369 335 318 301 274 228 191 186 105 99 76 48 14 9 4 
44 441 430 423 416 357 351 347 346 325 313 308 257 256 250 187 182 171 160 83 70 
443 441 419 375 362 357 355 329 306 301 265 261 247 239 211 149 132 110 105 59 22 
1 405 397 393 388 324 307 295 229 217 208 198 194 180 174 159 127 98 70 37 18 
405 447 408 384 361 277 274 248 238 227 183 181 159 128 117 114 91 49 32 13 1 
340 431 413 392 379 366 341 318 302 287 276 269 212 194 186 161 71 48 39 38 6 
386 423 324 290 287 285 283 273 268 224 222 197 189 175 107 65 64 60 54 39 3 
426 438 433 419 415 410 409 407 317 314 300 243 227 213 190 153 113 78 75 47 34 
400 413 408 403 392 387 344 298 296 293 277 206 202 119 118 116 114 26 9 4 
308 430 417 412 404 356 330 314 302 301 286 224 187 171 105 77 76 65 44 25 
175 438 417 403 399 386 382 328 297 296 284 209 206 197 158 122 64 59 38 26 
79 437 402 393 388 370 321 280 278 226 190 168 131 100 61 53 51 46 17 10 
8 446 434 395 390 377 344 267 262 254 164 155 152 125 101 76 74 42 40 37 
178 446 425 402 389 376 345 299 287 276 220 209 205 161 119 67 62 21 20 0 
430 441 412 357 351 308 269 267 261 257 253 188 171 154 143 81 44 39 38 33 
336 429 410 397 388 383 307 300 278 254 217 190 185 127 104 94 75 62 37 23 
382 449 445 439 436 433 431 390 354 343 321 269 253 211 206 175 169 163 60 5 
193 441 429 422 410 390 339 320 312 307 260 216 205 197 166 159 87 82 69 50 
275 436 374 358 346 328 294 287 278 259 187 177 166 163 158 149 102 76 39 34 
16 437 425 413 412 374 347 339 322 315 310 274 257 200 167 143 104 90 77 48 
180 444 439 361 329 271 229 227 219 181 163 127 122 109 104 91 43 32 18 1 
167 425 408 374 351 318 294 260 241 236 228 205 145 138 126 94 48 19 16 11 
75 428 426 424 423 407 352 336 318 314 246 199 198 182 156 84 52 47 33 2 
246 415 412 410 333 324 322 314 233 232 214 199 198 190 185 142 84 83 75 63 
98 444 381 377 354 281 267 262 245 226 174 166 160 152 84 50 42 40 37 1 
142 429 420 418 361 356 355 324 295 246 241 238 190 164 144 136 131 58 33 21 
231 424 395 390 388 372 369 303 282 280 194 192 170 159 158 118 102 55 38 9 
22 445 443 431 404 353 339 335 321 316 263 244 211 206 173 154 96 91 83 59 
107 391 386 364 363 330 280 276 225 199 189 183 179 166 165 159 105 93 51 3 
395 414 411 409 388 369 343 299 297 272 231 189 141 123 118 102 74 63 18 8 
306 443 432 424 423 408 375 354 342 323 265 260 252 248 239 162 150 148 72 35 
78 429 427 426 376 371 339 317 310 300 270 266 256 225 202 159 96 92 85 69 
279 436 390 380 343 338 337 290 228 222 200 157 156 118 113 112 106 101 3 
352 440 396 391 378 314 304 288 205 198 171 166 108 100 75 56 35 29 18 
377 445 391 384 368 349 335 278 276 259 249 225 188 166 160 98 51 50 8 
137 418 329 328 316 311 263 245 238 201 173 148 91 86 83 64 58 20 15 
56 442 440 364 352 325 304 299 278 262 259 215 210 172 169 144 134 100 19 
115 439 393 341 324 228 209 202 198 186 161 112 102 99 96 71 32 12 6 
17 385 378 353 309 288 280 234 214 198 173 166 161 108 79 51 50 18 5 
398 417 414 412 356 324 302 300 291 234 205 192 161 144 135 120 77 54 25 
238 434 405 367 362 319 252 251 215 191 181 164 142 139 137 136 74 49 27 
128 417 412 411 409 405 346 319 302 250 229 220 192 187 176 165 139 49 35 
87 441 438 435 350 348 326 324 283 259 239 216 215 211 205 193 168 101 13 
276 389 384 377 373 340 335 287 249 225 197 188 183 178 159 110 107 93 0 
249 432 418 415 413 377 372 335 325 303 276 265 257 191 188 152 145 55 51 
49 411 405 357 353 302 243 238 225 182 181 135 128 110 45 32 31 18 13 
29 407 403 397 390 352 341 331 300 293 292 288 256 230 171 68 63 30 
329 446 443 360 351 328 270 245 218 201 180 137 126 103 90 77 35 0 
207 429 413 369 366 361 354 323 285 251 143 141 120 89 84 65 53 26 
204 410 402 392 376 363 358 351 337 320 266 248 230 227 140 71 66 23 
378 399 355 352 350 331 309 245 242 237 219 201 145 129 127 111 39 17 
53 439 385 370 366 365 356 349 322 207 191 190 186 169 97 79 11 0 
380 442 437 394 371 362 338 281 279 228 191 169 164 101 72 54 11 2 
448 436 435 402 381 326 304 292 280 266 261 250 177 165 95 67 36 34 
432 435 421 413 375 354 323 306 265 255 249 233 196 191 145 143 89 81 
77 404 398 351 330 329 308 260 236 218 210 126 59 38 35 16 11 
328 421 371 370 366 362 329 275 256 252 245 239 201 175 149 137 59 
319 410 353 320 271 251 243 238 230 171 140 132 128 127 81 50 18 
37 429 393 341 336 278 264 226 213 188 174 111 98 84 8 5 1 
96 339 292 274 263 225 202 154 115 112 110 104 88 78 54 22 0 
168 427 349 326 259 226 215 206 202 169 100 92 87 79 60 15 10 
30 421 369 364 348 342 332 331 273 259 257 254 241 194 151 144 29 
281 442 380 373 354 270 265 262 224 208 172 169 155 98 82 64 40 
55 411 364 359 321 249 247 231 182 141 139 138 134 83 51 24 7 
419 443 426 411 370 357 280 241 218 213 197 192 190 103 100 46 10 
192 445 424 419 398 346 231 220 218 174 165 139 128 121 103 38 
223 394 356 347 304 232 214 205 124 100 34 21 20 12 11 7 
233 434 432 421 415 344 322 255 254 246 212 191 164 97 40 21 
126 437 404 347 329 318 298 265 260 218 167 150 77 40 35 19 
321 390 382 338 309 292 280 202 165 112 79 60 55 43 22 
397 429 410 383 341 336 293 235 230 226 209 29 25 23 1 
82 429 396 373 320 283 281 270 193 171 149 103 95 64 13 
344 400 396 233 220 152 130 123 116 97 42 40 13 8 
27 434 418 361 324 290 285 251 238 136 58 54 26 10 

