0 444 442 439 367 366 329 328 292 276 268 219 214 213 208 202 186 173 163 104 96 53 48 22 6 
1 410 405 397 334 324 307 298 295 290 269 217 203 189 180 173 159 127 118 113 103 70 65 49 44 37 34 18 
2 435 428 424 371 344 338 330 325 299 275 265 261 256 248 220 215 210 204 158 146 130 119 105 100 79 68 45 36 31 29 
3 447 446 380 369 332 331 285 279 275 259 255 222 221 217 189 166 156 140 116 107 101 99 35 9 
4 437 413 408 400 397 381 310 298 286 271 267 222 220 188 183 130 116 113 112 107 73 68 42 40 
5 431 408 392 387 374 341 323 307 283 268 264 259 251 161 149 71 48 43 39 34 
6 449 439 398 388 378 340 338 335 329 282 279 229 213 208 198 192 169 128 115 110 102 99 53 44 39 28 23 12 0 
7 416 403 399 385 384 380 339 335 324 313 301 279 225 223 209 191 186 169 133 124 105 76 45 43 29 
8 441 440 434 381 377 330 300 295 294 276 267 262 254 246 245 236 224 211 210 164 152 129 74 56 42 37 20 
9 401 392 391 375 343 341 311 302 296 291 285 277 228 221 220 217 195 128 126 118 116 113 105 62 32 15 3 
10 431 419 414 406 367 328 307 283 278 273 226 212 194 136 117 79 68 46 
11 449 444 437 423 418 398 393 389 380 372 347 339 303 293 282 274 270 234 224 219 208 192 169 167 155 114 104 77 54 49 48 45 38 33 28 23 
12 409 378 364 346 288 279 275 259 236 231 229 223 220 215 199 198 165 160 133 130 121 110 55 50 43 39 18 6 
13 422 417 405 400 395 390 359 344 331 312 307 305 276 271 255 254 229 225 210 197 164 145 139 82 74 61 56 
14 440 388 383 375 285 231 211 207 195 177 172 170 163 158 121 105 53 48 26 15 
15 406 402 393 349 316 302 291 234 226 217 178 128 124 113 111 108 46 37 14 9 
16 449 437 425 412 403 347 339 329 322 310 257 254 243 229 213 200 169 143 142 123 109 90 85 53 43 
17 391 386 378 354 344 335 324 288 285 276 275 264 220 198 170 166 161 129 124 114 108 60 54 51 18 
18 415 414 409 401 370 352 331 319 310 305 275 242 237 230 229 215 184 176 166 159 139 135 130 127 71 49 17 12 1 
19 442 440 428 421 406 401 391 350 342 323 321 316 313 207 203 170 147 141 136 93 88 80 62 51 33 
20 403 402 394 381 358 353 317 307 291 288 283 279 273 232 227 222 201 169 164 132 118 111 108 82 54 42 21 8 
21 423 418 412 403 398 360 355 348 344 328 289 279 245 240 232 142 130 64 52 48 20 
22 445 443 431 364 353 340 334 329 321 316 280 269 263 239 235 229 224 214 206 175 173 120 109 96 91 83 65 64 59 55 24 0 
23 444 415 410 397 384 294 287 282 281 270 226 204 172 169 167 111 110 57 49 45 24 11 6 
24 426 423 415 407 398 376 363 358 337 321 316 263 248 241 235 145 112 77 55 51 23 22 
25 448 446 434 427 407 356 332 327 324 288 266 237 232 214 209 176 152 137 123 99 98 86 67 43 
26 423 394 387 349 297 290 285 234 207 175 108 65 60 53 27 14 
27 418 409 405 366 361 340 328 265 251 238 229 164 154 149 148 141 139 136 125 65 60 59 49 26 
28 449 442 437 430 425 415 404 385 359 346 344 335 334 327 291 289 286 269 265 255 250 245 240 236 217 212 199 181 180 179 176 171 126 102 89 66 61 40 11 6 
29 423 416 403 390 347 300 293 288 281 256 247 246 236 223 210 178 177 172 151 122 120 76 72 71 68 67 62 57 41 30 7 2 
30 421 412 408 387 369 364 343 333 331 327 247 241 238 208 178 162 151 144 139 72 62 61 58 34 29 
31 445 428 418 399 362 344 343 330 319 279 272 258 248 238 220 182 105 92 2 
32 411 406 405 395 393 340 339 303 296 295 290 285 240 239 213 186 181 170 154 149 123 120 109 71 69 65 33 9 
33 440 430 425 424 401 372 340 335 334 296 286 269 262 257 250 244 171 170 154 147 142 131 126 120 85 80 71 70 66 64 37 32 19 11 
34 448 436 432 426 418 413 412 402 397 333 287 275 267 241 185 177 171 166 161 156 137 113 108 95 81 30 5 1 
35 447 432 427 422 421 414 409 396 342 337 332 323 306 299 283 252 242 241 216 189 184 183 172 158 152 126 113 77 74 68 61 38 36 3 
36 428 427 409 375 362 358 353 338 337 299 265 260 184 183 158 157 150 129 119 67 40 35 2 
37 399 393 368 355 345 341 336 334 303 290 278 275 264 245 226 213 188 123 116 111 69 65 33 15 8 1 
38 424 417 399 389 334 302 265 244 241 192 187 181 90 77 76 64 50 45 35 11 
39 430 378 365 361 351 341 340 268 187 185 161 153 117 76 71 70 43 12 6 5 
40 447 437 432 396 371 362 357 353 347 344 342 339 318 306 267 252 243 234 229 216 191 183 182 178 162 148 133 126 119 107 101 43 36 28 4 
41 427 420 415 402 343 312 305 247 195 190 179 178 173 157 134 132 83 80 74 67 64 42 29 
42 386 381 368 359 354 350 299 278 274 271 245 224 190 188 180 161 156 130 125 119 104 98 46 41 20 8 4 
43 425 416 399 385 380 361 356 355 350 347 345 325 324 309 291 279 260 255 237 236 232 229 219 191 129 126 122 117 109 90 85 76 71 66 40 39 25 16 12 7 5 
44 430 423 397 371 357 352 351 340 313 308 302 292 276 261 250 216 198 171 160 103 88 83 82 70 6 1 
45 403 389 384 372 371 303 298 282 281 274 267 191 172 164 159 158 138 133 101 87 78 77 49 38 23 11 7 2 
46 402 359 358 354 350 349 312 299 273 268 249 240 235 222 194 189 188 183 178 132 125 114 98 42 15 10 
47 433 426 415 410 384 359 350 343 324 316 311 295 284 269 253 235 204 201 195 163 154 135 91 86 73 70 
48 446 411 392 387 360 355 284 277 195 167 136 121 105 104 76 71 52 21 14 11 5 0 
49 441 405 376 366 357 353 317 315 282 281 258 247 243 238 237 225 196 186 172 153 135 128 127 106 91 72 45 27 23 18 11 1 
50 436 429 362 358 353 346 319 256 204 187 177 166 102 94 89 76 73 38 12 
51 395 390 383 377 368 359 354 287 280 249 203 198 197 194 184 170 165 129 107 98 93 88 84 60 55 24 19 17 
52 449 408 384 365 360 356 355 318 250 246 244 241 140 138 135 131 114 104 80 48 21 
53 439 437 432 380 375 361 349 322 301 295 285 259 246 212 207 180 169 99 97 90 26 16 14 6 0 
54 437 398 380 376 371 367 366 337 291 290 288 283 281 276 267 233 227 201 200 173 157 137 132 110 101 92 82 63 58 20 17 11 
55 418 411 364 363 359 323 321 287 277 258 249 231 202 193 168 141 139 134 107 93 92 83 51 24 22 12 
56 442 440 435 414 368 352 325 313 304 283 262 215 210 203 199 179 173 172 144 139 134 129 128 113 108 100 82 13 8 
57 420 415 404 401 383 379 370 369 300 293 291 286 209 203 176 160 139 135 130 119 113 66 61 29 23 
58 421 414 370 367 324 280 252 200 144 142 137 120 61 54 30 
59 445 443 417 371 355 328 307 296 265 252 247 227 218 201 175 168 103 92 85 68 27 22 
60 432 413 404 386 372 322 294 288 287 231 206 198 179 143 141 127 116 112 88 69 64 51 27 26 17 
61 414 393 383 370 365 359 327 309 298 262 255 249 237 208 199 172 147 145 144 140 123 118 113 108 89 82 58 57 35 30 28 13 
62 448 446 441 425 383 336 334 331 315 305 299 260 255 221 216 200 195 190 178 169 113 111 106 90 88 30 29 19 9 
63 414 407 395 389 366 361 316 299 297 292 285 275 274 256 240 234 225 209 201 187 182 119 72 64 54 
64 445 427 422 420 418 417 407 391 386 381 373 367 355 353 330 293 287 265 263 258 257 240 206 201 191 175 148 142 126 121 85 63 60 41 38 33 22 21 
65 449 428 393 382 361 334 296 271 253 206 173 163 132 123 116 114 109 91 37 32 27 26 22 1 
66 424 417 415 410 398 383 369 364 327 314 308 300 269 263 237 223 212 203 190 185 183 149 147 139 118 103 89 75 57 43 33 28 
67 448 425 376 358 319 314 268 266 260 255 243 224 200 178 169 151 140 129 88 85 41 36 29 25 
68 421 414 390 389 376 355 342 337 320 311 299 261 256 251 244 227 216 215 210 209 201 170 141 136 130 120 119 117 112 94 86 81 79 59 35 29 10 4 2 
69 432 420 413 396 377 367 357 330 322 317 303 301 240 233 211 193 188 150 147 131 86 78 60 37 32 
70 423 412 397 379 372 361 308 298 271 269 253 233 222 217 207 154 93 91 47 44 39 33 1 
71 398 393 392 374 369 345 319 318 303 302 259 230 212 138 122 120 89 48 43 39 33 32 29 18 5 
72 449 425 423 421 420 416 404 399 333 315 311 306 245 243 224 214 210 205 196 179 153 139 81 63 49 30 29 
73 436 431 410 382 369 364 341 336 320 310 305 272 267 230 211 204 196 184 162 157 151 141 140 120 94 85 50 47 4 
74 432 395 348 305 262 257 238 236 233 215 207 202 147 125 123 41 35 13 8 
75 426 424 417 398 336 327 322 314 309 268 263 246 222 199 156 148 118 89 66 
76 434 418 413 390 385 367 364 324 318 277 275 274 264 187 165 160 153 97 50 48 43 39 38 29 7 
77 419 398 389 351 270 241 236 219 218 149 145 128 126 100 45 38 35 24 11 
78 431 429 427 400 395 389 381 371 350 339 321 317 316 312 249 202 191 159 150 101 96 92 91 87 69 45 
79 421 406 393 372 370 280 278 190 168 146 141 136 117 100 68 10 2 
80 417 408 401 354 327 312 244 239 221 213 208 152 147 131 129 128 102 52 41 33 19 
81 439 432 430 418 413 393 342 328 324 320 319 315 252 214 205 162 138 128 99 95 94 72 68 34 
82 435 430 429 414 396 391 373 359 339 329 315 286 283 281 215 210 199 193 190 180 171 159 150 145 103 61 56 54 44 20 13 
83 431 415 364 357 321 261 247 235 224 216 134 132 55 44 41 22 
84 438 433 345 321 255 251 208 165 112 102 98 51 
85 447 418 401 399 383 376 347 342 328 311 289 286 284 263 252 247 242 222 196 174 162 148 142 131 106 93 73 67 64 59 43 33 16 
86 434 429 428 413 407 384 365 358 343 342 328 319 317 269 253 252 250 248 227 204 148 140 137 135 69 68 47 25 
87 441 440 438 436 424 389 385 348 330 326 258 254 249 216 211 193 168 159 101 99 95 78 45 
88 441 435 404 402 376 335 331 321 314 292 289 287 280 259 255 240 224 200 199 177 170 169 165 134 116 109 96 95 67 62 60 51 44 19 
89 441 435 398 393 368 363 345 327 320 302 256 255 253 230 222 221 156 152 151 147 143 140 118 75 71 66 61 50 28 
90 444 442 441 439 437 334 332 329 323 286 273 261 257 237 219 218 214 213 196 163 162 138 104 62 53 43 38 16 
91 438 433 428 405 389 353 324 317 295 292 290 263 258 253 248 227 214 202 180 164 154 137 123 109 108 78 70 65 49 47 22 
92 445 438 434 429 399 390 371 366 364 354 348 339 323 320 265 261 258 256 233 220 168 159 143 141 139 110 105 78 59 55 54 31 
93 447 442 440 391 379 336 332 300 289 276 271 255 254 222 217 199 151 112 107 85 70 55 51 19 
94 436 426 410 408 387 382 356 346 342 341 336 320 317 298 297 277 272 261 251 232 230 168 153 140 133 102 81 73 68 50 
95 448 441 438 432 413 351 264 261 259 252 177 171 149 98 88 87 81 34 
96 433 413 399 384 382 364 363 358 340 339 338 335 329 292 279 269 268 253 249 225 214 202 183 173 159 115 112 110 109 99 88 78 22 0 
97 434 413 411 385 380 364 354 344 323 301 274 233 220 191 184 169 155 143 76 53 
98 446 444 441 377 355 354 324 299 291 267 264 262 255 205 174 152 125 101 95 84 51 46 42 25 
99 446 436 388 385 361 343 338 332 295 228 217 207 205 176 168 167 166 162 138 118 115 112 102 96 87 81 53 25 6 3 
100 419 416 338 326 304 236 223 194 189 187 163 158 153 146 122 113 79 77 56 2 
101 448 447 444 389 385 380 368 358 357 353 339 284 279 270 267 265 219 214 183 177 164 155 124 109 98 87 78 54 45 40 3 
102 444 390 388 385 354 346 298 231 208 180 121 118 115 99 94 84 80 50 28 6 
103 430 422 419 417 336 329 312 307 276 275 239 197 192 185 180 171 149 116 82 66 59 44 1 
104 447 446 417 388 387 368 360 332 273 271 206 196 180 176 167 163 162 158 138 112 90 52 48 42 11 0 
105 448 443 391 367 349 343 313 301 239 228 211 187 124 121 118 113 92 48 31 14 9 7 2 
106 448 425 422 389 363 344 334 332 315 310 274 242 200 183 178 169 152 85 62 49 
107 429 391 390 386 379 369 363 359 325 276 275 269 259 230 220 184 183 166 161 93 55 51 40 4 3 
108 434 394 352 335 304 296 291 290 276 275 264 242 237 214 210 205 180 171 166 124 91 61 56 34 26 20 17 15 
109 428 425 393 381 368 366 347 342 335 318 296 286 267 245 222 203 196 155 152 147 117 111 101 96 91 88 65 43 32 22 16 
110 423 389 367 366 338 301 284 282 279 278 233 211 186 182 169 164 163 96 92 54 23 12 6 
111 399 397 394 384 360 355 307 279 278 245 242 229 217 193 152 130 127 118 109 62 37 23 20 15 
112 436 431 390 384 364 363 338 321 273 248 235 225 206 183 179 165 158 139 104 99 96 93 84 68 60 24 4 
113 414 401 400 397 394 375 369 316 305 304 300 299 291 282 246 221 195 190 189 172 130 126 124 119 116 105 100 62 61 57 56 35 34 15 9 4 1 
114 437 402 400 391 382 363 358 342 337 335 292 248 245 220 211 208 178 177 155 138 133 131 65 52 46 17 11 
115 439 434 431 388 387 366 341 338 324 322 297 292 287 282 276 233 228 217 214 209 203 186 118 102 99 96 6 
116 404 400 397 393 388 378 339 329 307 290 288 285 283 282 234 217 208 192 175 174 144 127 124 123 119 113 103 88 65 60 37 9 4 3 
117 428 409 395 366 361 338 335 304 299 290 251 248 244 223 170 158 141 136 120 109 79 68 43 39 10 
118 442 439 437 425 401 390 369 346 341 327 309 286 285 279 256 255 217 212 205 189 171 115 111 105 102 99 89 75 66 61 20 9 1 
119 403 402 400 397 396 386 381 376 362 353 310 307 293 292 291 288 283 220 206 197 178 130 116 113 68 63 57 42 40 36 2 
120 431 392 387 382 369 341 338 337 318 312 288 283 251 228 178 161 144 117 73 71 68 58 33 32 29 22 
121 440 409 388 383 372 330 298 284 282 223 220 215 192 184 133 129 105 102 64 48 14 12 
122 434 403 400 389 304 300 296 295 290 230 229 223 181 133 124 100 71 43 29 
123 434 405 401 396 390 372 344 340 262 257 254 220 215 186 164 154 147 126 116 91 74 65 61 37 32 25 16 
124 448 406 402 386 375 352 342 316 313 302 301 285 278 226 223 221 195 177 172 152 126 122 116 113 108 105 101 17 15 7 
125 414 409 407 343 316 299 288 238 233 226 217 207 189 137 136 98 74 46 42 27 
126 437 419 375 347 344 294 289 265 260 257 239 229 218 213 167 150 124 123 113 77 64 43 40 35 33 28 9 
127 410 400 378 336 288 285 235 234 226 204 198 116 111 60 49 18 1 
128 417 412 410 409 401 329 325 320 319 305 302 296 291 231 229 195 192 187 186 181 180 139 131 129 81 80 77 56 49 15 9 6 
129 440 417 401 358 350 327 326 297 282 268 263 262 260 237 170 153 136 128 121 80 67 56 51 43 36 17 8 
130 403 381 348 344 317 291 234 232 229 201 188 183 119 113 111 68 57 42 21 18 12 4 2 
131 449 420 412 409 408 328 322 310 305 244 233 232 195 179 142 138 128 114 85 80 69 52 33 
132 443 415 381 353 334 295 271 263 239 235 190 173 161 156 144 83 65 54 46 41 20 
133 400 384 356 347 346 342 306 296 294 232 230 229 225 204 191 160 150 140 122 121 114 94 45 40 12 7 
134 437 423 415 406 347 325 316 313 308 302 272 260 247 241 235 198 187 177 146 145 143 88 83 56 55 41 
135 446 417 384 356 328 308 303 291 266 253 248 243 237 227 176 159 152 147 137 86 57 52 49 47 18 
136 387 363 359 354 350 333 323 318 297 294 240 235 233 207 129 125 117 79 68 48 27 19 10 
137 434 426 419 418 353 328 324 316 311 295 263 250 238 201 200 185 173 148 135 125 91 86 58 54 34 25 
138 449 410 392 387 384 359 301 277 269 255 241 205 204 199 196 167 162 131 114 104 99 90 81 71 52 45 
139 417 415 407 401 390 352 331 325 323 321 300 243 238 235 196 187 151 145 141 128 112 92 72 66 57 56 55 30 27 18 13 
140 446 429 418 388 358 356 332 331 327 319 314 308 266 252 248 241 232 204 198 176 157 151 148 142 133 94 89 86 73 67 61 52 3 
141 418 409 395 390 387 364 333 323 297 294 280 272 253 244 238 207 170 168 158 143 139 117 92 79 73 68 60 55 27 19 
142 445 429 420 418 410 360 356 328 314 310 250 246 241 240 239 238 225 219 213 179 164 149 148 140 131 85 64 58 33 21 16 
143 449 437 432 416 411 390 364 322 241 240 179 145 141 134 97 92 89 60 16 
144 421 412 398 390 386 346 343 312 307 300 283 246 210 173 166 162 132 120 116 61 58 56 30 
145 437 432 422 421 398 393 377 373 368 364 359 358 331 323 262 252 249 242 241 151 143 139 134 82 77 61 24 13 
146 435 428 424 418 362 338 325 299 272 248 243 215 210 194 182 163 134 100 79 2 
147 439 425 401 393 369 303 300 286 255 254 250 215 213 195 176 154 135 123 109 89 80 74 69 66 61 33 19 
148 445 429 424 421 367 335 334 252 244 191 170 155 154 142 140 137 86 85 75 64 40 27 
149 446 438 422 412 365 351 336 328 312 307 302 275 251 246 241 236 232 218 213 197 185 156 142 103 95 77 66 32 27 5 
150 409 404 396 347 337 318 306 303 294 267 262 216 188 184 179 177 162 133 126 82 78 69 36 
151 427 419 388 370 358 348 343 337 314 308 263 255 247 238 204 199 194 164 157 145 140 139 93 89 73 67 30 29 
152 446 441 389 368 344 331 324 310 305 278 245 221 216 200 195 188 184 135 124 111 109 106 98 89 80 35 25 8 
153 449 440 425 416 412 399 355 354 345 315 309 301 297 292 251 230 219 196 194 187 182 129 100 94 76 72 49 39 
154 446 436 430 373 372 368 340 336 307 267 263 258 253 250 247 186 171 166 160 148 147 123 91 70 47 33 32 27 
155 449 447 437 432 423 418 371 368 339 334 307 281 272 267 252 224 208 193 191 172 148 114 109 101 97 11 
156 438 415 410 402 389 368 319 312 300 279 259 222 190 185 178 149 132 89 75 42 34 3 
157 449 444 433 425 376 359 349 343 285 266 260 255 253 204 200 195 163 151 140 73 54 41 36 
158 409 395 374 371 342 337 321 316 227 206 194 180 141 117 112 104 100 45 36 35 14 2 
159 418 413 405 397 315 303 261 237 225 203 193 191 188 176 171 135 96 92 87 82 78 45 18 1 
160 436 418 379 371 368 362 357 346 308 302 272 269 267 264 262 256 253 217 208 203 191 166 154 133 76 57 44 12 
161 429 377 363 340 312 269 268 235 230 222 188 132 120 107 42 39 34 17 5 
162 433 421 344 343 318 311 306 253 205 196 150 144 138 104 99 90 85 81 73 40 30 
163 449 439 426 410 387 382 375 374 371 365 349 311 285 284 272 266 259 211 206 204 201 200 194 169 157 146 110 104 100 90 65 47 14 0 
164 447 427 405 380 376 348 337 315 290 238 225 202 191 186 151 142 123 110 101 91 45 27 20 13 8 
165 436 424 346 321 314 292 256 231 199 166 112 88 84 76 51 12 
166 448 429 390 385 379 377 324 287 283 278 275 264 262 259 199 197 165 160 154 144 108 107 99 50 34 18 17 3 
167 444 408 351 318 274 270 255 241 236 228 199 138 126 104 99 48 23 11 
168 439 436 427 426 410 385 381 380 375 371 349 321 317 316 312 280 265 259 249 229 220 211 202 169 141 99 94 92 87 79 59 55 
169 437 423 403 393 388 381 380 376 371 367 366 290 282 278 273 272 257 222 200 191 182 168 163 110 106 97 88 67 62 53 23 20 16 11 7 6 
170 448 438 411 392 382 372 354 321 292 268 258 244 239 231 213 202 197 178 148 141 129 117 88 68 51 33 32 19 17 14 
171 448 442 439 434 430 429 368 352 320 315 269 262 205 159 154 118 108 103 95 82 44 34 33 28 
172 435 414 396 391 389 383 380 379 293 289 281 250 215 203 199 195 155 124 113 61 56 49 45 35 29 23 14 
173 420 375 324 306 300 295 247 234 214 210 206 179 144 137 132 96 65 56 54 41 22 1 0 
174 445 438 433 388 355 301 291 286 217 208 196 175 116 98 85 
175 443 399 388 386 353 296 289 284 247 217 206 174 116 64 59 26 22 
176 439 417 388 379 374 365 360 327 308 293 269 250 237 223 219 159 147 140 135 104 99 57 28 25 18 
177 448 441 440 436 410 389 358 326 268 259 216 211 210 204 178 150 134 124 114 101 95 88 50 34 29 14 
178 402 400 396 395 390 389 359 349 321 310 299 292 287 235 220 211 210 206 177 170 156 120 119 114 106 67 62 46 41 40 30 29 15 
179 437 423 420 406 396 377 368 363 330 328 322 311 301 262 247 240 236 206 173 150 143 142 131 112 72 60 56 41 28 
180 444 439 402 398 388 368 361 334 332 329 312 302 273 271 268 263 222 219 214 213 212 208 207 181 158 128 108 104 103 102 91 82 53 42 28 1 
181 439 434 405 403 398 389 334 329 302 298 295 290 223 219 212 209 180 128 122 38 32 28 
182 423 399 371 366 355 345 333 309 275 256 243 229 169 153 146 110 63 40 31 
183 447 436 391 390 364 337 332 321 300 274 271 270 240 222 220 217 184 130 112 107 106 101 96 66 46 40 36 35 4 
184 447 437 413 408 401 395 391 382 327 317 311 306 305 301 298 286 277 237 231 216 215 188 183 152 150 121 107 97 73 51 36 35 18 
185 426 418 402 393 388 374 336 307 278 264 259 246 232 212 156 149 137 103 66 39 34 
186 418 384 367 340 335 334 328 277 274 225 219 212 187 164 154 128 123 115 110 49 32 7 0 
187 440 434 419 416 414 411 399 395 385 354 308 304 301 280 218 194 186 153 139 134 128 105 100 76 63 50 39 38 
188 445 441 435 396 391 381 377 354 350 315 314 306 294 274 267 249 221 216 184 161 159 152 150 130 69 46 42 37 4 
189 416 408 395 343 338 332 321 305 280 277 217 215 125 118 113 100 46 35 3 1 
190 419 414 336 328 311 304 283 278 246 221 194 156 132 113 82 79 66 62 42 41 
191 432 403 384 380 367 318 279 277 274 270 265 252 169 164 160 159 155 148 133 97 78 64 45 43 40 7 
192 398 385 375 346 341 329 324 319 308 239 234 231 230 229 218 128 121 116 103 38 11 6 
193 429 422 411 405 396 339 331 312 307 276 249 240 197 159 155 111 87 82 69 55 
194 421 416 388 383 370 336 326 280 273 271 268 252 246 238 222 190 187 163 158 153 151 146 100 51 46 10 
195 443 412 401 398 357 349 343 322 317 311 283 278 239 234 221 172 157 152 147 131 128 124 113 62 48 47 41 14 9 
196 449 433 432 428 425 418 342 339 315 310 289 252 248 243 200 174 162 153 139 138 109 104 90 85 73 72 49 
197 419 400 391 386 373 283 276 275 239 234 193 170 166 149 119 103 51 13 
198 435 430 404 391 352 351 345 340 330 314 276 251 242 237 224 140 134 127 60 51 44 17 12 6 
199 435 428 392 346 327 326 318 313 287 255 241 203 172 167 166 165 151 138 93 88 82 75 61 56 28 12 
200 448 422 394 389 382 376 343 337 286 279 257 237 196 169 163 157 152 137 106 88 67 62 58 54 16 
201 423 419 407 404 355 348 343 328 317 284 258 240 227 163 137 130 68 64 63 59 54 47 20 
202 439 438 431 395 359 354 348 334 321 316 258 249 229 225 220 211 206 170 168 164 96 91 78 74 55 0 
203 435 434 420 405 404 401 397 392 379 350 341 291 289 287 286 282 250 199 172 160 159 115 109 66 57 56 51 19 1 
204 431 426 410 397 363 358 336 320 248 230 177 163 157 151 140 138 133 127 86 73 50 47 23 2 
205 442 441 439 434 418 393 352 351 324 283 267 261 257 252 233 214 209 171 162 138 118 108 99 98 81 72 
206 449 400 382 353 348 334 292 285 284 258 202 179 178 175 173 163 158 119 112 104 65 64 60 22 
207 439 413 405 366 361 359 350 335 323 295 285 251 235 233 230 180 141 136 125 99 74 70 53 26 19 14 
208 444 442 437 406 360 354 341 327 291 281 270 264 217 212 180 174 160 155 116 114 102 84 80 61 30 11 6 0 
209 431 403 401 385 347 342 311 298 295 293 292 288 230 227 212 205 181 115 68 63 57 25 7 
210 423 416 369 364 362 352 347 326 277 261 254 236 223 178 177 173 146 144 108 82 72 68 56 29 13 8 2 
211 447 440 433 382 357 335 330 294 292 284 267 229 220 202 178 177 168 163 114 110 105 87 73 69 14 8 
212 449 425 406 404 400 388 354 350 334 298 296 295 291 274 269 259 240 225 209 208 186 185 181 180 118 71 66 53 28 10 
213 419 396 360 354 341 329 296 275 264 262 257 241 239 180 170 149 147 142 126 90 80 37 32 16 6 0 
214 448 443 441 385 368 338 295 267 266 242 223 205 180 173 115 108 101 96 91 90 81 72 25 22 0 
215 416 414 409 408 391 353 352 337 326 301 299 298 293 288 283 282 277 248 236 189 184 172 147 146 123 121 82 74 68 56 18 12 2 
216 447 422 375 357 299 294 289 283 278 267 265 260 242 229 188 184 177 152 150 87 83 68 62 44 40 35 
217 410 405 388 355 341 336 300 299 298 279 269 264 254 226 208 189 183 175 174 160 125 118 116 115 111 99 93 70 28 15 9 3 1 
218 445 419 417 412 375 365 329 302 239 236 192 187 149 126 90 77 59 
219 418 398 378 367 360 356 328 302 292 270 268 263 237 223 186 181 180 176 153 142 101 90 77 43 11 0 
220 437 413 391 344 339 301 298 292 277 258 248 229 211 202 183 178 168 123 121 119 114 107 97 92 31 17 12 9 4 2 
221 420 415 404 368 332 310 305 299 278 242 195 190 188 152 124 113 89 80 62 9 3 
222 444 381 363 289 279 273 271 245 240 194 183 180 169 161 156 109 93 89 85 75 70 46 20 4 3 
223 434 389 360 347 342 304 295 290 241 237 236 219 214 210 181 176 124 122 121 117 100 66 29 12 7 
224 425 423 381 335 313 308 245 237 198 155 88 83 72 67 42 22 11 8 
225 413 408 389 384 382 367 366 353 348 298 297 293 277 274 253 248 238 212 202 186 164 159 142 133 112 96 63 49 13 7 
226 397 384 350 307 299 294 240 235 217 127 125 124 37 23 15 10 
227 428 355 338 316 311 290 279 248 209 201 158 135 91 86 68 59 54 20 
228 392 387 385 279 277 251 167 120 115 105 99 9 
229 400 353 347 331 310 296 267 247 243 242 238 231 220 216 211 202 192 182 168 133 130 128 126 122 111 43 40 27 22 18 16 13 12 6 
230 431 429 413 363 341 319 303 297 293 253 251 209 207 204 192 161 153 133 122 107 94 89 73 71 18 
231 395 390 388 372 364 298 282 280 229 192 184 170 165 128 102 60 55 14 12 
232 420 403 365 361 356 313 300 289 279 246 241 185 149 140 133 131 130 94 43 25 21 20 
233 434 432 420 395 366 361 359 350 344 322 317 301 254 207 205 136 131 125 115 110 97 92 74 70 69 54 
234 398 378 375 311 306 285 283 197 195 192 173 130 127 116 63 40 26 15 11 
235 431 423 406 402 364 363 359 316 303 263 249 248 226 207 178 161 139 136 134 132 127 112 83 47 46 24 22 
236 440 437 435 393 372 347 339 325 303 299 293 282 259 257 254 223 218 215 210 179 167 149 100 77 74 43 29 28 12 8 
237 403 401 394 378 360 355 305 291 286 260 224 223 219 200 198 184 176 159 135 129 108 90 66 61 49 43 25 18 
238 440 421 416 409 400 370 367 366 362 344 319 311 310 254 252 229 225 194 164 151 142 141 139 137 125 74 49 31 30 27 
239 443 438 417 411 382 375 357 328 321 302 285 260 257 247 246 218 213 197 195 192 170 142 132 126 105 103 80 32 22 
240 437 418 413 407 406 404 363 294 291 289 258 226 222 212 201 193 183 179 143 142 136 88 69 64 63 46 32 28 21 
241 437 429 412 408 398 365 347 314 260 255 232 223 213 199 167 149 145 143 142 140 138 134 77 52 38 35 34 30 24 
242 446 443 441 439 414 399 378 370 360 336 331 310 288 229 221 216 214 198 145 111 108 106 85 35 18 
243 407 371 311 310 297 229 196 182 146 139 135 72 67 49 40 16 
244 440 427 408 406 398 373 368 350 302 263 258 170 148 141 131 117 80 68 52 38 33 
245 449 428 423 418 381 368 339 327 291 224 222 152 114 111 109 72 42 37 28 21 8 
246 429 418 415 412 410 403 398 369 328 322 300 254 239 232 194 190 185 149 144 142 113 75 53 52 29 8 
247 443 424 420 419 415 399 376 370 353 334 329 315 305 270 266 263 261 239 229 179 175 173 154 151 134 85 83 59 49 41 30 29 
248 384 376 371 344 342 337 330 310 299 294 235 227 225 220 215 204 196 146 140 135 117 114 112 91 86 31 24 2 
249 426 418 415 411 406 372 362 325 321 303 287 235 202 193 188 168 145 96 87 78 61 55 51 46 
250 446 427 379 356 332 327 266 264 203 176 172 154 147 142 137 86 52 44 33 28 
251 413 408 387 374 345 340 328 314 297 230 228 207 198 153 149 120 117 94 84 68 27 5 
252 439 430 429 424 421 418 370 364 334 328 311 306 289 238 205 196 194 191 155 148 145 140 95 86 85 81 59 58 40 35 
253 449 426 415 387 384 382 376 359 316 311 272 269 256 230 225 162 160 157 154 141 135 96 91 89 86 70 65 47 
254 401 390 348 336 300 257 246 238 236 233 217 210 147 123 93 87 16 13 8 
255 422 393 378 347 332 331 327 314 309 241 199 167 157 151 147 138 118 98 93 89 88 84 67 62 61 43 28 13 3 
256 434 418 393 390 385 374 369 362 348 338 275 273 272 264 259 253 182 165 160 118 92 89 68 63 50 29 2 
257 430 425 393 351 339 329 325 259 254 239 236 213 205 200 169 126 123 90 74 64 33 16 
258 445 440 427 424 405 399 359 354 334 321 317 316 312 244 240 220 206 202 201 170 154 92 91 87 64 55 49 31 
259 441 426 393 390 388 365 346 278 275 257 256 236 212 185 177 168 166 163 156 107 95 88 71 53 12 5 3 
260 421 396 358 347 331 313 306 241 239 237 216 157 134 129 126 67 62 43 36 
261 443 439 435 430 429 424 362 324 320 315 314 303 283 272 263 247 210 205 159 95 94 92 90 83 68 44 2 
262 440 430 396 394 393 385 380 379 368 359 315 303 281 269 213 179 171 166 160 150 145 129 123 98 74 61 56 33 8 
263 424 419 399 381 376 370 334 321 316 309 295 270 261 247 244 235 219 180 154 151 137 132 129 91 85 75 66 64 24 22 
264 438 436 433 365 356 346 341 323 275 272 256 250 217 213 208 185 166 160 108 98 95 76 37 17 5 
265 437 428 417 399 396 371 352 328 306 289 284 281 216 191 168 126 101 92 64 59 38 36 28 27 2 
266 448 427 379 374 365 343 319 250 247 214 163 157 140 135 67 25 
267 441 436 435 433 385 380 368 330 326 314 294 278 275 229 216 214 211 205 188 160 155 154 150 109 101 98 73 54 45 40 34 8 4 
268 444 402 399 341 309 292 271 270 219 194 180 177 170 161 129 96 75 67 46 39 5 0 
269 441 436 430 387 368 363 340 327 301 298 277 262 253 217 212 176 171 161 160 138 107 96 86 70 66 47 33 28 22 1 
270 447 444 443 439 438 393 372 334 329 293 282 281 268 263 247 219 208 191 183 167 101 77 23 11 
271 444 405 402 368 353 334 312 295 273 268 222 194 183 180 132 104 93 70 65 42 13 4 
272 385 371 343 325 279 275 264 261 256 253 169 163 160 155 146 141 134 94 73 31 
273 447 445 441 381 374 337 332 301 284 275 271 256 222 194 180 169 112 104 90 46 20 10 
274 437 413 408 405 372 366 361 332 315 303 298 297 277 225 212 191 188 186 183 167 106 97 76 63 45 42 11 
275 448 436 377 374 346 338 318 278 277 273 272 267 264 259 256 213 197 182 166 149 108 107 103 76 63 37 34 18 17 12 3 2 
276 439 419 378 377 340 335 308 293 288 287 198 197 193 115 108 107 103 93 54 44 17 13 8 0 
277 416 411 408 339 335 318 315 301 284 275 274 269 228 225 220 215 210 191 189 186 184 138 94 76 55 48 9 
278 439 406 399 386 381 377 365 355 275 267 259 221 216 195 190 185 169 166 152 124 111 110 79 42 37 10 
279 403 392 382 380 361 343 338 290 272 232 228 227 222 217 200 191 156 118 111 110 101 96 43 31 21 20 12 7 6 3 
280 419 414 411 383 372 353 321 304 287 231 194 189 187 168 141 88 79 58 51 22 
281 444 442 394 389 385 380 354 293 284 270 265 262 208 172 155 82 54 49 45 29 23 
282 440 434 390 389 383 346 341 299 293 284 270 236 231 215 203 169 129 121 116 115 113 110 49 45 23 11 6 
283 422 414 400 391 390 386 385 341 324 312 307 299 261 234 216 215 205 197 195 190 166 144 120 119 116 82 56 54 35 20 10 5 
284 445 411 383 381 376 355 301 290 282 281 277 273 265 211 206 201 175 163 121 110 101 85 48 47 
285 423 393 386 382 378 349 321 297 296 292 288 239 234 207 206 163 157 127 124 118 116 63 53 32 26 17 14 9 3 
286 442 425 417 394 389 327 315 310 298 237 203 200 184 174 147 118 109 90 85 82 57 33 28 4 
287 448 445 439 435 391 386 359 335 293 280 276 249 203 199 178 166 115 88 64 60 55 51 34 23 
288 446 414 400 389 386 356 352 324 299 295 291 285 276 242 215 209 127 125 120 119 116 60 54 29 25 20 17 12 
289 447 445 437 428 355 342 313 306 265 252 240 232 222 216 203 196 175 172 126 93 88 85 28 21 
290 428 397 394 393 389 388 361 338 296 284 279 227 223 181 169 164 122 117 116 108 91 54 37 32 26 1 
291 449 404 403 394 392 383 355 327 302 293 288 245 240 237 212 208 203 174 135 130 128 119 113 108 98 57 54 43 28 20 15 9 
292 448 431 423 405 399 390 389 358 321 314 294 285 268 220 219 211 209 206 178 170 165 153 119 115 114 96 91 88 63 44 0 
293 445 401 397 391 389 335 310 299 291 287 282 281 276 270 236 230 225 215 209 176 172 119 64 57 29 11 
294 447 363 358 342 330 292 267 248 240 226 216 211 188 150 141 136 133 126 60 23 8 
295 448 434 433 403 377 361 353 324 302 298 288 271 263 223 214 212 209 207 181 173 137 132 122 99 91 53 47 32 8 1 
296 443 400 394 393 388 302 290 285 229 213 212 175 133 128 122 109 108 65 59 33 32 9 
297 423 395 394 366 361 349 333 285 274 251 243 230 225 153 141 136 129 115 94 63 26 
298 442 437 425 401 364 346 327 305 295 286 274 269 231 225 220 217 215 212 209 184 181 121 102 94 70 61 45 4 1 
299 432 427 422 407 401 395 352 337 326 323 306 305 293 288 283 282 248 236 226 221 217 216 215 178 146 125 117 113 98 68 63 62 46 42 36 35 2 
300 417 403 369 364 343 336 254 246 232 217 183 173 156 147 144 139 122 113 93 66 57 29 8 
301 445 440 434 418 413 403 399 367 354 344 339 335 330 313 284 277 273 269 233 220 215 187 184 179 174 153 138 124 110 105 97 69 53 7 
302 406 398 350 345 329 319 308 296 295 291 244 239 219 218 181 180 160 149 134 128 124 89 71 44 38 15 9 
303 429 415 406 396 372 339 315 274 262 261 249 236 235 230 159 150 147 135 71 69 45 37 32 11 
304 448 411 402 370 338 333 280 223 190 187 122 117 113 108 100 56 
305 414 409 401 382 322 317 311 299 298 247 237 221 189 184 152 131 128 113 74 73 62 41 18 13 
306 432 423 404 375 344 342 323 318 299 289 265 260 252 234 188 184 173 162 150 133 72 40 35 
307 400 394 374 373 341 339 336 283 226 193 185 155 154 149 144 119 116 111 103 59 20 13 10 5 1 
308 425 417 415 412 406 404 340 314 302 276 224 192 187 176 160 151 140 135 134 70 66 44 
309 435 416 378 347 345 327 268 263 255 182 153 118 75 61 43 
310 417 413 397 376 344 342 337 322 293 286 248 243 242 238 229 221 196 178 152 142 131 119 106 73 18 16 4 
311 423 420 415 407 398 359 342 338 317 305 253 252 243 238 234 227 209 195 190 184 179 163 162 137 85 72 68 47 9 
312 438 405 386 381 283 271 258 193 180 168 161 156 149 144 120 103 80 78 46 41 13 
313 351 347 325 301 289 260 232 224 199 134 124 105 56 44 19 7 
314 443 441 435 423 417 412 410 407 398 362 351 345 308 292 267 261 255 251 241 198 188 165 151 142 140 88 75 67 66 
315 428 422 408 389 376 353 337 303 286 277 274 262 261 247 196 188 171 164 159 153 106 82 81 72 62 49 
316 439 407 350 317 263 258 253 235 227 202 168 158 137 134 125 124 113 78 63 47 24 22 19 15 
317 426 413 410 405 350 348 344 323 316 311 305 258 233 201 195 184 168 130 94 91 86 78 69 49 20 
318 392 387 379 356 354 344 306 277 275 199 191 167 162 150 136 120 109 76 71 52 40 
319 410 362 353 320 302 266 238 230 192 156 140 128 86 81 71 67 50 31 18 
320 441 429 382 363 351 342 319 261 204 171 128 94 92 89 81 73 68 
321 448 438 395 390 382 364 363 359 354 353 334 292 285 280 263 258 249 239 202 189 183 178 170 168 165 158 139 112 88 84 83 78 55 24 22 19 
322 449 434 420 409 310 305 246 233 195 179 143 131 115 75 69 60 53 16 
323 444 432 421 411 366 365 354 350 341 335 317 306 299 264 207 145 141 139 136 97 92 90 55 35 19 5 
324 446 433 398 385 367 356 295 288 283 261 205 192 173 166 152 137 115 98 91 81 76 58 47 43 25 17 7 1 
325 416 363 359 347 338 326 313 272 257 249 236 146 139 134 128 107 56 43 2 
326 448 447 440 435 428 357 325 299 267 215 210 199 194 177 129 100 87 
327 449 425 401 388 375 359 349 309 298 291 286 269 255 250 245 208 199 184 176 140 129 118 89 80 75 66 61 30 28 25 
328 446 430 421 420 419 370 367 365 362 355 329 265 252 251 246 239 219 201 190 186 179 149 142 137 135 131 86 85 81 59 27 21 10 0 
329 443 438 367 366 360 328 302 270 257 247 218 213 192 181 180 128 116 103 96 90 82 22 16 6 0 
330 442 428 404 391 367 357 342 301 294 267 248 211 198 179 121 87 69 64 31 8 2 
331 422 414 399 378 373 370 363 359 339 332 260 255 242 229 193 152 145 140 139 88 62 30 18 13 3 
332 446 441 379 363 331 274 273 255 250 221 189 183 180 140 106 104 99 93 90 35 25 3 
333 421 412 407 395 394 371 304 297 182 141 136 72 34 30 
334 425 418 373 367 335 321 271 270 263 258 252 247 212 206 202 186 181 180 155 148 132 106 90 65 62 38 37 33 28 22 1 
335 449 418 403 382 367 366 339 334 323 301 293 287 277 276 224 211 207 186 148 117 114 109 108 96 88 33 28 17 7 6 
336 422 415 410 383 378 374 373 307 300 254 242 217 204 194 190 185 154 149 127 103 94 93 75 73 62 37 
337 428 409 376 369 363 344 338 315 310 299 273 248 215 200 183 164 158 151 150 120 114 68 54 36 35 24 
338 416 370 369 337 325 311 304 290 279 275 256 227 214 189 146 120 117 115 112 110 100 99 96 36 6 2 
339 427 425 422 418 403 400 372 371 335 331 307 303 301 277 257 245 236 220 196 193 155 116 101 96 92 82 78 40 32 16 11 7 
340 431 379 372 366 308 276 269 251 198 186 161 154 123 96 44 39 33 32 27 22 6 
341 434 429 424 397 393 372 345 323 307 283 282 268 264 230 217 213 208 203 192 120 118 115 94 73 39 37 9 5 
342 428 421 420 414 389 365 330 320 311 310 306 294 289 248 223 209 196 158 133 124 114 109 94 86 85 81 68 40 35 19 
343 449 436 425 421 387 385 382 376 369 300 279 272 266 201 200 195 189 162 157 151 144 125 105 99 86 47 41 31 30 9 
344 437 400 391 376 367 348 337 318 317 310 306 301 248 238 233 220 162 152 130 126 123 106 97 40 31 28 21 17 13 2 
345 431 424 398 397 393 373 341 314 309 302 251 198 182 153 89 84 71 43 37 
346 398 390 385 372 298 282 275 264 259 199 192 165 160 144 133 118 102 94 50 28 12 
347 425 403 399 384 351 325 313 309 260 255 241 236 229 223 210 209 150 134 133 126 109 85 43 40 29 16 11 
348 434 427 426 344 317 256 254 225 206 202 201 164 151 130 92 87 74 21 
349 423 406 402 401 393 388 375 327 297 285 195 178 168 163 157 105 53 46 26 15 
350 406 398 392 359 354 323 317 316 302 244 233 226 212 207 203 188 136 129 78 47 46 43 42 19 
351 437 435 430 347 320 314 313 257 205 198 167 149 95 77 44 39 
352 434 430 415 409 396 378 299 288 265 215 210 205 198 171 139 124 108 56 44 18 
353 441 409 405 391 381 376 366 362 357 321 319 315 295 280 271 247 229 225 215 206 175 137 132 119 101 91 64 50 49 40 36 22 20 
354 442 440 438 433 391 350 323 321 318 301 281 258 213 212 208 202 188 187 170 153 136 102 98 97 92 80 51 46 42 17 
355 438 433 428 402 399 381 328 291 289 284 278 237 227 217 201 182 174 153 111 98 68 64 59 52 48 43 37 21 
356 418 412 384 365 360 324 318 288 264 250 232 219 142 140 135 133 94 52 43 25 
357 443 441 436 379 353 330 326 239 216 211 195 160 101 83 69 49 44 40 
358 410 402 384 381 294 292 260 204 177 151 145 140 129 114 101 96 86 67 50 46 36 24 20 
359 442 440 422 415 402 401 381 377 376 373 368 363 350 331 327 325 321 311 287 262 258 253 235 233 207 202 178 157 145 138 136 107 82 61 55 51 47 46 42 28 13 
360 446 444 443 439 418 417 412 398 356 329 242 237 223 219 213 208 176 142 111 104 52 48 21 
361 428 412 408 405 387 297 295 290 279 274 233 232 207 180 117 99 70 65 63 53 43 39 27 
362 443 435 418 366 353 328 319 314 261 256 249 238 210 160 146 119 50 40 36 31 
363 449 447 430 429 384 359 337 332 331 325 321 320 294 269 240 235 230 222 204 179 161 136 114 112 107 106 96 89 55 24 
364 447 442 431 421 413 411 408 390 387 321 300 298 252 235 231 210 183 145 143 141 112 97 96 92 83 76 73 66 55 30 22 12 
365 446 374 356 342 328 323 278 266 264 259 241 232 218 176 163 149 86 61 52 39 
366 439 423 387 362 353 340 335 329 323 297 274 238 233 225 207 182 169 117 115 110 109 92 63 54 49 27 0 
367 440 419 418 416 411 400 393 384 380 344 335 334 330 329 328 324 301 238 225 219 191 186 169 148 110 105 76 69 64 58 54 10 0 
368 449 441 436 430 385 381 377 359 271 269 267 262 245 244 221 214 180 179 171 160 156 155 154 152 145 109 104 101 89 56 51 42 37 
369 447 437 431 416 390 382 343 338 337 300 256 246 210 147 120 118 113 107 73 71 66 57 30 3 
370 448 443 421 419 414 388 383 338 331 328 304 263 252 247 242 238 194 151 79 61 58 57 18 
371 384 380 339 333 272 265 248 243 182 169 168 163 160 158 155 92 78 59 54 45 44 40 2 
372 415 395 393 346 341 340 339 303 280 274 270 249 236 231 170 154 123 121 79 70 60 45 33 11 
373 445 424 422 359 345 336 334 331 307 244 197 154 145 82 64 
374 408 387 365 336 307 275 273 266 256 251 185 176 163 158 71 5 
375 427 388 349 327 306 239 234 218 216 192 173 168 163 126 124 113 53 36 14 9 
376 449 428 427 425 399 383 359 353 344 343 337 315 310 284 263 253 248 247 200 169 164 157 119 88 85 68 67 54 49 24 
377 445 439 434 391 386 368 359 295 278 276 275 188 179 166 161 145 98 69 51 8 
378 435 416 399 352 336 331 309 285 276 255 242 237 234 219 127 116 39 17 12 6 
379 446 436 428 427 357 340 332 318 266 262 250 203 176 172 166 160 107 93 70 57 
380 447 437 403 394 389 371 367 281 279 267 262 191 172 169 168 164 101 97 54 53 43 11 7 3 
381 402 368 359 358 355 353 312 284 278 273 263 245 224 222 188 169 168 132 130 119 109 78 64 42 20 8 4 
382 449 444 433 431 369 343 335 321 320 305 285 279 253 239 225 211 206 200 184 170 163 120 114 96 94 73 65 
383 397 392 376 370 336 291 284 282 280 194 172 121 85 66 62 61 57 51 14 
384 446 430 397 392 371 367 363 358 356 347 253 248 226 225 191 186 138 135 133 112 111 96 86 52 47 45 23 7 
385 439 436 434 398 368 346 343 324 283 281 272 267 262 256 228 214 209 192 187 168 166 102 101 99 97 87 76 43 28 7 
386 439 400 377 312 288 287 285 283 278 197 175 144 124 119 107 64 60 42 17 
387 439 408 395 374 366 364 361 343 318 269 253 251 228 163 141 138 136 120 115 104 94 48 30 26 5 
388 442 439 437 400 375 370 349 327 296 290 259 231 217 212 194 185 180 176 175 174 169 151 140 121 116 115 104 102 99 14 6 
389 405 403 402 380 342 315 293 292 290 288 286 282 281 225 223 200 181 178 177 172 156 152 122 110 106 101 91 87 78 77 68 63 45 38 11 
390 447 436 408 398 393 369 364 346 321 292 283 282 259 256 254 231 183 178 166 144 143 141 139 123 118 112 107 102 92 76 68 51 29 13 
391 445 442 440 409 404 377 354 353 344 330 293 287 283 220 215 198 197 188 184 183 172 114 107 105 93 82 64 19 17 9 
392 435 411 406 384 383 350 318 291 279 228 203 199 170 138 120 71 48 9 5 
393 439 406 390 372 367 349 345 341 296 290 285 270 262 259 257 256 255 236 205 185 169 147 145 116 109 89 81 79 71 65 61 37 32 15 11 
394 448 412 380 333 307 297 296 291 290 286 281 262 237 200 113 111 108 26 20 
395 411 409 407 387 372 333 321 299 297 233 231 202 189 187 184 178 158 141 117 78 74 63 51 32 13 
396 429 352 303 265 262 260 213 193 188 179 178 172 150 123 119 82 69 40 35 
397 424 410 405 400 384 383 345 341 310 293 290 226 204 203 159 119 116 113 111 70 44 34 23 4 1 
398 417 414 412 406 390 385 360 350 346 345 324 314 311 302 246 244 241 234 219 195 192 181 180 145 144 89 77 75 71 66 54 24 21 11 6 
399 445 416 412 378 376 355 347 331 301 292 278 268 265 263 258 247 242 187 182 175 153 111 96 92 85 72 43 38 37 31 7 
400 408 397 388 386 367 344 339 307 296 288 283 238 229 212 206 197 178 133 127 122 119 116 114 113 78 13 4 
401 420 417 415 409 404 359 349 327 305 299 298 293 254 237 209 203 195 184 147 139 129 128 123 118 113 85 80 57 33 19 18 9 
402 448 444 389 381 359 358 355 349 304 271 268 235 185 180 178 156 124 119 114 88 46 41 34 20 15 
403 389 380 347 339 335 301 300 295 291 279 246 237 232 209 191 181 169 130 122 119 45 29 21 20 16 7 
404 423 420 407 401 391 330 308 306 291 240 221 212 203 201 198 150 116 88 72 60 57 28 
405 397 389 361 353 317 312 292 274 271 258 217 207 203 193 181 164 159 123 91 49 32 27 13 1 
406 398 393 392 350 349 308 303 302 278 249 244 240 235 212 208 179 134 124 79 32 19 15 10 
407 426 423 415 404 395 333 316 314 311 299 243 240 201 139 125 86 64 63 25 24 
408 416 400 390 387 374 364 361 315 277 274 251 244 241 225 215 189 184 167 131 94 80 52 30 5 4 
409 401 395 391 353 352 337 322 305 238 215 158 150 141 131 128 125 121 117 36 35 27 18 12 
410 432 429 426 418 413 397 358 336 319 317 314 246 217 204 177 168 163 156 142 138 128 127 94 73 66 47 23 1 
411 395 392 367 364 323 304 284 280 277 249 239 193 187 170 143 97 55 48 32 
412 423 420 414 399 398 394 361 360 356 333 314 308 246 241 218 195 153 149 144 131 128 70 34 30 21 16 
413 432 429 410 364 317 310 301 274 251 240 230 225 220 207 184 159 97 96 95 86 81 76 69 60 34 4 
414 421 417 412 398 370 342 331 305 288 283 280 242 215 190 187 172 125 113 82 68 63 61 58 56 35 18 10 
415 426 423 422 418 407 401 372 359 352 336 311 308 303 253 249 247 246 221 156 139 134 132 83 66 57 47 41 28 24 23 18 
416 449 440 435 432 423 419 408 399 378 369 367 338 325 309 277 238 215 210 194 189 187 153 143 100 72 43 29 7 
417 445 419 414 401 398 360 314 310 308 300 286 265 239 218 176 139 135 129 128 104 103 80 75 66 64 59 38 13 
418 439 429 426 415 410 367 362 360 356 339 335 334 301 256 252 249 246 245 240 219 205 196 186 185 160 159 155 146 142 141 140 137 85 81 76 64 55 34 31 27 21 11 
419 443 422 417 416 370 367 328 280 276 263 247 218 213 201 197 190 187 151 137 126 103 100 77 10 
420 423 412 404 401 342 328 322 311 247 233 232 221 203 179 173 142 131 72 69 64 57 41 
421 432 428 424 414 370 364 343 342 333 328 323 260 252 238 194 162 148 145 144 79 72 68 58 35 30 19 
422 446 441 419 415 373 359 339 336 331 315 299 283 255 216 200 193 149 145 106 103 64 35 13 
423 426 420 416 415 412 407 404 366 349 314 311 306 297 292 285 245 235 224 210 201 182 179 169 155 134 110 72 70 44 29 26 24 21 11 
424 435 428 421 397 373 345 341 263 261 258 252 247 165 148 146 87 75 66 38 33 2 
425 449 376 347 343 339 334 327 308 298 286 257 224 212 196 157 153 147 118 109 106 72 67 62 43 33 28 16 
426 423 418 415 410 407 348 317 259 253 249 204 185 168 163 137 94 75 47 34 24 
427 440 438 379 376 375 348 339 299 266 258 250 244 168 164 151 78 64 41 36 35 25 
428 435 424 421 379 376 361 355 342 337 330 326 315 290 289 265 245 227 199 196 146 117 109 91 86 65 36 31 19 2 
429 432 418 413 410 396 363 341 320 303 261 252 246 241 230 193 171 166 161 148 142 140 107 92 86 82 78 50 
430 442 441 384 368 363 352 351 328 269 262 261 257 252 198 171 154 103 82 81 44 39 33 28 
431 438 382 369 364 345 340 292 235 230 209 204 202 120 115 112 83 78 73 22 10 5 
432 449 429 421 416 413 410 323 306 299 233 196 191 155 145 143 95 81 74 69 60 53 40 35 34 
433 445 444 382 355 354 324 295 267 264 211 196 174 162 157 96 91 84 47 
434 436 385 377 352 348 341 322 301 295 282 256 233 223 205 203 187 181 171 137 123 122 115 108 97 92 86 76 25 8 
435 443 441 428 424 416 392 378 362 351 326 314 309 287 267 261 236 203 199 198 188 172 146 89 88 82 56 2 
436 438 434 390 385 379 368 357 343 275 269 267 264 183 177 168 165 160 154 112 99 94 87 73 50 34 
437 388 380 369 351 344 298 289 274 265 241 240 236 220 208 184 179 169 155 145 143 134 126 118 114 90 54 53 40 28 16 11 4 
438 436 431 427 355 354 329 321 312 270 264 239 202 174 170 156 149 95 92 91 87 84 
439 446 442 418 393 388 387 386 385 377 366 360 316 287 278 276 270 261 252 242 207 205 202 181 180 176 171 168 163 147 118 115 90 81 53 6 0 
440 442 427 416 391 367 359 354 326 301 282 262 258 244 238 236 211 187 177 153 129 121 93 87 56 33 19 14 8 
441 443 435 430 422 368 357 353 332 320 314 273 269 267 259 242 214 205 188 177 152 98 95 90 89 88 87 62 49 8 
442 444 440 439 430 391 388 364 359 354 330 298 286 281 208 205 171 118 93 90 56 28 19 0 
443 445 441 435 419 370 362 360 357 329 314 296 270 261 247 242 239 214 195 175 132 105 59 22 
444 442 433 402 382 360 323 281 271 270 268 222 208 180 167 157 102 101 98 90 23 11 0 
445 443 433 417 399 391 377 373 301 293 289 287 284 273 258 218 188 174 148 142 92 64 59 31 22 
446 439 422 384 379 365 360 332 328 324 288 250 242 154 152 149 140 135 104 99 98 62 48 25 3 
447 390 380 369 364 363 326 294 289 273 270 216 211 184 183 164 155 104 101 93 85 40 35 3 
448 402 394 370 326 321 304 295 292 287 275 266 214 200 177 171 170 166 124 106 105 101 95 67 62 34 25 
449 432 425 416 382 376 368 363 343 335 327 322 291 253 245 212 206 196 163 157 155 153 143 138 131 72 65 52 28 16 11 6 

