219 448 447 445 443 442 441 439 432 429 421 418 417 414 413 412 409 404 399 398 397 396 389 381 379 378 377 375 374 373 368 362 360 355 353 346 342 341 339 335 332 331 320 318 311 310 309 308 307 306 301 296 292 291 290 288 285 283 276 274 273 268 265 260 255 253 248 245 240 238 237 235 232 227 220 217 215 211 206 200 197 195 188 186 184 170 162 159 158 157 156 155 152 151 149 148 142 137 130 128 127 126 125 122 121 112 111 105 104 102 101 100 91 89 83 75 68 66 63 59 57 39 38 36 33 28 27 16 4 
111 447 445 442 441 414 413 409 404 399 398 396 389 381 379 378 373 368 367 365 363 362 360 355 354 351 349 347 345 342 333 332 329 319 316 313 310 309 307 306 299 296 289 288 285 281 280 276 274 268 265 255 241 240 238 237 235 232 228 220 219 218 215 209 206 200 198 196 188 187 182 176 159 158 155 151 148 127 126 125 122 120 119 117 112 104 102 100 99 90 87 78 77 75 72 68 56 52 42 33 28 27 21 19 16 6 2 
235 444 438 422 421 416 413 409 398 397 378 377 374 367 365 363 362 359 357 354 349 348 344 343 339 332 331 328 316 314 308 306 304 303 299 296 295 292 291 289 282 281 280 268 267 256 253 245 240 236 230 226 225 222 220 219 218 217 201 198 196 187 184 176 174 155 152 142 140 137 126 125 121 120 119 117 112 111 105 104 102 100 90 87 83 78 77 75 73 72 64 57 56 52 38 36 33 28 19 
211 448 447 431 429 428 425 424 422 421 420 418 417 405 398 397 384 382 380 376 375 374 366 364 360 355 350 344 338 335 332 330 320 316 312 310 308 306 301 296 292 268 265 259 258 256 253 248 247 241 240 229 226 219 217 209 206 204 199 195 185 177 168 164 163 157 152 149 146 143 140 139 137 133 132 127 125 118 115 112 101 98 96 95 94 92 91 87 83 77 69 63 59 53 52 39 29 19 
241 447 444 427 421 404 398 389 380 377 368 364 362 360 355 351 350 347 345 344 339 338 335 333 319 306 299 296 290 288 285 269 268 259 256 255 250 248 238 232 229 228 225 223 220 217 212 211 209 208 207 205 204 203 201 199 198 192 189 182 177 171 168 162 161 157 140 137 135 132 125 111 101 99 95 90 89 87 83 81 80 74 73 69 58 54 53 49 43 42 27 22 21 11 6 3 
68 447 445 441 427 415 414 408 406 403 400 399 396 391 389 382 381 379 378 373 370 367 362 342 330 327 325 319 312 310 307 301 289 286 282 280 276 273 267 264 263 257 255 246 237 232 227 219 216 215 205 203 202 200 188 184 175 174 170 164 159 148 144 135 134 122 121 112 111 109 102 98 96 91 84 81 79 76 73 69 63 61 53 51 47 36 35 33 32 25 16 8 4 
170 448 447 443 438 424 417 412 408 406 400 396 394 391 384 382 381 362 361 341 338 336 335 333 329 326 319 318 317 311 310 305 301 300 289 288 286 283 276 274 272 267 264 244 233 229 219 215 205 203 202 196 190 184 174 172 162 157 152 142 141 135 131 130 128 122 121 115 103 102 100 93 91 89 88 85 81 77 76 74 73 68 63 62 59 57 49 47 25 9 8 4 
33 445 413 409 405 399 398 397 396 391 389 385 381 379 378 377 374 367 365 363 362 354 349 348 342 339 332 331 324 316 310 299 291 289 281 280 276 268 262 255 253 245 240 237 235 232 220 219 218 215 200 198 196 194 188 187 184 176 159 148 146 142 139 126 125 122 121 120 119 117 111 105 104 102 100 90 87 82 78 77 72 68 59 57 56 38 36 28 19 16 1 
240 448 447 445 442 441 438 428 422 417 414 405 399 398 397 384 382 381 378 377 376 374 373 368 362 360 359 350 344 339 338 331 316 312 309 308 307 306 304 296 295 292 291 274 268 258 256 253 247 245 238 236 235 225 220 219 218 211 201 197 185 184 174 163 161 158 155 154 151 146 142 139 126 125 121 118 112 111 105 104 95 77 75 57 52 38 36 33 29 27 
217 447 443 439 432 426 416 413 412 409 404 403 398 380 378 364 360 357 346 343 339 338 326 324 320 314 306 299 296 290 274 273 269 260 256 244 241 235 229 228 227 226 219 211 209 201 199 197 196 186 183 180 177 172 171 168 160 158 157 156 155 152 149 140 137 135 133 132 128 125 119 112 101 95 87 83 80 75 73 69 66 63 58 53 44 35 29 28 20 15 
27 447 442 441 432 425 418 414 404 401 398 393 389 383 378 373 368 367 366 365 363 362 361 360 355 351 349 347 345 339 338 333 320 319 318 312 309 307 306 296 295 293 288 285 281 274 268 248 245 241 240 238 236 228 220 219 209 205 191 182 179 172 169 158 155 151 146 125 112 111 104 99 97 90 89 84 79 75 60 56 55 53 42 38 25 21 11 9 6 
73 443 438 424 416 412 409 408 406 403 400 391 384 382 381 378 362 357 343 339 330 327 325 319 317 314 311 310 305 301 299 296 289 286 269 267 264 256 244 241 239 235 233 229 228 226 217 215 205 203 202 201 184 174 172 171 170 157 155 152 141 140 137 135 132 128 121 119 115 112 109 102 96 91 80 76 75 69 68 63 61 58 47 35 32 25 4 
102 445 443 438 434 424 422 413 412 399 396 394 389 387 384 381 379 378 354 349 342 341 336 317 314 311 310 306 305 304 299 276 270 264 255 254 244 237 235 233 232 229 219 215 203 200 188 187 173 172 170 159 158 157 148 141 135 128 126 122 121 120 119 118 117 115 111 105 93 92 90 88 76 73 72 70 68 56 43 33 28 25 21 16 15 10 0 
128 448 443 439 438 432 424 417 413 412 409 405 404 396 395 384 381 364 346 341 336 335 320 318 317 311 309 305 294 290 288 287 283 276 274 273 269 264 260 244 233 229 227 223 219 217 215 197 194 189 187 186 180 173 172 171 170 162 157 156 155 152 149 146 141 135 130 122 121 115 102 101 100 89 83 76 75 73 66 59 50 25 18 7 4 2 
398 447 425 404 397 389 380 377 374 366 364 363 362 360 355 351 347 345 339 338 333 331 320 319 314 306 296 293 291 288 285 282 268 266 264 253 245 241 240 236 235 229 228 225 219 217 211 209 199 184 182 177 168 159 157 142 140 130 126 125 121 111 105 104 101 99 97 95 90 87 84 83 79 69 57 56 55 53 42 38 36 33 27 21 6 
447 442 441 427 418 415 414 398 394 380 378 373 370 368 364 360 342 338 329 326 313 311 309 307 306 296 295 280 274 265 263 257 241 240 238 236 229 220 219 217 216 213 211 209 206 199 196 190 179 177 170 168 164 158 157 155 151 142 140 125 112 111 108 104 103 101 98 95 87 85 84 83 81 79 75 69 68 62 53 51 49 36 27 25 8 
104 447 442 441 432 414 409 401 398 397 383 378 377 374 373 368 367 365 363 362 360 349 339 332 331 318 316 312 309 307 306 296 291 289 281 280 274 268 253 248 245 240 238 235 220 219 218 205 198 196 191 184 176 172 169 158 155 151 146 142 126 125 121 112 111 105 100 89 87 78 77 75 72 60 57 53 38 36 33 27 25 19 11 9 
157 448 447 443 438 436 424 417 412 398 396 384 381 380 375 371 366 364 360 343 341 338 335 334 318 317 311 306 305 296 288 287 283 276 274 264 254 244 241 233 229 219 217 215 211 209 199 177 172 170 168 162 152 141 140 135 130 128 127 125 122 121 115 114 113 102 101 100 95 89 87 83 76 73 69 59 53 45 30 25 23 16 4 
349 438 432 422 415 409 405 401 394 391 390 385 383 367 365 363 354 348 336 332 318 317 316 312 306 293 289 281 280 262 254 253 248 245 236 235 220 218 205 203 198 196 194 191 188 184 181 176 172 169 158 146 142 139 126 111 104 102 100 93 92 89 87 82 78 77 72 70 60 59 53 52 38 33 27 25 22 19 15 11 10 9 1 
184 427 424 408 406 404 401 400 398 397 390 382 377 374 362 354 349 348 339 331 320 319 317 316 310 307 302 301 293 291 289 288 286 281 269 268 267 258 253 245 240 236 235 219 216 215 205 203 202 188 181 174 170 168 158 142 140 136 135 126 125 121 105 104 100 97 91 76 75 73 70 68 63 57 52 47 38 36 33 22 4 0 
121 443 438 437 430 428 424 412 408 406 403 400 398 397 387 385 384 382 381 377 374 362 339 331 330 319 317 312 311 310 305 301 291 289 286 268 267 264 253 245 244 240 235 233 229 219 215 205 203 202 184 174 172 170 157 142 141 139 135 128 126 125 115 105 104 102 94 91 76 73 68 64 63 57 47 38 36 33 25 23 4 
77 448 436 431 428 424 422 417 409 405 391 384 382 376 374 367 365 363 350 349 344 338 336 335 333 332 329 316 312 300 289 281 280 272 267 259 258 256 247 240 235 226 220 218 211 204 198 196 195 193 190 185 176 170 163 146 143 139 133 131 118 115 111 104 100 95 94 93 92 88 87 78 74 72 57 33 29 19 9 
338 449 447 445 440 431 424 422 420 418 398 394 380 364 360 335 326 311 306 296 295 293 279 259 256 254 241 240 236 229 226 223 222 217 211 209 207 204 200 199 197 196 195 190 186 179 177 170 168 161 159 157 154 152 143 142 140 133 125 115 108 103 101 95 94 92 87 85 83 81 77 69 62 53 49 31 27 16 8 
83 447 443 439 432 421 413 412 409 404 398 380 371 369 364 360 348 346 344 342 338 328 320 306 297 296 290 282 273 262 260 256 251 242 241 235 230 229 227 226 224 222 219 217 211 209 203 199 197 186 177 174 168 157 156 155 149 140 137 131 130 128 125 124 117 110 101 99 95 89 87 75 69 66 65 64 63 53 4 
381 448 445 443 438 424 417 412 410 401 399 396 389 384 379 378 342 341 340 335 318 317 311 310 305 288 283 276 274 264 263 262 255 253 244 240 237 233 232 229 222 219 215 205 200 197 194 189 188 172 170 162 159 157 152 148 146 141 135 130 128 122 121 115 111 108 102 100 99 97 89 76 73 68 59 33 25 16 4 
209 447 428 427 425 404 398 393 389 380 377 375 366 364 362 360 355 351 350 347 345 344 338 333 330 319 306 296 288 285 268 248 241 229 228 217 212 211 207 205 199 195 191 185 182 177 171 168 164 157 143 140 132 125 112 111 101 99 98 96 95 90 89 87 83 69 54 53 52 43 42 36 27 21 19 11 7 6 3 
100 448 417 409 405 401 396 391 390 385 381 367 365 363 354 349 348 341 335 332 318 317 316 311 295 293 289 288 286 283 281 280 276 274 262 253 252 236 235 220 219 218 215 198 196 194 188 184 181 176 170 162 159 158 157 152 146 142 139 130 128 122 111 104 89 87 82 79 78 77 72 70 59 52 33 22 19 4 1 
172 443 438 434 432 426 424 412 401 387 384 383 381 367 365 349 341 336 324 318 317 314 312 311 305 304 281 270 264 256 248 245 244 233 232 229 217 205 196 191 180 173 170 169 160 158 157 156 146 141 135 128 121 115 105 104 102 93 89 88 87 76 73 63 60 53 38 29 28 27 25 21 20 15 13 11 9 0 
256 448 445 428 426 421 417 405 384 382 376 374 365 350 348 344 339 338 333 328 324 316 312 299 282 272 269 267 265 258 247 244 241 240 235 230 228 226 222 217 211 201 197 196 185 180 174 172 171 163 161 160 158 154 146 140 139 137 135 132 118 117 95 87 83 80 77 76 73 64 63 58 49 40 29 28 20 15 
306 447 442 441 438 422 414 398 394 380 378 373 368 364 360 359 349 345 338 336 309 308 307 304 296 295 292 274 254 241 240 238 236 235 229 225 220 219 218 217 211 209 203 201 199 177 174 168 158 157 155 151 140 138 126 125 112 111 104 102 101 95 93 92 87 83 75 74 70 69 54 53 52 40 27 22 15 10 
53 448 447 441 436 432 401 398 389 383 380 375 371 367 365 364 360 349 343 338 334 318 312 307 306 296 287 281 280 273 254 248 246 245 241 229 217 211 209 205 199 191 187 177 175 172 169 168 159 157 146 144 141 140 135 127 125 114 113 104 101 95 89 87 83 69 68 60 51 45 44 38 30 27 25 11 9 8 
89 448 432 427 417 401 396 383 381 371 369 367 365 350 349 348 345 344 341 335 318 312 311 297 288 283 281 276 274 262 251 248 245 241 223 219 215 212 209 207 205 203 199 191 172 171 170 169 162 157 155 152 146 131 130 128 123 122 117 110 104 100 83 65 63 60 59 54 53 43 38 27 25 11 9 4 3 
146 448 432 428 417 410 405 401 391 385 384 383 382 381 376 374 367 365 350 349 348 344 342 337 318 316 312 294 287 281 263 262 258 256 253 248 247 245 240 237 223 211 205 194 191 189 185 180 172 169 163 142 139 128 118 115 108 104 100 99 97 95 89 82 80 77 60 59 53 38 33 29 27 25 11 9 1 
63 429 426 421 418 408 406 404 400 397 382 379 375 371 369 362 355 354 332 324 319 310 308 301 297 292 289 286 267 265 262 256 253 251 248 244 219 217 215 211 206 205 203 202 199 196 195 184 180 174 172 170 160 158 149 137 131 130 127 121 117 110 91 89 87 83 73 68 65 59 47 39 29 28 20 15 4 
248 432 429 427 421 418 401 397 393 383 380 375 367 365 355 350 349 345 344 332 318 316 312 310 308 307 305 301 292 281 265 253 250 246 245 241 225 221 219 212 211 209 207 206 205 195 191 172 171 169 153 149 146 137 134 127 114 104 91 89 82 64 63 62 60 59 54 53 43 39 38 27 25 14 11 9 3 
253 448 429 421 418 410 405 401 398 397 392 391 385 381 377 375 374 362 355 349 348 342 339 332 331 310 308 301 292 291 268 265 263 262 248 245 244 240 235 219 211 206 205 195 194 189 184 169 149 146 142 139 137 127 126 125 121 115 108 105 104 100 99 97 91 82 63 59 57 51 39 38 37 36 35 33 1 
205 448 432 427 414 410 408 406 401 400 383 382 381 367 365 362 350 349 345 344 342 319 318 312 310 301 289 286 281 267 263 262 253 248 245 241 215 212 209 207 203 202 194 191 189 184 174 172 171 170 169 146 121 115 108 104 99 97 96 91 89 73 71 68 63 60 54 53 47 43 38 27 25 11 9 4 3 
448 436 428 417 410 405 401 396 384 382 381 376 375 374 371 350 344 343 342 341 335 334 318 316 312 311 288 287 283 276 274 263 262 258 257 256 254 253 247 240 219 215 211 205 194 189 185 170 163 162 157 152 146 141 139 130 128 127 122 118 115 114 113 108 100 99 97 95 89 77 59 53 45 32 30 29 4 
288 448 427 424 417 405 404 398 396 395 389 381 364 362 355 351 347 345 341 336 335 333 320 319 318 317 311 309 285 283 281 276 274 269 268 258 241 228 222 219 215 209 184 182 173 171 170 168 162 157 152 140 136 135 130 128 125 122 111 100 99 97 90 89 76 66 59 50 42 27 21 18 7 6 4 2 
296 447 442 441 425 416 414 409 398 389 380 378 373 368 366 364 363 360 357 343 339 338 320 314 309 307 306 293 280 274 273 241 240 238 236 235 229 226 220 219 217 211 209 199 182 177 168 158 157 155 152 151 140 137 125 119 112 111 104 101 97 95 91 87 84 83 79 75 73 69 62 56 55 53 30 27 
268 428 425 404 402 398 397 391 389 377 375 374 373 366 362 355 351 347 345 339 336 333 331 330 325 319 291 288 285 277 263 259 253 245 241 240 235 234 228 219 211 209 195 191 185 184 182 164 159 152 142 132 126 125 121 112 111 105 104 99 98 96 90 70 57 52 42 38 36 33 29 27 21 19 7 6 
404 443 439 432 427 424 413 412 409 405 398 395 389 364 362 355 351 347 346 345 336 333 320 319 317 309 290 288 285 281 273 269 268 260 258 241 228 227 219 217 209 197 186 184 182 173 171 168 162 156 155 149 140 136 135 128 125 111 101 99 97 90 83 76 75 66 63 50 42 27 21 18 7 6 2 
310 445 437 429 421 418 408 406 400 399 397 396 389 382 381 379 378 376 375 362 355 342 332 326 319 308 301 292 289 286 276 267 265 255 253 248 237 232 221 219 215 211 206 205 203 202 200 195 188 184 174 170 159 149 148 137 127 122 121 111 102 94 91 73 68 63 59 55 47 39 33 16 4 3 
125 447 404 398 397 389 384 380 377 374 364 362 360 355 351 347 345 339 338 333 331 319 306 296 291 288 285 284 268 253 245 241 240 235 229 228 219 217 216 211 209 199 184 182 177 168 166 159 157 142 140 126 121 111 105 104 101 99 95 90 87 83 69 59 57 53 42 38 36 33 27 21 6 
158 447 442 441 440 438 426 422 414 401 394 390 378 373 368 360 356 354 349 336 324 317 316 309 307 306 299 297 296 293 274 256 254 244 240 238 236 220 219 217 203 196 188 184 181 180 172 160 155 154 151 126 112 111 104 102 100 93 92 87 75 70 63 52 29 28 27 22 20 15 13 10 
112 447 442 441 428 425 416 414 409 403 391 389 378 373 368 366 360 357 343 330 328 327 325 314 309 307 306 303 296 280 274 273 268 264 240 238 235 226 220 219 217 211 209 196 195 185 164 158 155 152 151 132 119 111 109 104 98 96 91 76 75 73 71 69 68 61 52 35 32 27 19 
389 445 441 421 404 399 398 396 381 379 378 373 367 362 355 351 347 345 342 333 319 312 310 307 296 288 285 280 276 273 269 268 255 246 241 237 232 228 219 215 209 200 188 182 175 173 159 148 144 135 125 122 112 111 102 99 91 90 87 68 53 51 42 35 33 27 21 16 8 6 3 
87 447 426 421 409 398 389 380 367 365 364 363 360 355 349 338 332 324 321 316 306 296 289 281 280 269 256 244 241 235 229 220 218 217 211 209 199 198 196 180 177 176 172 168 160 158 157 140 125 111 104 101 100 96 95 83 78 77 72 71 69 63 53 35 33 29 28 20 19 15 3 
203 444 438 422 421 419 408 406 400 394 382 371 369 362 349 336 335 319 310 306 301 297 289 286 267 262 255 254 251 250 241 232 223 215 208 205 202 201 199 192 189 184 174 170 162 158 131 130 126 121 117 110 102 93 92 91 90 89 83 74 73 70 68 65 63 47 15 10 4 
316 448 428 417 409 405 401 393 390 384 382 376 374 367 365 363 354 350 349 344 332 317 312 307 293 289 282 281 280 258 257 256 248 247 240 236 235 225 220 218 211 198 196 188 185 184 181 176 163 158 146 139 134 118 111 104 100 95 87 78 77 72 70 52 33 29 22 19 14 
362 408 406 404 400 398 397 389 382 377 374 355 351 347 345 339 333 331 319 310 301 291 289 288 286 285 278 268 267 253 246 245 241 240 235 228 219 215 209 205 203 202 184 182 174 170 142 126 125 121 111 105 104 99 91 90 73 68 63 57 47 42 38 36 33 27 21 6 4 
59 448 429 421 418 417 405 397 396 391 385 381 375 355 349 348 341 335 332 318 311 310 308 301 295 293 292 288 286 283 276 274 265 262 253 252 248 219 215 211 206 195 194 170 162 157 152 150 149 146 142 139 137 130 128 127 125 122 100 91 89 82 79 63 39 33 4 1 
135 443 441 438 427 424 412 404 389 384 381 369 367 339 320 317 312 311 307 305 299 288 281 280 273 269 264 258 256 246 244 241 233 229 228 217 201 184 176 175 172 171 170 168 159 157 144 141 140 137 136 132 128 126 121 115 102 97 80 76 73 68 58 53 51 44 25 8 
140 447 427 424 421 404 399 398 380 364 360 348 345 344 339 338 328 320 317 306 299 296 288 282 281 269 258 256 241 235 230 229 228 226 222 217 211 209 201 199 184 177 174 171 168 157 138 137 136 135 132 125 117 101 97 95 87 83 80 76 74 73 69 64 58 54 53 22 
312 448 441 432 428 417 405 401 389 384 383 382 376 374 367 365 350 349 346 344 318 316 307 281 280 273 258 256 248 247 246 245 240 211 205 191 185 175 172 169 163 159 146 144 139 135 121 118 104 95 89 78 77 68 60 53 51 46 38 29 28 27 25 11 9 8 3 
232 445 444 434 421 399 396 389 387 381 379 378 377 368 342 341 336 335 314 310 304 290 276 270 259 255 250 241 238 237 223 220 219 215 208 204 203 201 200 198 192 189 188 173 172 162 161 159 148 122 116 111 105 102 93 90 88 81 74 68 49 33 22 21 16 0 
378 447 445 442 441 437 416 414 409 399 396 389 381 379 373 368 360 357 343 342 337 314 310 309 307 306 296 276 274 255 240 238 237 235 232 226 220 219 217 215 208 200 188 169 159 158 155 152 151 148 122 119 112 111 104 102 94 92 75 73 68 35 33 27 26 16 
25 447 443 438 432 427 424 415 412 401 384 383 381 370 367 365 349 318 317 312 311 309 305 281 280 264 263 257 248 245 244 233 229 216 205 191 172 170 169 164 157 146 141 135 128 121 116 115 104 102 98 89 84 81 79 76 73 68 60 53 38 36 27 11 9 
215 448 445 417 408 406 400 399 396 389 382 381 379 378 362 342 341 335 319 318 311 310 301 289 288 286 283 276 274 267 255 237 232 219 205 203 202 200 188 184 174 170 162 159 157 152 148 130 128 122 121 111 102 100 91 89 73 68 63 59 47 33 31 16 4 
220 447 442 441 429 414 409 378 377 373 368 367 365 363 360 349 332 329 316 313 309 307 306 296 290 289 281 280 274 265 259 250 241 240 238 235 232 219 218 206 204 198 196 189 176 161 158 155 151 112 111 104 100 87 81 78 77 75 72 49 33 27 22 19 
421 444 429 418 397 389 375 355 348 344 335 332 328 310 308 303 301 292 282 269 267 265 256 255 253 250 248 241 235 232 230 226 223 222 219 211 208 206 203 201 195 192 189 174 162 149 140 137 130 127 117 91 90 87 83 74 64 63 59 39 35 30 19 3 
336 438 434 422 405 404 395 394 391 387 364 349 341 333 329 314 309 306 304 300 288 272 270 268 267 263 259 254 232 203 190 173 172 171 170 162 158 131 128 127 126 105 102 93 92 88 77 74 70 66 57 52 50 45 29 21 18 15 10 9 7 2 0 
159 449 445 441 440 420 414 399 398 396 389 381 379 378 373 367 342 338 314 312 310 307 293 282 280 279 276 273 268 266 255 246 237 232 225 223 222 219 215 207 200 188 186 175 152 148 144 135 130 125 122 111 108 102 100 68 57 53 51 33 31 16 8 
115 448 443 438 431 424 422 412 410 408 406 401 399 384 381 356 342 338 335 317 311 305 299 264 263 262 259 253 244 233 229 226 211 205 204 199 195 194 189 172 170 157 146 143 141 135 133 128 121 108 102 99 97 94 92 77 76 74 73 60 42 26 25 
52 438 436 428 425 422 401 391 390 373 366 359 354 349 336 330 325 317 316 308 306 304 300 295 293 292 268 263 259 243 240 236 235 234 225 218 211 209 201 195 188 185 184 181 174 164 158 134 132 112 111 100 98 96 70 66 57 29 22 20 19 11 
229 447 443 438 424 412 398 394 384 381 380 364 360 338 326 317 311 306 305 296 264 244 241 233 217 213 211 209 199 196 195 190 177 172 170 168 157 142 141 140 135 128 125 121 120 115 103 102 101 95 87 85 83 81 76 73 69 62 53 49 25 8 
311 448 447 443 438 424 417 412 396 395 394 384 381 341 338 335 326 318 317 305 288 283 276 274 264 244 233 229 219 215 196 190 172 170 162 157 152 142 141 135 130 128 127 122 121 115 103 102 100 89 85 81 76 73 70 62 59 49 25 8 4 
432 443 439 413 412 409 404 401 391 383 380 367 365 349 346 320 318 312 305 290 281 273 260 250 248 246 245 227 223 221 219 217 205 197 191 186 172 169 166 156 155 153 149 146 128 104 101 89 83 75 66 64 62 60 53 39 38 27 25 11 9 
281 432 427 424 409 404 401 383 367 365 363 349 332 320 318 317 316 312 289 288 280 269 258 248 245 235 220 218 205 198 196 191 184 176 172 169 168 146 140 136 135 111 104 100 97 89 87 78 77 76 72 60 53 38 33 27 25 19 15 11 9 
409 443 439 432 416 413 412 404 378 367 365 363 357 349 346 343 332 320 318 316 314 296 290 289 281 280 273 260 235 227 226 220 219 218 217 198 197 196 186 176 156 155 152 149 128 119 112 111 104 101 100 87 83 78 77 75 73 72 66 33 19 
155 447 443 442 441 439 432 416 414 413 412 409 404 378 373 368 360 357 346 343 339 321 320 314 309 307 306 296 290 274 273 271 260 240 238 235 227 226 220 219 217 197 186 158 156 152 151 149 128 119 112 111 104 101 89 83 75 73 66 27 
4 448 417 408 406 400 396 382 381 371 369 362 341 335 319 318 311 310 301 297 289 288 286 283 276 274 267 262 251 219 215 205 203 202 199 195 184 174 170 162 157 152 131 130 128 122 121 117 110 100 95 91 89 83 73 68 65 63 59 47 
76 443 438 427 424 412 404 403 391 384 381 367 333 330 327 325 320 317 311 305 292 288 281 272 269 267 265 264 258 256 244 242 233 229 184 172 170 168 157 141 140 136 135 128 121 115 112 109 102 97 96 73 69 68 61 49 35 32 25 
367 441 432 409 401 389 383 365 363 349 332 318 316 312 307 301 289 281 280 273 248 246 245 235 220 218 205 198 196 191 176 175 172 169 159 146 144 135 111 104 100 89 87 78 77 76 72 68 60 53 51 38 33 27 25 19 11 9 8 
75 447 443 442 441 439 432 416 414 413 412 409 404 378 373 368 360 357 346 343 320 314 309 307 306 296 290 274 273 260 240 238 235 227 226 220 219 217 197 186 184 158 156 155 152 151 149 128 119 112 111 104 101 83 73 66 41 27 16 
195 431 429 428 425 424 422 421 418 397 375 366 355 338 335 332 330 310 308 301 292 286 268 265 259 253 248 229 226 219 211 209 206 204 186 185 164 161 149 143 137 133 132 127 115 112 98 96 94 92 91 77 63 59 52 39 19 4 
152 449 448 440 436 420 417 416 409 396 381 378 357 343 341 338 335 318 314 311 296 293 288 283 279 276 274 268 235 226 223 222 219 217 215 211 207 200 186 170 162 159 157 155 130 128 122 119 112 108 100 89 75 73 59 31 16 4 
90 444 421 413 404 398 389 362 355 354 351 347 345 335 333 319 308 299 288 285 268 255 250 241 235 232 228 223 209 208 203 201 199 192 189 187 182 169 162 126 125 120 119 117 111 102 99 85 74 72 67 56 42 33 28 27 21 6 
280 447 441 427 415 409 389 370 367 365 363 349 332 316 312 307 296 289 281 273 271 263 257 246 235 220 218 216 198 196 176 175 164 159 144 135 112 111 104 100 98 91 87 84 81 79 78 77 72 68 64 53 51 36 33 25 19 8 
319 437 428 408 406 404 400 398 389 385 382 362 355 353 351 347 345 333 328 326 310 301 289 288 286 285 268 267 241 228 221 215 209 205 203 202 184 182 174 170 125 121 111 103 99 91 90 73 68 63 55 47 42 27 21 6 4 3 
142 447 433 405 398 397 394 391 385 383 377 374 362 349 348 339 338 331 326 311 291 268 262 253 245 240 235 229 226 219 196 194 190 184 170 146 139 126 125 121 105 104 103 101 100 85 82 81 62 59 57 49 38 36 33 8 1 
274 448 447 442 441 417 414 403 396 381 378 373 368 360 341 335 318 311 309 307 306 296 288 283 276 265 240 238 220 219 217 215 190 183 170 162 158 157 155 152 151 130 128 122 112 111 104 101 100 89 75 59 58 44 35 27 4 
339 425 398 397 377 374 366 363 362 331 320 299 296 293 291 269 268 256 253 245 241 240 236 235 228 219 217 201 184 182 173 171 155 142 140 137 135 132 126 125 121 105 104 97 84 80 79 73 58 57 56 55 48 38 36 33 27 
405 448 428 417 404 395 391 385 384 382 376 374 364 350 349 348 344 336 316 312 309 288 271 262 258 256 253 247 240 211 196 194 185 173 171 163 162 146 142 139 128 118 100 95 82 77 66 59 50 39 33 29 18 14 7 2 1 
137 429 421 418 397 396 375 355 348 344 339 332 328 310 308 303 301 299 296 292 282 269 267 265 256 253 248 241 235 230 228 226 222 219 217 211 206 201 195 174 171 149 140 135 132 127 117 91 83 80 73 64 63 59 58 39 19 
149 443 439 432 429 421 418 413 412 409 408 404 397 394 392 375 355 346 340 332 320 310 308 301 292 290 273 265 260 253 248 227 219 217 211 208 206 197 195 192 186 169 156 155 137 128 127 101 91 83 75 66 63 59 51 39 35 
101 447 443 439 432 413 412 409 404 403 398 394 380 364 360 346 338 320 306 296 290 274 273 260 242 241 229 227 219 217 211 209 208 199 197 192 186 183 177 168 157 156 155 149 142 140 128 125 95 87 83 75 69 66 53 44 35 
267 421 408 406 400 391 383 382 363 362 358 340 336 333 331 329 319 310 303 301 300 297 289 286 272 265 256 235 215 205 203 202 201 190 184 174 170 137 131 121 93 91 88 77 76 74 73 68 63 57 49 47 24 19 9 8 4 
320 443 439 432 427 425 424 413 412 409 404 398 366 363 346 339 317 296 293 290 288 281 273 269 260 258 236 227 219 217 211 204 197 186 184 182 168 161 156 155 149 140 136 135 128 101 97 84 83 79 76 75 66 56 55 54 27 
344 448 428 427 421 417 405 384 382 376 374 350 348 345 328 316 312 285 282 260 258 256 248 247 241 240 235 230 226 222 212 211 210 209 207 205 185 174 171 163 146 140 139 137 118 117 95 89 83 77 64 54 43 29 11 3 
126 438 422 413 398 397 394 377 374 362 360 354 349 339 336 331 306 299 291 268 260 254 253 245 240 235 219 203 187 184 158 142 135 125 121 120 119 117 111 105 104 102 93 92 90 72 70 57 56 42 38 36 33 28 15 10 
355 446 429 421 418 404 398 397 389 375 362 351 347 346 345 333 332 319 310 308 301 292 288 285 269 268 265 253 248 241 228 219 211 209 206 195 182 164 149 137 127 125 111 99 91 90 87 63 59 42 39 35 27 21 6 3 
427 447 424 416 415 404 375 370 350 345 344 334 320 317 288 281 280 269 263 258 257 248 241 216 212 209 207 205 200 184 171 168 164 145 143 140 136 135 129 118 98 97 93 89 84 81 79 76 68 54 43 36 34 25 11 3 
196 447 426 409 405 394 367 365 363 349 338 332 326 324 316 311 289 281 280 256 244 235 229 220 218 217 198 190 180 176 172 170 160 158 142 112 111 104 103 100 87 85 81 78 77 72 63 62 49 33 29 28 20 19 15 8 
401 448 432 417 410 392 390 385 383 381 367 365 354 349 342 318 317 316 312 293 285 281 263 262 253 248 245 236 205 194 191 189 188 184 181 172 169 158 146 115 108 104 100 99 97 89 70 60 53 52 38 27 25 22 11 9 
335 448 444 431 424 422 421 419 417 396 381 341 338 318 311 288 283 276 274 259 255 250 241 232 226 223 219 215 211 208 204 203 201 195 192 189 176 170 162 157 152 143 133 130 128 122 115 100 94 92 90 89 77 74 59 4 
382 448 437 428 417 416 408 406 405 400 384 376 374 362 350 344 330 319 316 312 310 301 289 286 267 258 256 247 240 215 211 205 203 202 185 184 174 170 163 146 139 121 118 95 91 77 73 68 64 63 48 47 29 23 4 
384 448 443 438 428 424 417 412 405 382 381 376 374 350 344 343 317 316 312 311 305 264 258 256 247 244 243 240 233 229 211 200 185 175 172 170 163 157 150 146 141 139 135 128 125 121 118 115 102 95 77 76 73 29 25 
199 447 431 408 398 380 371 369 364 360 351 338 308 306 297 296 262 251 241 229 217 211 209 203 183 177 169 168 165 157 140 131 130 125 117 115 110 101 95 90 89 87 85 83 69 67 65 63 60 58 53 42 40 26 4 
424 443 438 431 427 422 412 404 384 381 358 338 335 320 317 311 305 288 281 269 264 259 258 244 233 229 226 211 204 195 184 172 170 168 157 143 141 140 136 135 133 128 121 115 102 97 94 92 77 76 73 40 25 15 8 
391 432 425 407 405 403 385 373 349 348 336 333 330 329 327 325 300 272 268 267 264 262 253 234 200 194 190 170 146 142 139 131 112 109 100 96 93 88 82 77 76 74 73 69 68 61 59 57 52 35 33 32 9 7 1 
174 438 422 421 408 406 400 382 362 359 348 344 328 319 310 308 306 304 301 295 292 289 286 282 267 256 240 236 235 230 226 225 222 218 215 208 205 203 202 201 184 170 140 137 121 117 91 83 73 68 64 63 52 47 4 
438 443 424 422 412 397 394 384 381 359 349 336 329 317 311 308 306 305 304 297 295 292 264 254 244 240 236 235 233 229 225 218 203 201 174 172 170 158 157 141 135 128 126 121 115 102 93 92 76 73 70 52 25 15 10 
318 448 432 417 409 401 396 383 381 367 365 349 341 335 312 311 295 288 286 283 281 277 276 274 252 248 245 219 215 205 191 172 170 169 162 157 152 146 130 128 122 104 100 89 79 60 59 53 38 34 27 25 11 9 4 
91 429 421 418 408 406 400 397 389 382 375 362 357 355 332 319 310 308 307 301 296 292 289 286 280 275 273 267 265 257 253 248 219 215 211 206 205 203 202 195 184 174 170 149 137 127 121 112 73 68 63 59 47 39 4 
307 447 442 441 414 393 389 378 373 368 367 360 348 323 316 312 309 306 302 298 296 280 274 273 248 246 240 238 225 220 219 216 184 175 168 159 158 155 151 144 135 134 112 111 104 91 75 68 53 51 27 14 8 0 
236 447 438 425 422 420 418 413 401 398 390 379 366 363 359 354 349 339 338 320 317 316 308 306 304 296 295 293 292 240 235 225 218 201 188 184 182 181 179 174 158 100 97 95 84 79 72 70 56 55 52 27 22 2 
333 449 404 398 391 389 362 355 351 347 345 336 329 319 300 288 285 272 268 267 265 256 241 228 209 190 182 181 170 165 138 131 129 125 124 111 99 93 90 88 77 76 74 72 57 49 47 42 27 24 21 13 9 6 
162 448 444 421 417 405 404 396 395 381 364 341 336 335 318 311 309 288 283 276 274 255 250 241 232 228 223 219 215 208 203 201 192 189 173 171 170 157 152 130 128 122 100 90 89 74 66 59 50 18 7 4 2 
375 448 436 429 427 421 418 397 377 371 355 343 334 332 310 308 301 292 287 268 265 254 253 248 234 219 211 209 206 195 191 166 157 149 145 143 141 137 129 127 114 113 109 91 63 59 53 45 39 36 30 11 7 
289 409 408 406 400 382 367 365 363 362 349 332 319 316 310 305 301 298 286 281 280 267 235 230 220 218 215 205 203 202 198 196 184 176 174 170 121 111 104 100 91 87 78 77 73 72 68 63 47 33 19 4 
95 448 447 428 417 405 398 384 382 380 376 374 364 360 354 350 344 338 316 312 306 296 258 256 254 247 241 240 236 229 217 211 209 199 185 177 168 163 157 146 140 139 125 118 101 87 83 77 69 53 29 4 
293 449 440 436 425 420 401 398 390 366 363 354 349 339 338 320 317 316 300 296 279 236 223 222 207 200 188 186 184 182 181 159 158 152 134 108 100 97 84 79 70 66 59 56 55 52 31 27 22 20 16 
200 449 445 441 440 427 420 416 414 399 396 391 389 384 381 379 378 373 342 338 310 293 282 279 276 259 255 237 232 223 222 219 215 207 188 186 159 152 148 145 122 111 108 102 93 68 36 34 33 31 16 
332 429 421 418 416 409 397 375 367 365 363 355 349 316 310 308 301 292 289 281 280 265 253 248 235 220 219 218 211 206 198 196 195 176 149 148 137 127 111 104 100 91 87 78 77 72 63 59 39 33 19 
317 443 438 427 424 412 404 401 390 384 381 354 349 320 316 311 305 293 288 281 269 264 258 244 236 233 229 188 184 181 172 170 168 158 157 141 140 136 135 128 121 115 102 100 97 76 73 70 52 25 22 
245 432 411 401 398 397 383 377 374 367 365 362 349 339 331 329 318 312 291 281 268 253 248 240 235 219 205 204 191 184 172 169 146 142 126 125 121 105 104 89 61 60 57 53 38 36 33 27 25 11 9 
397 438 431 429 421 418 398 377 375 374 362 355 339 332 331 310 308 301 292 291 268 265 253 248 245 240 235 219 211 206 195 184 149 142 137 127 126 125 121 106 105 104 91 63 59 57 39 38 36 33 13 
374 448 428 417 405 398 397 384 383 382 377 376 362 350 344 339 331 316 315 312 291 268 258 256 253 247 245 240 235 219 211 185 184 163 146 142 139 126 125 121 118 105 104 95 77 57 38 36 33 29 
36 447 427 416 415 398 397 377 375 374 370 362 352 339 331 291 280 268 263 257 253 245 240 235 219 216 209 200 191 184 164 145 142 126 125 121 105 104 98 93 84 81 79 68 57 38 34 33 25 7 
93 438 434 427 422 416 394 391 387 349 341 336 333 329 314 306 304 302 300 272 270 267 254 232 203 202 200 190 173 172 170 158 145 131 126 105 102 92 88 77 74 70 57 36 34 21 15 10 9 0 
360 447 442 441 419 414 398 380 378 373 368 364 338 309 307 306 296 274 241 240 238 229 220 219 217 211 209 199 194 177 168 158 157 155 151 140 126 125 112 111 104 101 95 94 87 83 75 69 53 27 
301 435 429 421 418 408 406 400 397 382 375 367 362 355 342 332 319 310 308 292 289 286 267 265 253 248 219 215 211 206 205 203 202 195 185 184 174 170 149 137 127 121 91 73 68 63 59 47 39 4 
363 425 409 398 367 366 365 349 340 339 332 331 320 316 297 296 293 289 281 280 267 236 235 222 220 218 204 198 197 196 182 176 129 111 104 100 97 87 84 79 78 77 72 56 55 33 27 24 19 8 
130 448 446 421 417 398 396 381 371 369 341 335 318 314 311 297 288 283 282 276 274 266 262 251 225 219 215 203 199 170 162 159 157 152 131 128 122 117 114 110 100 89 83 65 63 59 57 37 23 4 
57 398 397 391 377 374 373 362 339 336 333 331 329 325 314 300 291 272 268 267 266 253 245 240 235 234 225 219 190 184 170 159 142 131 130 126 125 121 105 104 93 88 77 74 52 38 36 33 9 
201 444 438 422 421 359 339 335 308 306 304 303 299 295 292 269 267 256 255 250 241 240 236 235 232 228 225 223 218 217 208 203 192 189 174 171 162 140 137 135 132 90 80 74 73 58 52 19 10 
38 432 401 398 397 383 377 374 367 365 362 349 339 331 318 312 291 281 268 253 248 245 240 235 219 205 191 184 172 169 146 142 126 125 121 105 104 89 72 60 57 53 36 33 29 27 25 11 9 
412 443 439 438 432 424 413 409 404 384 381 346 320 317 311 305 290 273 264 260 244 233 229 227 219 217 197 186 172 170 157 156 155 149 141 135 128 121 115 102 101 83 78 76 75 73 66 25 3 
443 439 438 434 432 424 413 412 409 404 384 381 346 320 317 311 305 290 273 264 260 244 233 229 227 219 217 197 186 172 170 157 156 155 149 141 135 128 121 115 102 101 83 76 75 73 66 25 2 
417 448 428 405 401 396 384 382 381 376 374 350 344 341 335 318 316 312 311 288 283 276 274 258 256 247 240 219 215 211 185 170 163 162 157 152 146 139 130 128 122 118 100 95 89 77 59 29 4 
72 420 413 409 379 367 365 363 354 349 333 332 316 299 289 281 280 236 235 220 218 198 196 187 181 176 165 129 126 120 119 117 111 104 102 100 90 87 81 78 77 74 56 38 33 28 19 13 2 
342 448 447 445 410 401 399 396 389 381 379 378 310 301 276 263 262 255 253 237 232 219 215 205 200 194 190 189 188 176 159 148 146 133 122 115 111 108 102 99 97 83 81 68 51 49 33 16 
189 448 444 421 410 401 381 377 368 342 335 294 290 287 263 262 259 255 253 250 241 238 232 223 220 208 205 204 203 201 198 194 192 180 162 161 146 128 115 108 99 98 97 90 81 74 49 22 
29 448 428 426 420 417 405 384 382 376 374 350 344 336 324 316 312 268 263 259 258 256 247 244 240 217 211 196 185 180 172 163 160 158 146 139 118 95 87 77 70 63 52 45 38 28 20 15 
171 427 405 404 395 364 350 345 344 339 336 309 305 299 288 269 256 248 241 228 217 212 209 207 205 201 187 180 173 162 140 137 135 132 128 89 80 73 66 58 54 50 43 18 11 7 3 2 
139 448 437 430 428 417 405 403 391 385 384 382 376 374 350 349 348 344 323 316 312 262 258 256 253 247 240 223 211 194 185 163 146 142 123 121 118 100 98 95 94 82 77 59 33 29 5 1 
97 448 427 425 424 410 406 404 401 398 388 381 366 363 342 339 320 317 296 293 288 281 269 263 262 258 253 236 205 194 189 184 182 181 168 146 140 136 135 115 108 99 84 79 76 56 55 27 
81 447 427 415 394 377 370 368 342 338 326 311 290 280 263 259 257 250 241 238 232 229 220 216 204 198 196 190 189 170 164 161 142 108 103 98 85 84 79 72 68 62 51 49 36 25 22 8 
308 438 429 422 421 418 397 392 375 359 355 351 332 310 306 304 301 295 292 265 253 248 240 236 235 225 219 218 211 206 201 199 195 174 169 149 137 127 91 90 85 67 63 59 52 51 39 35 
273 443 441 439 432 414 413 412 409 404 389 367 364 346 320 312 307 296 290 280 260 246 227 219 217 197 186 175 159 156 155 149 144 135 128 112 107 101 91 83 82 75 68 66 53 51 8 
168 447 427 424 404 402 398 380 364 360 348 338 320 317 307 306 302 296 288 281 269 258 241 229 217 216 211 209 202 199 184 177 157 140 136 135 134 125 101 97 95 87 83 76 69 53 0 
341 448 446 434 425 417 396 387 381 336 335 318 314 311 304 288 283 282 276 274 270 232 219 215 182 173 172 170 162 157 152 130 128 122 114 105 102 100 93 89 88 59 37 23 21 4 0 
276 448 445 417 399 396 392 389 381 379 378 342 341 335 318 311 310 288 283 274 255 237 232 219 215 210 200 188 170 162 159 157 152 148 130 128 122 111 110 102 100 89 68 59 33 16 4 
365 432 409 401 383 367 363 349 332 331 318 316 312 289 281 280 256 248 245 235 220 218 205 198 196 191 176 172 169 146 111 104 100 89 87 78 77 72 60 53 38 33 27 25 19 11 9 
19 428 425 421 409 367 366 365 363 349 332 330 316 303 289 281 280 268 267 260 235 220 218 211 209 201 198 196 195 185 176 164 160 137 132 112 111 104 100 98 96 87 78 77 72 52 33 
226 435 431 424 422 421 416 409 378 357 348 344 343 338 335 328 314 296 282 259 256 235 230 222 217 211 204 195 174 155 152 143 142 140 137 133 119 117 115 112 94 92 83 77 75 73 64 
396 448 445 417 399 389 381 379 378 342 341 335 318 311 310 288 283 276 274 255 237 232 219 215 212 200 188 187 170 162 159 157 152 148 137 130 128 122 111 102 100 89 68 59 33 16 4 
11 432 427 402 401 383 375 370 367 365 350 349 345 344 334 318 312 281 248 245 241 212 209 207 205 191 172 171 169 146 145 143 129 104 89 60 54 53 52 43 38 27 25 20 9 3 
122 448 445 417 399 396 389 381 379 378 342 341 335 318 311 310 288 283 276 274 255 238 237 232 219 215 200 188 170 162 159 157 156 152 148 130 128 111 102 100 89 68 59 33 16 4 
66 443 439 436 432 413 412 409 405 404 400 395 364 346 336 320 309 300 293 290 288 273 260 227 219 217 197 186 175 173 171 162 156 155 149 134 128 101 83 75 52 50 20 18 7 2 
428 448 444 437 425 417 405 384 382 376 374 366 350 344 337 330 319 316 312 268 258 256 247 240 212 211 209 195 185 164 163 146 139 132 121 118 112 98 96 95 77 64 52 29 23 19 
117 421 413 371 369 354 351 348 344 328 299 297 282 262 256 251 235 230 226 222 203 199 187 174 140 137 131 130 126 120 119 111 110 102 90 89 83 72 65 64 63 56 33 28 4 1 
169 432 410 401 392 383 378 367 365 351 349 337 318 312 308 281 253 248 245 230 212 208 205 199 191 172 149 146 104 92 90 89 85 71 67 60 53 51 38 35 28 27 26 25 11 9 
377 398 397 375 374 368 362 339 331 291 290 268 261 259 253 250 245 241 240 238 235 232 220 219 209 204 198 191 189 184 161 142 136 126 125 121 105 104 81 57 49 38 36 33 22 7 
413 443 439 432 420 412 409 404 379 354 346 329 320 304 299 290 273 260 236 235 227 219 217 197 187 186 156 155 149 128 126 120 119 117 111 102 101 90 83 75 72 66 56 33 28 2 
262 448 410 405 401 391 385 381 371 369 349 348 342 297 278 271 263 253 251 205 203 199 194 189 178 146 142 139 131 130 117 115 110 108 100 99 97 89 83 82 65 63 59 33 4 1 
16 449 445 440 420 400 399 396 389 381 379 378 342 338 310 293 279 276 255 237 232 223 222 219 215 207 200 188 186 182 175 159 157 152 148 122 111 108 107 102 75 68 50 33 31 
422 438 431 424 394 359 349 338 336 335 308 306 304 295 292 259 254 240 236 235 226 225 218 211 206 204 203 201 195 174 158 143 133 126 115 106 102 94 93 92 77 70 52 15 10 
345 427 404 398 389 362 355 351 350 347 344 333 319 306 288 285 268 248 241 228 212 209 207 205 182 179 171 140 138 125 111 99 90 89 79 74 54 43 42 27 22 21 11 6 3 
290 443 439 432 413 412 409 404 394 377 368 346 320 273 260 259 250 241 238 232 227 220 219 217 208 204 198 197 192 189 186 161 156 155 149 128 106 101 83 81 75 66 49 35 22 
127 448 436 429 421 418 397 393 375 371 368 355 343 336 334 332 311 310 308 301 292 287 265 254 253 248 219 211 206 195 157 149 141 137 114 113 111 91 86 63 59 53 45 39 30 
258 448 428 427 424 417 405 404 392 384 382 376 374 350 344 324 320 317 316 312 288 281 269 256 247 240 211 192 185 184 168 163 146 140 139 136 135 118 97 95 77 76 67 29 
49 447 394 377 368 342 338 333 326 311 290 272 267 265 259 256 250 241 238 233 232 229 220 204 198 196 190 189 181 170 161 142 138 108 103 85 81 76 62 51 47 42 22 8 
309 447 442 441 425 414 405 404 395 378 373 368 364 360 336 307 306 296 288 274 243 240 238 220 219 173 171 162 158 155 151 128 112 111 104 75 66 50 27 25 18 7 2 
69 447 410 403 398 391 380 364 360 338 330 327 325 306 296 278 264 241 229 217 211 209 199 178 177 168 157 140 125 112 109 101 96 95 87 83 76 73 68 61 53 35 32 
368 447 442 441 414 378 377 373 360 309 307 306 296 290 284 274 259 252 250 241 240 238 234 232 220 219 204 198 189 161 158 155 151 127 112 111 104 81 75 49 27 22 2 
186 449 443 440 439 432 420 413 412 409 404 346 338 320 293 290 279 273 260 252 227 223 222 219 217 207 202 200 197 195 159 156 155 152 149 128 108 101 83 75 66 31 16 
105 434 398 397 387 377 374 362 341 339 336 331 314 304 291 270 268 253 245 240 235 232 219 214 184 173 172 142 126 125 121 114 104 102 93 88 71 57 38 36 33 21 0 
441 447 442 414 400 389 378 373 368 367 360 312 309 307 306 296 282 280 274 273 257 246 240 238 220 219 200 175 159 158 155 151 144 135 112 111 104 75 68 53 51 27 8 
74 444 421 391 345 336 335 333 329 306 300 272 267 255 250 241 232 223 208 203 201 192 190 189 181 170 165 162 140 138 131 129 115 93 90 88 77 72 57 54 22 13 9 
99 448 415 410 404 401 398 389 381 362 355 351 347 345 342 333 319 288 285 268 263 262 253 241 228 209 205 194 189 182 146 125 115 111 108 97 90 83 42 27 21 15 6 
364 447 405 404 398 395 380 360 338 336 309 306 296 288 273 241 229 217 211 209 199 177 173 171 168 162 157 140 128 125 101 95 87 83 69 66 53 50 48 18 7 5 2 
292 438 429 426 422 421 418 397 375 359 355 332 310 308 306 304 301 295 283 265 253 248 240 236 235 225 219 218 211 206 201 195 174 149 137 127 91 76 63 59 52 39 
188 445 401 399 396 390 389 381 379 378 354 349 347 342 317 316 310 304 293 276 255 237 236 232 219 215 200 184 181 159 158 148 122 111 102 100 70 68 52 33 22 16 
182 425 423 404 398 389 366 363 362 355 351 347 345 341 339 333 323 320 319 296 293 288 285 268 241 236 228 209 125 111 99 97 90 84 79 56 55 42 27 21 16 6 
350 448 428 427 417 405 384 382 376 374 345 344 316 312 291 258 256 248 247 241 240 234 216 212 211 209 207 205 185 171 163 146 139 118 95 89 77 54 43 29 11 3 
21 434 404 398 389 387 362 355 351 347 345 341 336 333 330 319 314 304 288 285 270 268 241 232 228 209 182 173 172 125 111 105 102 99 93 90 88 42 27 6 5 0 
35 421 403 394 392 391 389 378 355 337 330 327 325 308 290 274 269 264 253 217 208 192 183 169 149 112 109 101 96 92 87 76 73 69 68 61 51 44 32 26 3 1 
265 447 429 421 418 397 375 355 333 332 329 313 310 308 301 292 274 272 267 256 253 248 231 220 219 211 206 195 181 149 138 137 127 111 91 76 63 59 49 47 42 39 
238 447 442 441 414 378 377 373 368 360 347 309 307 306 296 290 274 259 250 247 241 240 232 220 219 204 198 189 161 158 155 151 122 112 111 104 81 75 49 27 22 
228 404 398 389 362 355 351 347 345 339 333 319 299 294 288 285 269 268 256 241 217 209 201 182 171 162 140 137 135 132 125 111 99 90 80 73 58 42 27 21 6 
185 448 428 425 417 405 384 382 376 374 369 366 350 344 330 316 312 301 268 258 256 247 240 211 209 195 164 163 146 139 132 119 118 112 98 96 95 77 52 29 19 
244 443 438 426 424 412 384 381 324 317 311 305 264 256 253 233 229 217 210 196 180 172 170 160 158 157 141 135 128 121 115 102 87 76 73 63 29 28 25 20 15 
141 448 443 438 436 424 412 384 381 375 371 343 334 317 311 305 287 275 264 254 244 233 229 172 170 157 135 128 127 121 115 114 113 107 102 76 73 53 45 30 25 
22 431 406 401 390 377 368 354 349 345 317 316 306 293 290 259 250 241 238 236 232 220 213 204 198 189 188 184 181 163 161 158 140 138 100 81 74 70 54 52 49 
198 409 377 368 367 365 363 349 332 316 314 290 289 281 280 259 250 241 238 235 232 220 218 204 196 189 176 161 111 107 104 100 87 81 78 77 72 49 33 22 19 
255 445 444 421 399 396 389 381 379 378 371 342 335 310 276 250 241 237 232 223 219 215 208 203 201 200 192 189 188 162 159 148 122 111 102 90 74 68 64 33 16 
42 431 408 404 398 389 383 376 362 358 355 351 347 345 333 319 288 285 268 265 241 228 209 199 182 181 138 126 125 115 111 99 90 60 49 47 27 26 21 6 
269 427 424 421 404 389 355 353 339 320 317 299 288 281 258 256 241 228 217 201 184 171 168 140 137 136 135 132 128 110 97 87 85 80 76 73 60 58 35 3 
28 426 413 410 354 351 324 312 299 256 244 235 230 219 217 212 196 194 187 180 172 169 160 158 126 120 119 117 111 102 90 87 72 71 63 56 33 29 20 15 
9 432 401 391 383 367 365 349 336 333 329 318 312 300 281 272 267 248 245 205 191 190 172 170 169 146 131 104 93 89 88 77 74 60 57 53 38 27 25 11 
348 421 407 405 391 385 349 344 328 307 302 282 262 256 253 235 230 226 222 216 194 184 174 168 146 142 140 139 137 117 114 100 89 83 82 64 59 33 1 0 
259 431 424 422 377 368 338 336 335 290 268 263 250 241 238 232 226 220 211 204 200 198 195 189 175 161 150 143 133 115 94 92 81 77 70 52 49 43 29 22 
8 449 447 441 424 394 389 367 363 340 338 331 326 312 311 307 297 280 273 267 246 229 196 190 175 170 159 144 142 135 103 85 81 68 62 53 51 49 24 17 
250 444 432 421 380 377 368 359 335 290 259 255 248 246 241 238 234 232 223 220 216 208 204 203 201 198 192 191 189 166 162 161 134 90 81 74 49 39 34 22 
218 438 422 409 367 365 363 359 349 332 316 308 306 304 295 292 289 281 280 277 240 236 235 225 220 201 198 196 176 174 111 104 100 87 78 77 72 52 33 19 
223 449 444 440 432 421 420 338 335 294 293 287 279 255 250 241 232 222 208 207 203 201 200 192 189 186 180 162 159 152 146 139 128 108 90 89 74 31 16 
373 447 442 441 439 414 407 391 389 378 368 360 325 309 307 306 296 282 274 268 240 238 234 220 219 200 159 158 155 151 112 111 104 75 68 57 52 39 27 
314 434 416 409 398 387 378 357 343 341 336 304 296 270 266 235 232 226 225 217 198 180 173 172 159 155 152 130 119 112 105 102 93 88 75 73 57 21 0 
394 447 438 422 349 338 336 328 326 311 306 303 290 254 229 208 203 196 192 190 170 158 149 142 126 103 102 101 93 92 85 81 70 62 49 35 15 10 8 
264 443 438 424 412 403 398 391 384 381 330 327 325 317 311 305 244 233 229 172 170 157 141 135 128 121 115 112 109 102 96 76 73 69 68 61 35 32 25 
79 447 427 425 415 398 388 370 366 363 345 339 320 318 296 295 293 286 280 263 257 252 236 216 182 164 100 98 97 84 81 68 59 56 55 36 27 25 
191 432 407 401 383 380 377 375 367 365 357 349 318 312 281 268 250 248 246 245 209 205 172 169 150 146 104 89 60 53 39 38 36 27 25 11 9 7 
70 438 422 401 394 390 361 354 349 336 317 316 311 306 293 286 268 263 261 259 254 236 203 188 184 181 158 154 126 102 100 93 92 52 29 22 15 10 
15 438 426 424 422 406 394 356 349 336 331 324 306 281 256 254 244 224 217 203 196 180 172 160 158 126 102 99 93 92 87 70 63 29 28 20 10 
351 410 404 398 389 362 355 347 345 333 319 308 288 285 268 241 230 228 212 209 199 182 169 125 117 111 99 92 90 85 71 67 42 28 27 21 6 
108 449 448 447 442 440 420 410 401 381 342 338 293 279 263 262 253 223 222 207 205 200 194 190 189 186 159 152 146 115 99 97 81 51 49 31 16 
330 437 428 425 403 391 382 366 327 325 268 264 211 209 195 185 164 132 121 112 109 98 96 76 73 69 68 64 61 52 46 39 35 32 23 21 19 
92 438 431 424 422 394 378 351 349 338 337 336 335 306 259 254 226 211 208 204 203 195 169 158 143 133 126 115 102 94 93 77 70 35 26 15 10 
263 448 447 427 415 410 401 381 370 342 336 280 268 262 259 257 253 216 205 194 189 164 146 115 108 99 98 97 84 81 79 70 68 52 36 29 25 
197 445 443 439 432 413 412 409 404 388 381 363 346 338 320 290 273 260 256 240 227 219 217 186 161 156 155 154 149 128 101 83 75 66 31 13 
286 408 406 400 395 382 362 319 318 310 301 295 289 277 267 252 227 215 205 203 202 195 184 174 170 121 100 91 79 73 70 68 63 59 47 4 
299 413 383 354 339 283 269 256 241 235 228 217 201 190 187 171 158 140 137 135 132 126 120 119 117 115 111 102 90 80 73 72 58 56 33 28 
331 398 397 377 374 365 363 362 347 340 339 322 297 291 268 267 253 245 240 235 219 184 142 126 125 121 105 104 57 38 36 33 24 15 8 
254 448 438 436 422 394 375 371 349 343 338 336 334 313 306 287 203 158 157 141 127 126 114 113 102 95 93 92 70 53 45 30 20 15 10 
222 449 440 421 420 381 363 348 344 338 328 293 288 282 279 256 235 230 226 223 207 200 186 174 159 156 152 140 137 117 108 83 64 31 16 
343 448 436 434 416 409 384 378 375 371 359 357 334 314 296 287 254 252 235 226 217 157 155 152 141 127 119 114 113 112 75 73 53 45 30 
204 431 424 422 377 368 363 338 335 320 295 290 259 250 245 241 238 232 226 220 211 198 195 189 161 143 133 115 94 92 81 77 49 22 13 
190 447 394 391 342 338 336 333 329 326 311 300 299 274 272 267 229 196 170 142 131 108 103 93 88 85 81 77 74 62 57 51 49 9 8 
56 425 420 413 398 379 366 363 354 339 320 315 299 296 293 236 235 187 182 126 120 119 117 111 102 97 90 84 79 72 55 33 28 27 2 
425 434 428 416 398 391 366 363 341 339 330 320 309 296 293 268 236 211 209 195 185 182 164 132 112 98 97 96 84 79 56 55 52 27 19 
304 438 434 422 413 387 359 341 336 314 313 308 306 295 292 270 240 236 235 232 225 218 201 188 174 173 172 105 102 93 88 52 21 0 
305 443 438 432 424 412 384 381 317 311 289 264 248 244 233 229 221 172 171 170 164 157 153 141 135 128 121 115 102 76 73 64 62 25 
194 448 435 410 405 401 391 385 381 360 353 349 348 342 263 262 253 205 189 153 146 142 139 128 115 108 100 99 97 82 59 33 28 1 
380 447 432 398 364 360 338 321 306 296 271 250 248 246 241 229 217 211 209 199 191 177 168 164 157 140 125 101 95 87 83 69 53 39 
39 432 429 421 418 405 397 380 375 373 355 332 330 310 308 301 292 265 253 250 248 246 219 211 206 195 191 149 148 137 127 91 63 59 
96 437 428 425 403 391 366 330 327 325 268 264 211 209 205 195 185 164 132 112 109 98 87 80 76 73 69 68 61 52 35 32 19 12 
60 432 431 426 408 401 383 367 365 349 318 312 281 269 248 245 205 199 191 172 169 146 115 104 89 53 42 38 27 26 25 11 9 1 
132 428 425 366 339 330 299 269 268 256 241 228 217 211 209 201 195 185 171 164 140 137 135 123 112 98 96 80 73 58 52 48 41 19 
131 415 391 390 371 369 336 333 329 300 297 272 267 262 251 203 199 190 170 130 117 110 93 89 88 83 77 74 65 63 57 9 4 
164 447 428 427 425 415 380 370 366 355 330 305 280 268 263 257 216 211 209 195 185 132 112 98 96 84 81 79 68 52 36 25 19 
371 448 436 375 369 343 334 297 287 262 255 254 251 237 203 199 157 141 131 130 127 117 114 113 110 89 83 65 63 53 45 30 4 
6 404 398 395 389 362 355 351 347 345 333 327 322 319 297 288 285 272 268 261 241 228 209 182 154 138 125 111 99 90 42 27 21 
207 449 440 427 420 350 345 344 338 298 293 279 248 241 223 222 212 209 205 200 186 171 159 152 116 108 89 54 43 31 16 11 3 
98 447 428 427 425 415 370 366 330 280 268 263 257 216 211 209 195 189 185 164 139 132 112 96 84 81 79 68 52 36 32 25 19 
445 399 396 389 381 379 378 342 338 310 276 256 255 240 237 232 219 215 200 197 188 161 159 154 148 136 122 111 102 68 61 33 16 
354 413 401 390 349 317 316 299 293 236 235 188 187 184 181 158 126 120 119 117 111 102 100 95 90 72 70 63 56 52 33 28 22 
408 431 406 400 392 382 362 319 310 301 289 286 267 215 205 203 202 199 184 174 170 149 121 115 91 73 68 63 60 47 42 26 4 
47 408 406 400 382 362 333 319 310 301 289 286 267 265 215 205 203 202 184 181 174 170 138 121 113 91 73 68 63 49 42 4 
379 445 420 413 399 396 389 381 378 342 310 276 255 237 236 232 219 215 200 188 159 148 122 111 102 72 68 63 56 33 16 2 
84 447 427 425 415 398 370 366 363 339 320 296 293 280 263 257 236 216 193 182 164 98 97 81 79 68 56 55 50 36 27 25 
119 416 413 409 378 357 354 343 314 299 296 278 235 226 217 187 185 155 152 126 120 117 112 111 102 90 75 73 72 56 33 28 
414 447 442 441 378 373 368 360 309 307 306 296 282 274 273 240 238 220 219 205 200 159 158 155 151 148 112 111 104 75 68 27 
78 419 412 409 369 367 365 363 349 332 316 312 289 287 281 280 235 220 218 198 196 187 176 111 104 100 87 77 72 44 33 19 
418 447 429 421 397 375 355 338 332 310 308 301 295 292 265 253 248 236 219 211 206 195 179 149 137 127 91 63 59 39 27 2 
383 432 401 392 374 367 365 349 324 318 312 299 281 267 248 245 205 191 172 169 146 142 104 89 60 53 42 38 27 25 11 9 
173 434 405 404 395 389 387 364 341 339 336 314 309 304 288 270 232 172 171 162 128 105 102 93 88 66 50 21 18 7 2 0 
206 447 429 422 421 418 397 390 375 355 332 329 313 310 308 301 292 265 253 248 220 219 211 195 149 137 127 111 91 63 59 39 
282 446 441 423 421 414 398 373 348 344 341 328 316 256 235 230 226 222 200 174 159 140 137 130 117 114 83 68 64 37 23 
297 440 438 388 371 369 363 356 340 331 324 267 262 251 203 199 158 154 131 130 117 110 89 83 65 63 24 13 8 6 4 
156 443 439 432 413 412 409 404 390 346 320 290 273 260 227 222 219 217 197 186 172 165 155 149 128 122 101 83 75 66 65 
366 428 425 398 363 339 330 320 296 293 268 236 211 209 195 185 182 164 157 132 112 98 97 96 84 79 56 55 52 27 19 
3 437 427 421 412 389 355 350 345 344 326 319 312 310 269 248 241 221 212 209 207 205 187 171 89 87 55 54 43 35 11 
64 437 432 428 421 382 348 344 330 328 305 282 280 256 255 248 235 230 226 222 221 174 153 140 137 123 121 117 83 62 23 
400 441 434 408 406 382 362 334 319 310 301 289 286 267 215 205 203 202 184 174 170 121 109 91 73 68 66 63 47 16 4 
51 447 442 441 392 389 385 367 342 312 308 307 280 273 260 253 246 190 175 169 159 149 144 135 108 81 68 53 49 35 8 
237 445 399 396 389 381 379 378 371 353 342 328 310 278 276 255 232 219 215 200 188 159 148 146 122 111 102 68 46 33 16 
88 434 391 387 372 341 336 333 329 314 304 300 272 270 267 232 190 173 172 170 147 131 105 102 93 77 74 57 21 9 0 
295 447 438 429 422 418 359 338 318 308 306 304 292 286 261 252 240 236 235 225 218 204 201 179 174 100 79 59 52 27 
227 443 439 432 413 412 409 404 346 320 290 286 273 260 219 217 197 186 156 155 149 128 101 86 83 75 68 66 43 18 
285 444 404 401 398 389 362 355 351 347 345 344 333 319 288 268 241 228 219 209 182 125 111 99 90 42 27 21 6 1 
181 401 390 354 349 333 317 316 293 265 236 188 184 165 158 138 129 100 97 74 72 70 65 52 49 47 42 40 22 13 
260 443 439 432 413 412 409 404 346 344 320 290 273 227 219 217 197 186 156 155 149 128 126 101 83 75 66 51 19 1 
399 445 396 389 381 379 378 358 342 310 276 255 240 237 232 219 215 200 188 159 148 140 133 122 115 111 102 68 33 16 
283 448 417 396 381 341 335 324 318 311 299 292 288 276 274 219 215 170 162 157 152 130 128 122 100 89 67 59 4 
225 438 422 398 393 359 316 314 308 307 306 304 295 292 266 248 241 240 236 235 218 201 174 159 134 130 57 52 14 
247 448 428 417 405 384 382 376 374 350 344 316 312 258 256 240 238 231 213 211 185 163 146 139 118 95 77 31 29 
376 448 442 428 417 405 392 384 382 374 350 344 316 312 310 258 256 247 240 211 185 163 146 139 118 95 77 42 29 
272 395 391 356 336 333 329 327 300 267 265 261 256 190 170 163 154 138 131 93 88 77 76 74 57 49 31 9 6 
163 448 428 417 405 384 382 376 374 372 350 344 316 312 272 258 256 247 240 211 185 146 139 118 95 77 54 29 22 
151 447 442 441 414 392 378 373 368 360 309 307 306 296 274 240 238 220 219 158 155 112 111 104 75 67 27 17 10 
291 398 397 377 374 362 350 339 331 325 268 253 245 240 235 219 184 142 126 125 121 105 104 57 38 36 33 32 7 
429 421 418 397 388 375 355 332 310 308 301 295 292 270 265 253 248 220 219 211 206 195 149 137 127 91 63 59 39 
2 443 420 418 413 405 404 395 393 379 368 364 361 336 309 288 236 173 171 162 136 128 111 72 66 56 50 18 7 
406 408 400 382 362 319 310 301 289 286 267 215 205 203 202 184 174 170 121 115 97 91 73 68 63 47 22 15 4 
148 445 414 399 396 389 381 379 378 342 332 310 276 255 237 232 219 215 200 188 159 122 111 102 68 39 33 16 7 
442 447 441 414 378 376 373 368 360 309 307 306 296 274 240 238 220 219 158 155 151 112 111 108 104 75 51 27 26 
346 443 439 432 413 412 409 404 387 355 337 320 312 290 273 260 227 219 217 197 186 156 155 149 128 101 83 75 66 
347 404 398 389 362 355 351 345 333 331 319 288 285 268 241 238 228 209 188 182 125 111 106 99 90 42 27 21 6 
118 448 428 427 417 405 384 382 376 374 350 344 316 312 302 258 256 247 240 211 185 177 163 146 139 102 95 77 29 
233 449 443 438 424 412 384 381 317 311 305 264 244 229 192 172 170 157 141 135 128 121 115 102 76 73 67 49 25 
177 447 411 398 380 364 360 338 306 296 241 229 217 211 209 199 168 157 140 125 118 101 95 87 86 83 69 53 
395 405 404 386 364 361 336 327 311 309 288 286 279 272 261 173 171 162 154 138 128 66 54 50 18 7 6 2 
403 437 430 391 385 330 327 325 274 264 217 212 183 139 121 112 109 101 96 94 76 73 69 68 61 44 35 32 
176 409 367 365 363 349 342 335 332 316 289 281 280 235 220 218 198 196 135 111 104 100 87 78 77 72 33 19 
385 437 430 426 419 405 403 401 391 349 348 319 294 262 253 194 146 142 139 121 100 94 82 59 51 33 26 1 
208 444 421 394 378 337 335 290 255 250 241 232 223 203 201 192 189 174 169 162 149 101 92 90 74 67 35 26 
202 408 406 400 382 362 319 310 301 289 286 267 215 205 203 186 184 174 170 168 121 93 91 73 68 63 47 4 
114 448 446 436 375 371 348 343 341 334 323 287 282 254 248 157 141 130 127 113 105 80 53 45 37 30 23 
324 440 426 383 356 297 283 258 256 244 217 196 180 172 160 158 154 87 63 58 40 33 29 28 20 15 13 
7 405 404 395 391 377 375 364 336 309 291 288 268 209 191 173 171 166 162 148 128 66 50 41 36 18 2 
161 445 377 368 352 338 320 290 259 256 252 250 241 240 238 232 220 204 198 197 195 189 154 81 49 22 
246 441 432 389 380 367 362 337 312 307 287 280 273 250 248 191 175 159 144 135 68 55 53 51 39 8 
416 427 425 409 382 378 357 343 332 314 300 296 235 226 217 200 155 152 145 119 112 93 75 73 36 34 
326 447 437 410 394 338 319 311 310 242 229 221 217 196 190 170 167 142 103 85 81 62 55 49 8 3 
439 443 432 413 412 409 404 373 346 320 290 273 260 227 219 217 197 186 156 155 149 128 101 83 75 66 
329 447 438 413 391 336 333 313 300 272 267 265 245 220 206 190 170 131 120 111 93 88 77 74 57 9 
20 436 426 324 300 293 256 254 244 217 196 180 172 160 158 154 134 87 66 63 61 52 29 28 15 11 
143 431 427 424 422 402 375 338 335 334 302 259 234 226 211 209 204 195 145 133 129 115 94 92 77 11 
287 448 436 375 371 343 334 294 254 246 223 189 180 157 146 141 128 127 114 113 103 78 53 46 45 30 
410 448 426 419 401 381 351 342 326 263 262 253 230 212 205 194 189 169 146 115 108 99 97 71 69 28 
94 437 431 430 424 422 403 385 378 360 338 335 310 278 259 226 211 204 195 143 139 133 121 115 92 77 
85 447 394 351 338 326 311 308 269 251 229 199 196 190 170 169 142 103 90 81 67 62 49 44 8 
187 413 396 354 299 271 235 171 128 126 120 119 117 111 103 102 90 78 72 56 53 46 33 28 3 
436 448 375 371 343 334 300 293 287 254 157 152 145 141 134 127 114 113 77 66 53 52 45 30 20 
62 447 432 394 338 326 321 311 305 296 248 229 221 196 190 178 170 153 142 103 85 81 64 49 8 
230 446 421 410 351 348 344 328 289 282 256 235 226 222 212 174 169 140 137 117 83 71 64 46 28 
212 428 427 410 403 396 351 350 345 344 248 241 230 209 207 205 171 169 89 71 54 43 28 11 3 
300 436 416 391 336 333 329 293 272 267 234 190 170 134 131 93 88 77 74 66 57 52 41 20 9 
327 403 395 391 386 330 325 272 264 261 154 138 112 109 96 76 73 69 68 61 43 35 32 18 6 
54 427 395 388 350 345 344 320 306 248 241 212 209 207 205 171 163 140 138 89 74 43 22 11 3 
216 447 427 415 370 350 348 307 302 280 263 257 250 184 168 164 125 98 84 81 79 68 36 25 0 
180 426 324 314 294 287 256 244 223 217 214 196 189 172 171 160 158 146 128 87 63 29 28 20 15 
420 449 440 413 379 338 293 279 236 223 222 211 207 200 186 159 152 108 72 56 31 29 16 2 
55 437 425 398 366 363 339 326 320 319 310 296 293 246 236 221 182 97 84 79 56 27 14 3 
257 448 447 441 427 415 370 316 280 263 216 164 123 98 91 84 81 79 68 48 36 25 23 
431 424 422 408 397 338 335 259 226 211 204 199 195 143 133 115 94 92 77 60 42 26 22 
0 434 387 348 341 336 314 307 304 302 270 266 232 216 184 173 172 168 105 102 93 88 21 
192 444 421 394 335 290 258 255 250 241 233 232 223 208 203 201 189 162 149 101 90 74 35 
440 449 420 356 338 324 297 293 279 223 222 207 200 186 159 158 154 152 108 31 16 13 
61 445 403 391 330 327 325 264 252 245 145 120 112 109 96 76 73 69 68 35 32 20 
154 445 440 395 356 338 327 324 297 272 261 256 240 197 161 158 138 70 45 20 13 6 
334 448 436 427 400 375 371 343 287 254 157 145 143 141 129 127 114 113 53 45 30 11 
45 448 436 411 386 375 371 343 336 334 287 254 157 154 141 129 127 114 113 53 30 29 
43 427 350 345 344 327 284 259 248 241 234 227 212 209 207 205 171 102 89 54 11 3 
325 403 391 373 330 327 291 268 264 234 112 109 96 76 73 69 68 61 57 52 35 32 
449 440 420 390 338 333 293 279 233 223 222 207 200 186 159 152 133 108 65 31 16 8 
82 405 391 385 349 348 323 298 273 266 262 253 248 194 146 142 139 100 59 33 1 
1 405 391 385 349 348 285 262 260 253 194 146 142 139 117 100 82 60 59 35 33 
390 449 401 354 349 317 316 293 236 206 188 184 181 158 156 131 100 70 52 24 22 
359 438 422 343 308 306 304 295 292 275 250 243 240 236 235 225 218 201 174 52 18 
175 441 389 384 367 312 307 280 273 259 246 159 144 135 68 66 53 51 41 16 8 
103 447 394 369 338 326 319 311 294 287 229 196 190 187 170 142 85 81 62 49 8 
32 448 403 391 330 327 325 291 266 264 123 112 109 98 96 76 73 69 68 61 35 
138 395 345 333 327 306 272 265 261 181 154 147 140 129 74 54 49 47 42 22 6 
328 421 394 348 344 337 319 282 256 237 235 230 226 222 174 140 137 117 112 83 64 
437 446 430 428 403 385 382 378 330 326 319 310 221 139 121 96 94 64 55 23 3 
434 443 425 400 387 343 341 336 314 304 270 232 173 172 105 102 93 88 21 0 
58 339 324 299 274 269 256 249 241 228 217 201 199 171 140 137 135 132 80 73 
120 413 354 329 299 235 229 187 129 126 119 117 111 102 90 72 61 56 33 28 
50 405 404 395 364 336 309 288 173 171 162 128 116 84 66 41 18 16 7 2 
133 449 431 424 422 399 342 338 335 259 226 217 211 204 195 143 115 94 92 77 
65 449 371 369 297 262 251 203 199 181 156 131 130 117 110 106 89 83 63 4 
136 445 427 424 404 377 352 320 317 288 281 269 258 184 168 140 135 97 76 2 
426 410 385 324 292 256 244 217 196 180 172 160 158 87 63 60 29 28 20 15 
369 371 297 262 251 203 199 185 135 131 130 117 110 103 89 83 78 65 63 4 
80 339 299 269 256 241 239 228 217 201 171 146 140 137 135 132 114 96 73 58 
31 449 440 420 338 293 279 272 247 223 222 215 207 200 197 186 159 152 108 16 
18 405 404 395 364 359 352 336 327 309 288 227 173 171 162 128 66 50 7 2 
30 448 436 421 375 371 343 334 296 287 254 239 157 141 127 114 113 53 45 14 
387 446 434 346 341 336 314 304 270 232 173 172 121 105 102 93 88 21 0 
279 449 440 420 395 338 313 293 223 222 213 207 200 186 159 152 108 31 16 
444 428 421 335 285 255 250 241 235 232 223 208 203 201 192 189 162 90 74 
415 447 427 370 349 280 263 257 216 164 131 99 98 84 81 79 68 36 25 
109 403 400 393 391 375 330 327 325 264 112 96 76 73 69 68 61 35 32 
10 438 422 394 349 336 306 294 254 203 201 158 151 126 102 93 92 70 15 
357 416 409 378 343 314 296 235 226 217 191 155 152 119 112 91 75 73 48 
110 371 369 297 276 269 262 251 203 199 131 130 117 89 83 65 63 4 
113 448 436 375 371 343 334 287 254 157 147 141 127 114 53 47 45 30 
370 447 427 415 280 263 257 216 179 164 98 84 81 79 68 36 25 11 
13 440 397 356 333 324 297 204 197 181 179 172 165 158 154 129 74 72 
270 434 429 387 341 336 314 304 232 173 172 105 102 93 88 21 0 
251 371 369 297 262 203 199 131 130 117 110 89 85 83 65 63 4 
144 441 389 367 312 307 280 273 246 210 175 159 135 68 53 51 8 
129 427 375 363 334 333 181 165 145 143 138 120 74 72 45 13 11 
160 426 324 256 244 217 196 180 172 158 87 63 29 28 20 19 15 
134 436 393 316 307 300 293 250 248 225 168 68 66 52 20 14 
23 446 437 428 382 341 330 282 257 157 130 121 114 64 37 
145 436 427 416 411 375 334 200 143 129 93 61 36 34 11 
234 391 375 373 368 350 325 300 275 268 250 143 57 52 43 
26 442 431 408 385 378 337 208 199 169 115 92 60 42 35 
392 408 401 383 376 308 276 258 253 169 151 149 51 35 
44 403 278 274 217 183 178 135 101 85 78 53 35 
446 437 387 355 341 282 230 130 114 37 23 12 5 
221 437 432 326 319 310 305 248 153 64 62 55 3 
252 411 368 343 318 295 286 186 161 100 79 61 59 
67 358 351 308 283 258 233 208 199 169 151 90 85 
71 410 351 230 212 205 169 112 105 87 28 5 
337 428 378 346 328 246 208 169 146 92 35 26 
14 405 393 316 307 248 225 134 123 55 48 30 
393 316 307 248 225 209 134 127 109 27 14 2 
302 348 307 216 193 184 168 143 118 93 0 
294 385 287 228 223 189 180 146 128 103 10 
340 381 363 331 297 267 249 149 124 24 8 
266 398 314 225 159 130 82 57 32 0 
303 421 394 267 235 201 137 112 19 12 
165 333 231 199 181 156 129 74 72 13 
179 447 418 370 345 338 295 236 27 13 
24 390 363 358 340 333 331 297 267 8 
313 447 329 304 279 265 254 220 206 111 
261 395 377 327 295 272 154 138 70 6 
356 440 324 297 272 158 154 115 15 13 
34 427 416 318 250 200 145 93 36 
37 446 341 321 282 253 130 114 23 
41 300 175 132 107 75 50 7 
183 403 274 217 199 101 44 35 
388 429 322 297 197 97 79 54 
419 435 410 385 360 335 203 78 
123 257 139 132 89 64 32 14 
40 424 324 306 256 231 199 181 
48 382 364 357 339 257 132 14 
278 362 262 237 119 94 69 44 
153 432 305 248 221 194 64 62 
358 424 399 267 167 67 42 24 
243 384 359 309 284 277 52 
5 446 364 239 139 71 21 
46 330 312 287 237 230 187 
430 437 403 385 139 121 94 
277 318 286 268 243 218 193 
271 405 380 280 262 187 155 
106 422 397 372 347 290 65 
321 380 155 87 62 37 
361 395 170 70 27 2 
323 307 182 139 114 82 
411 252 245 177 145 45 
116 275 232 207 50 25 
353 319 269 237 219 194 
213 447 279 247 229 22 
275 359 234 141 116 91 
402 268 193 168 143 11 
166 432 375 250 125 7 
193 402 302 277 84 77 
107 273 198 141 41 16 
298 307 289 214 207 82 
124 433 340 333 83 
214 423 298 180 105 
352 161 136 36 18 
231 265 247 165 40 
210 344 276 244 144 
407 391 373 348 191 
239 80 73 30 5 
150 384 259 191 59 
178 262 69 62 44 
435 419 301 226 194 
242 326 101 83 76 
284 368 243 125 43 
315 374 249 56 
423 282 214 182 
86 227 177 127 
322 388 331 6 
147 138 113 88 
386 395 327 45 
372 163 106 88 
249 340 315 58 
12 446 303 96 
167 358 326 
224 83 15 
17 151 8 
433 142 124 

