17 446 444 441 437 433 432 431 430 428 427 425 423 422 415 412 409 408 407 403 402 399 398 395 388 380 376 368 364 345 344 340 338 334 332 331 330 322 316 313 310 302 299 296 291 286 285 279 276 264 261 256 254 252 251 249 244 241 240 235 223 222 218 210 199 197 193 190 187 182 165 161 156 151 145 140 132 131 128 126 125 124 123 121 120 119 115 114 111 100 93 87 81 77 75 74 70 69 59 58 53 49 41 39 36 33 30 29 26 10 8 4 
87 444 442 439 433 432 428 425 424 421 418 403 402 401 399 392 383 381 380 376 373 367 366 363 361 359 352 345 344 336 331 322 321 313 310 308 300 296 291 290 279 276 270 264 256 249 244 243 240 225 223 222 213 210 206 196 193 180 174 168 163 160 155 149 148 142 140 134 133 132 122 114 111 109 100 96 90 79 77 73 71 69 66 60 59 57 55 53 52 51 45 41 36 33 32 30 29 22 17 14 7 3 1 
388 449 446 444 437 433 430 429 427 423 422 412 410 409 403 402 401 392 390 377 374 362 361 358 350 331 330 322 315 303 299 297 293 290 289 285 283 280 275 264 261 248 246 241 235 232 227 218 217 215 209 198 197 190 182 178 176 170 165 162 156 145 134 132 131 126 125 123 121 120 119 108 106 104 97 94 93 75 72 71 70 69 64 61 59 58 56 53 49 43 41 39 36 29 26 24 17 10 4 1 
61 445 444 433 432 396 392 388 384 372 371 362 350 348 347 345 341 340 338 335 331 327 323 309 308 306 304 303 302 299 297 296 293 291 289 283 282 280 278 277 275 269 267 265 263 262 254 252 251 246 245 243 241 239 238 235 232 228 227 225 219 218 215 209 206 198 187 182 179 176 162 159 154 149 138 128 124 120 118 114 101 94 91 88 79 68 67 55 47 43 35 30 29 20 14 9 5 0 
66 447 442 439 432 431 424 420 412 410 407 403 401 400 398 397 381 380 379 377 365 364 359 357 355 351 346 342 340 336 329 323 321 314 313 309 306 302 300 298 293 286 277 275 272 271 268 264 249 245 244 243 238 237 211 209 189 184 168 163 160 155 154 148 139 138 134 133 131 130 129 122 118 117 115 112 108 90 87 77 75 74 73 70 69 63 60 58 53 52 51 50 45 44 36 29 7 3 
403 439 437 430 427 423 418 407 402 398 388 383 380 374 373 364 352 351 345 337 325 321 320 316 315 307 302 299 296 291 290 286 279 272 264 249 248 247 241 225 213 206 197 184 182 179 168 165 156 146 145 142 138 136 134 133 131 129 126 125 121 119 117 115 113 112 109 108 105 93 92 87 80 74 73 71 70 69 66 60 59 58 50 44 36 35 32 22 19 17 10 6 4 1 
160 442 439 433 431 428 425 424 423 411 401 399 398 396 393 381 373 372 371 367 366 362 359 358 355 348 344 339 336 334 321 315 312 300 298 295 286 284 282 277 275 268 264 253 245 244 243 230 228 227 207 204 203 202 175 171 165 163 162 159 155 149 148 144 137 133 122 121 119 118 113 109 91 90 87 86 83 80 66 64 57 55 52 51 45 29 26 19 16 14 7 3 1 
249 442 431 421 420 415 412 410 408 403 402 401 397 390 387 383 380 379 365 357 348 346 345 344 342 340 335 326 315 314 310 309 307 296 291 290 281 279 278 270 267 264 251 243 239 238 230 225 213 211 210 206 205 204 198 194 187 183 169 168 153 142 137 134 130 107 97 94 92 91 87 73 69 66 64 63 60 58 53 52 51 50 46 36 35 32 28 22 21 17 5 1 
344 439 433 428 425 423 418 414 411 408 401 392 381 377 373 371 368 367 366 363 361 355 352 348 340 331 328 325 322 321 318 312 308 300 285 284 282 277 276 274 270 268 264 260 251 249 240 237 235 234 226 217 215 210 208 205 196 185 182 180 175 174 167 160 149 148 146 140 136 134 132 129 126 120 109 107 103 97 96 91 89 87 79 62 57 55 41 26 17 14 9 3 
408 443 441 438 425 415 414 406 404 395 389 381 377 375 370 368 367 366 363 344 340 338 334 332 331 330 326 325 322 320 318 304 286 279 276 274 260 253 252 251 249 240 234 224 215 211 210 205 199 188 175 174 173 172 169 168 167 149 148 147 142 141 137 136 132 129 126 122 120 115 107 103 97 96 85 77 71 62 56 42 41 40 34 31 26 17 11 9 2 
29 446 445 444 442 439 433 424 412 409 402 392 388 381 362 359 350 348 341 336 331 330 322 321 309 303 302 300 299 297 296 289 288 285 283 280 261 246 244 243 241 235 232 227 219 218 215 209 198 190 187 182 176 163 160 155 148 133 132 131 128 123 122 120 119 118 114 90 87 75 70 66 63 61 55 53 52 51 49 45 43 41 39 26 17 7 3 0 
51 442 439 438 431 424 419 406 399 397 396 390 387 385 381 372 367 360 359 358 348 342 339 336 334 321 315 303 300 298 282 275 270 253 249 245 244 243 238 230 215 207 206 204 203 202 183 171 169 165 163 162 160 155 153 149 148 140 137 133 130 122 118 114 113 91 90 87 86 83 80 66 64 52 49 47 45 35 29 22 21 19 16 12 8 7 3 
433 446 431 428 425 422 415 412 409 407 402 401 398 388 380 376 373 367 366 364 347 344 338 330 322 321 316 310 302 296 285 269 267 265 261 254 252 244 238 235 218 206 193 190 187 174 162 161 160 154 151 149 140 132 131 128 125 124 123 120 119 109 101 99 87 81 75 74 70 61 59 57 55 53 49 42 41 39 35 29 26 20 17 14 
148 442 439 428 426 424 418 414 408 396 393 392 389 385 381 366 364 363 361 359 357 355 353 352 344 341 337 336 332 331 330 325 322 321 308 303 300 276 274 270 260 244 243 240 237 232 210 205 196 194 184 180 174 167 163 160 155 140 134 133 132 127 126 122 107 103 100 96 90 87 79 66 62 52 51 45 41 29 21 14 7 3 
331 444 441 439 432 428 425 418 408 397 396 395 392 388 372 368 365 363 362 361 352 350 347 344 338 334 332 327 323 322 308 304 303 300 299 297 291 289 286 283 280 279 276 270 252 246 245 241 240 239 235 232 227 225 215 210 209 199 198 196 180 176 174 159 148 140 134 132 120 115 88 87 79 68 61 43 41 29 17 15 5 
431 442 440 433 422 420 412 410 407 401 398 397 380 379 372 367 364 357 347 346 342 340 339 338 334 324 316 315 314 309 302 300 298 296 254 249 245 244 243 235 211 207 204 203 202 193 187 171 162 161 160 151 149 140 130 128 125 120 118 115 113 90 86 83 80 74 73 69 66 63 59 58 53 52 51 50 33 19 17 16 13 
120 444 433 431 422 408 407 398 392 388 381 380 377 371 368 367 364 363 362 354 350 348 344 338 334 331 318 316 303 302 299 297 296 289 283 282 280 277 276 275 262 254 246 244 241 235 232 229 228 227 218 215 210 209 198 193 187 176 174 161 151 140 136 129 128 125 113 111 97 91 86 74 61 59 43 30 29 27 17 14 9 
330 449 448 446 443 438 433 426 412 410 409 408 402 401 393 390 389 388 385 382 370 353 350 341 337 326 322 304 285 261 253 248 232 218 217 199 197 194 191 190 184 178 175 173 172 169 167 164 162 148 142 137 132 131 127 123 119 108 100 96 94 85 75 71 70 64 53 49 41 40 39 34 31 29 26 21 17 11 2 1 
296 445 444 433 432 431 428 422 407 403 402 399 398 383 380 376 364 348 345 341 338 316 313 310 309 302 291 290 279 264 256 254 249 244 240 235 225 223 222 219 213 206 193 187 182 168 162 161 155 151 142 140 137 134 128 125 120 118 114 112 111 100 87 77 74 73 69 61 60 59 55 36 33 32 30 29 22 17 1 0 
439 442 428 424 418 403 392 381 374 373 363 361 359 352 344 337 336 331 325 322 321 320 316 315 308 307 300 276 273 270 248 247 244 243 210 196 180 179 174 163 160 157 155 148 146 140 136 134 133 132 122 119 113 112 109 105 103 96 92 90 87 80 79 71 66 62 55 52 51 48 45 44 41 35 29 23 7 6 3 1 
428 444 439 433 432 425 423 419 418 411 401 399 392 376 373 371 367 366 363 361 355 352 345 344 331 322 321 319 313 312 310 308 300 296 291 284 282 279 277 276 270 268 264 256 240 223 222 210 196 193 180 175 174 160 149 148 140 134 132 114 112 111 109 100 91 87 79 77 59 57 55 41 33 30 26 19 17 14 
206 447 445 442 438 433 419 403 402 399 397 396 390 387 385 383 380 372 367 358 347 345 324 296 291 290 284 279 270 269 267 265 264 258 252 249 238 230 225 213 204 203 186 183 177 169 168 166 162 154 153 150 149 143 142 140 134 130 128 123 114 101 87 73 69 61 60 51 40 36 35 32 22 21 20 7 1 
407 447 433 431 422 421 403 400 398 391 380 377 365 364 355 351 348 338 329 323 321 316 313 309 306 302 300 298 296 293 291 286 277 272 268 264 254 245 244 239 235 209 193 187 184 168 161 151 140 139 138 134 131 129 128 125 120 117 115 112 108 100 75 74 70 66 60 59 52 50 44 39 37 36 30 17 
286 444 441 434 425 424 408 407 406 403 398 395 393 380 368 364 362 358 351 343 339 338 334 332 331 322 321 302 300 295 293 282 279 277 272 266 260 252 244 228 227 218 199 195 184 175 170 168 163 160 159 157 138 134 131 129 121 117 115 112 108 91 80 74 70 66 60 50 44 42 26 25 22 17 9 4 
244 442 439 433 431 424 422 407 399 398 396 393 381 380 367 364 362 359 358 348 339 338 336 321 316 302 300 296 295 286 282 275 254 253 243 235 230 228 227 210 193 187 185 175 165 163 161 160 159 155 151 148 140 137 133 128 125 122 121 120 91 90 87 80 74 66 64 59 52 51 45 29 17 7 3 
300 442 439 431 428 424 418 416 407 392 391 381 372 363 361 359 352 344 339 336 334 331 322 321 315 308 298 293 286 277 276 270 245 244 243 210 207 204 203 202 196 180 174 171 163 162 160 155 149 148 140 134 133 132 122 118 113 109 90 87 86 83 80 79 66 52 51 45 41 29 19 16 9 7 3 
322 446 441 439 436 433 428 425 418 412 409 408 402 401 395 392 388 377 374 370 368 363 361 358 352 344 338 334 332 331 330 308 300 293 290 286 285 279 276 275 270 261 252 231 218 210 199 196 190 180 177 174 170 148 140 134 132 131 123 119 115 106 104 87 79 75 70 53 49 41 39 29 26 17 6 
348 445 421 407 399 396 371 368 367 366 365 358 355 344 341 338 335 328 325 316 309 307 302 296 282 281 277 275 262 254 253 251 249 244 237 235 234 230 228 226 219 218 217 208 205 194 187 183 182 180 165 160 146 137 128 120 118 114 92 91 89 82 64 61 55 51 46 39 37 30 29 28 14 9 0 
41 446 443 439 438 433 428 418 412 409 408 402 392 389 388 370 363 361 352 344 331 330 326 322 308 304 300 285 276 270 261 253 218 210 199 196 190 180 175 174 173 172 169 148 142 140 137 134 132 131 123 119 87 85 82 79 75 71 70 57 53 50 49 40 39 34 32 31 29 26 17 11 2 
91 428 423 411 402 399 398 396 393 375 371 367 365 362 358 357 355 348 344 339 338 335 332 312 307 295 286 284 282 281 277 275 268 264 262 261 257 254 253 251 249 244 230 228 227 218 205 194 187 184 183 175 168 165 160 159 150 137 121 120 92 80 70 64 61 51 50 46 30 28 26 14 9 
140 447 439 438 433 431 428 424 422 419 418 407 399 398 397 396 395 392 385 380 379 367 364 363 361 358 352 344 338 331 322 316 308 306 302 300 299 296 288 276 270 254 244 235 231 210 206 204 203 196 193 187 180 174 162 161 151 148 134 132 130 128 125 120 114 87 79 74 59 51 41 17 
132 446 443 439 438 433 428 418 412 409 408 402 392 389 388 370 366 363 361 352 344 331 330 326 322 308 304 300 285 276 270 261 253 218 210 199 196 190 180 175 174 173 172 169 148 142 141 140 137 134 131 123 119 87 85 79 75 73 71 70 53 49 41 40 39 34 31 29 26 17 11 2 
235 444 433 431 422 414 407 398 392 388 380 368 366 364 362 350 348 344 338 331 328 325 316 303 302 299 297 296 289 287 283 280 254 246 244 241 237 234 232 230 227 226 219 217 215 209 208 201 198 193 187 182 180 176 161 153 151 146 140 128 125 120 119 89 74 61 59 46 43 29 19 17 
26 446 444 433 428 424 423 415 412 411 409 408 406 404 402 388 385 375 371 358 355 344 330 322 320 312 302 286 285 284 282 277 268 264 261 260 234 224 218 211 195 190 188 175 168 163 160 147 141 132 131 123 119 117 115 92 91 77 75 70 56 53 49 42 41 39 29 22 17 9 4 
59 444 437 433 432 431 430 428 427 423 422 407 403 399 398 388 380 376 364 345 338 316 313 310 302 299 298 296 291 279 264 256 254 244 241 240 239 235 223 222 197 193 187 182 165 161 156 151 145 140 128 126 125 121 120 114 111 100 93 87 77 75 74 69 58 36 33 30 17 10 4 
302 445 444 433 431 424 422 407 406 403 398 386 380 364 358 351 348 341 338 321 316 309 296 286 272 261 260 254 244 235 219 218 195 193 187 184 182 168 163 161 151 140 138 131 129 128 125 120 118 117 115 114 112 108 74 70 66 61 60 59 55 50 44 42 29 26 22 17 9 4 0 
69 437 431 430 427 423 420 412 410 403 402 401 397 388 383 380 379 357 346 345 342 340 314 309 299 296 291 290 279 278 264 249 243 241 225 213 211 206 197 182 178 168 165 156 145 142 134 130 126 125 121 93 87 78 73 66 63 60 59 58 53 52 50 36 35 32 22 17 10 4 1 
402 448 446 433 412 409 403 388 383 380 361 354 345 330 322 296 291 290 285 279 264 261 250 249 236 234 225 218 213 206 190 189 184 181 170 168 157 143 142 141 136 134 132 131 123 119 99 91 88 87 75 73 70 69 60 53 50 49 47 41 40 39 36 32 29 26 22 17 1 
211 432 431 420 415 412 410 408 404 401 397 379 375 359 357 353 346 342 340 337 323 320 314 309 295 275 271 269 249 243 238 237 234 226 224 195 189 188 172 168 155 154 152 147 141 130 124 122 118 117 110 102 83 77 73 70 69 66 63 58 56 53 52 50 42 31 26 4 
345 444 432 428 404 403 402 399 384 383 380 376 340 335 313 310 308 306 296 293 291 290 279 278 277 264 263 256 252 251 249 243 240 225 223 222 213 206 193 179 168 161 142 138 134 124 114 111 100 94 87 79 77 73 69 67 61 60 59 54 47 36 33 32 30 22 17 1 
162 449 442 438 433 431 419 410 399 397 396 390 388 385 372 367 358 347 339 334 330 315 300 298 296 269 267 265 252 248 245 238 228 217 207 206 204 203 202 197 178 171 160 154 153 149 140 131 130 128 118 114 113 108 101 94 86 83 80 71 64 61 51 35 20 19 16 1 
321 442 439 437 433 428 425 424 419 407 403 401 398 381 380 373 367 366 364 360 359 351 344 342 336 303 302 300 286 272 255 244 243 184 168 163 160 155 149 148 138 133 131 129 122 117 115 112 109 108 90 87 74 70 66 60 57 55 52 51 50 45 44 29 14 12 7 3 
264 437 430 428 427 423 411 407 403 402 388 383 380 371 355 345 344 312 309 305 299 298 296 291 290 284 282 279 277 268 249 241 225 213 206 197 182 175 173 168 165 160 156 145 142 134 126 125 121 93 91 87 75 73 69 66 60 59 58 36 32 26 22 17 10 4 1 
291 444 432 428 407 403 402 399 398 396 383 380 376 372 350 345 331 327 325 323 313 310 304 298 296 293 290 279 264 256 249 245 240 239 225 223 222 213 206 193 184 168 159 142 134 114 111 100 88 87 77 73 69 68 61 60 59 52 36 33 32 30 22 17 7 5 1 
367 440 438 433 431 428 425 419 408 406 401 399 397 396 385 381 377 373 366 363 358 348 344 324 321 318 301 282 276 275 253 244 230 215 210 206 204 203 176 174 165 162 160 151 149 140 137 136 130 129 120 114 109 97 91 87 64 57 55 51 49 47 33 14 13 9 8 
444 432 428 424 406 399 392 388 376 362 358 350 345 331 313 310 303 302 299 297 296 291 289 286 285 283 280 279 260 256 246 241 240 235 232 227 223 222 218 215 210 209 198 195 193 176 163 120 115 114 111 100 87 78 77 61 59 43 42 33 30 29 26 22 17 9 4 
131 449 446 433 412 410 409 407 403 402 398 390 388 380 364 351 330 322 321 302 297 290 286 285 272 261 248 247 218 217 197 190 184 178 168 165 162 138 132 129 123 119 117 115 112 108 94 75 74 71 70 66 65 64 60 53 50 49 44 41 39 29 26 17 1 
279 444 441 436 432 428 425 420 408 403 402 399 395 383 380 376 370 368 345 338 334 332 331 322 313 310 296 291 290 286 264 256 252 249 240 225 223 222 218 213 206 199 193 177 168 142 134 115 114 111 100 88 87 77 73 69 60 59 36 33 32 30 22 17 1 
392 444 439 428 418 401 388 377 374 363 362 361 358 352 350 344 333 331 322 308 303 300 299 297 294 293 290 289 285 283 280 276 275 270 246 241 235 232 228 227 215 210 209 198 196 180 176 174 170 151 148 140 134 132 124 120 106 104 87 79 61 43 41 29 10 
380 433 431 422 407 403 402 398 383 364 351 345 338 321 316 302 296 291 290 286 279 272 264 254 249 244 235 225 213 206 193 187 184 168 161 151 142 140 138 134 131 129 128 125 120 117 115 112 108 87 74 73 70 69 66 60 59 50 44 36 32 22 17 1 
134 439 428 418 407 403 402 401 393 392 388 383 380 377 374 363 361 358 352 345 344 331 322 308 300 296 293 291 290 286 285 279 277 276 275 270 264 249 225 213 210 206 196 180 174 170 168 148 142 140 132 106 104 87 79 73 69 66 60 41 36 32 22 1 
168 415 408 407 404 403 402 398 383 380 375 364 351 345 321 320 302 296 291 290 286 279 272 264 261 249 234 225 224 213 211 209 206 188 184 147 142 141 138 134 131 129 117 115 112 108 91 87 77 74 73 70 69 66 60 56 50 44 42 36 32 26 22 1 
412 448 446 433 431 420 410 409 405 402 401 397 388 379 357 346 342 340 330 322 314 309 301 294 292 285 261 249 246 243 233 218 211 190 169 153 139 132 131 130 128 123 119 103 96 94 78 75 73 70 69 66 63 58 53 52 50 49 41 39 29 26 17 
1 449 439 418 410 403 402 390 388 383 380 374 352 345 330 325 320 316 315 307 296 291 290 279 264 249 248 247 225 217 213 206 197 179 178 168 167 162 160 142 136 134 133 131 113 112 109 108 105 94 92 87 73 71 69 64 60 44 36 35 32 22 6 
36 447 437 430 427 423 407 403 402 400 388 383 380 377 365 355 345 329 327 323 313 306 299 296 291 290 279 268 264 249 245 241 225 213 209 206 197 182 168 165 156 145 142 139 134 126 125 121 93 87 73 69 66 60 59 58 32 22 20 17 10 4 1 
71 449 443 439 438 418 410 408 403 390 389 388 374 370 352 330 326 325 320 316 315 307 304 253 248 247 217 199 197 179 178 175 173 172 169 162 142 137 136 133 132 131 113 112 109 108 105 94 92 87 85 64 44 41 40 35 34 31 11 6 2 1 
398 433 431 422 407 403 393 389 380 364 362 351 339 338 321 316 302 296 295 293 291 286 282 272 254 244 235 228 227 193 187 184 175 168 161 160 159 151 140 138 131 129 128 125 121 120 117 115 112 108 100 91 80 74 70 66 60 59 52 50 44 17 
40 449 448 445 443 438 408 402 389 370 361 354 347 333 330 326 324 304 284 281 258 253 250 238 234 231 224 206 199 189 186 181 177 175 173 172 170 169 166 157 154 150 143 142 141 137 132 126 123 99 88 85 71 47 42 41 34 31 11 10 7 2 
128 445 433 431 422 412 410 407 398 380 371 364 348 347 341 338 316 309 302 301 296 294 292 287 269 267 265 254 252 244 238 235 233 219 206 194 193 187 182 162 161 154 151 149 140 126 125 120 118 114 101 92 74 61 59 55 35 29 20 17 0 
401 446 433 431 428 425 420 417 412 410 397 392 388 379 377 374 373 367 366 361 358 357 346 344 342 340 330 322 321 317 314 309 293 290 285 275 249 243 211 185 170 160 149 134 130 109 106 104 94 87 73 69 66 63 58 57 55 53 52 50 14 
52 442 439 436 431 424 420 412 410 407 401 398 397 381 379 359 357 354 346 342 340 336 321 314 309 300 293 291 268 249 244 243 236 211 184 163 160 155 148 147 145 133 130 122 100 90 88 87 73 69 66 63 58 53 51 50 45 29 7 3 
125 437 433 431 430 427 423 422 407 403 398 388 386 380 364 338 327 323 316 307 302 299 296 266 264 254 244 241 235 216 205 197 193 191 189 187 184 182 165 161 156 151 145 140 129 128 126 121 120 93 74 69 68 59 58 45 36 17 10 4 
275 432 420 401 399 396 392 388 377 374 371 367 361 359 358 348 338 323 322 293 290 285 282 277 271 262 254 253 244 238 237 234 230 228 218 211 189 170 165 160 155 154 141 137 134 122 120 118 116 106 104 91 77 66 64 61 51 30 14 9 
77 444 436 434 432 428 420 415 408 404 399 376 375 366 359 345 323 320 313 310 296 291 279 275 271 270 256 240 238 237 234 224 223 222 211 193 189 188 168 155 154 147 143 141 122 118 114 111 100 93 87 66 59 56 42 33 30 26 17 0 
22 444 442 440 424 406 403 402 390 387 383 380 370 358 345 304 302 296 291 290 286 279 270 264 263 260 249 238 230 225 218 213 206 204 195 188 183 169 168 163 153 142 134 115 87 73 69 60 51 42 36 35 32 26 21 11 9 4 1 
218 446 444 436 433 424 412 409 406 402 388 384 371 370 358 348 338 330 322 302 286 285 282 279 277 275 262 261 260 254 228 195 190 177 163 132 131 123 120 119 115 91 75 70 61 53 49 42 41 39 34 30 29 26 22 17 14 9 4 
442 439 431 424 390 387 381 372 359 339 336 334 321 315 300 298 270 249 245 244 243 238 230 207 206 204 203 202 183 171 169 163 162 160 155 153 149 148 133 122 118 113 90 87 86 83 80 66 52 51 45 35 29 22 21 19 16 7 3 
126 437 430 427 423 414 408 406 403 388 371 366 360 344 333 325 299 294 287 274 264 260 241 240 231 205 199 197 182 167 165 156 148 145 142 135 128 125 122 121 117 115 107 103 99 96 93 92 69 62 59 58 42 40 36 35 17 10 4 
35 442 439 433 418 403 390 387 374 371 352 347 325 320 316 315 307 294 287 270 269 267 265 252 249 248 247 238 230 206 204 183 179 169 162 154 153 149 136 133 128 126 113 112 109 105 101 92 71 69 61 51 44 22 21 20 6 1 
137 443 438 421 408 399 396 389 383 370 367 365 358 348 330 328 326 310 304 303 296 282 281 278 275 267 253 249 244 239 230 228 199 198 175 173 172 171 169 165 160 142 132 107 97 94 91 85 71 64 51 41 40 34 31 11 5 2 
4 444 437 430 427 424 423 415 406 403 388 358 353 346 337 302 299 288 286 269 264 260 241 226 218 211 197 195 188 182 172 170 165 163 156 145 126 125 124 121 117 115 110 95 93 83 69 63 59 58 42 36 31 26 22 17 10 9 
316 439 433 431 422 421 418 407 403 398 382 380 374 364 357 355 352 348 338 325 320 315 307 302 296 254 248 247 244 235 225 193 187 179 161 151 140 136 133 128 125 120 113 112 109 105 92 74 71 59 44 39 37 35 17 6 1 0 
315 442 439 431 429 418 406 403 388 374 372 352 339 334 325 320 316 307 300 298 249 248 247 245 207 204 203 202 179 171 162 160 149 136 133 118 113 112 109 108 105 92 86 83 80 72 71 56 51 44 35 31 24 19 16 6 1 
94 449 446 421 417 412 410 401 390 388 383 378 376 365 360 345 340 335 330 326 310 308 306 293 285 281 278 267 252 251 249 248 239 233 217 198 197 179 178 162 153 138 137 131 124 112 108 107 97 71 67 64 61 53 47 5 1 
112 439 428 421 418 417 407 403 398 380 378 376 374 364 353 352 351 325 321 320 316 315 307 302 296 286 285 272 248 247 233 184 179 168 138 136 133 131 129 117 115 113 109 108 105 94 92 74 71 70 66 60 50 44 35 6 1 
358 444 438 424 419 406 401 399 397 396 392 388 385 377 374 367 361 348 322 302 293 290 286 285 282 275 260 253 244 230 218 206 204 203 195 170 167 165 163 162 160 140 137 134 130 115 114 106 104 91 64 51 42 26 22 9 4 
149 442 433 431 428 425 408 401 373 372 367 366 347 344 340 339 334 321 315 308 300 298 290 269 267 265 252 245 240 238 207 206 204 203 202 171 162 160 154 128 118 113 109 101 87 86 83 80 61 57 55 51 35 20 19 16 14 
115 444 441 431 425 424 408 407 406 403 398 395 380 368 364 358 351 338 334 332 331 322 321 302 286 279 272 260 252 218 199 195 184 174 168 163 138 131 129 126 122 117 112 108 99 74 70 66 60 50 44 42 26 22 17 9 4 
118 445 442 432 431 427 420 409 372 359 348 341 339 334 323 315 309 302 300 298 296 275 271 245 238 237 219 211 207 204 203 202 189 187 182 171 162 160 155 154 149 128 122 114 113 86 83 80 77 66 61 55 51 29 19 16 0 
243 442 439 431 424 420 412 410 401 397 384 381 379 359 357 346 345 342 340 336 334 321 314 309 300 284 277 263 249 244 211 177 163 160 155 148 133 130 122 90 87 79 73 69 66 63 61 58 53 52 51 50 45 29 7 3 
50 431 420 412 410 409 407 403 402 401 398 397 380 379 364 357 351 346 342 340 321 314 309 302 286 272 261 249 243 211 184 168 141 138 131 130 129 117 116 115 112 108 91 84 74 73 70 69 66 63 60 58 53 52 44 41 
338 441 436 433 431 425 422 408 407 398 395 380 371 370 368 364 348 334 332 331 322 316 302 296 286 282 279 277 275 262 254 252 244 235 228 218 204 199 193 187 177 161 151 140 128 125 120 115 91 74 61 59 30 17 14 9 
238 445 442 433 432 420 390 387 359 347 324 323 284 275 271 270 269 267 265 258 252 249 247 237 230 211 206 204 189 186 183 177 169 166 162 155 154 153 150 149 143 128 123 122 118 101 77 66 61 51 40 35 22 21 20 7 
325 439 418 414 408 403 374 368 366 352 348 344 334 328 320 316 315 307 291 274 260 248 247 240 237 235 234 226 217 208 205 182 180 179 167 148 146 136 133 126 113 112 109 107 105 103 96 92 89 71 62 44 35 6 1 
432 444 428 420 416 399 396 391 376 372 359 345 331 327 323 313 310 304 296 291 279 275 271 256 248 245 240 239 238 237 225 223 222 211 193 189 159 155 154 122 118 114 111 100 88 87 77 68 66 61 59 33 30 17 5 
182 445 437 430 427 423 403 388 368 366 348 344 341 328 325 323 309 302 299 296 264 241 237 235 234 226 219 217 208 197 187 180 165 156 146 145 128 126 125 121 118 114 93 89 69 61 59 58 55 36 29 17 10 4 0 
113 442 439 431 418 403 374 372 368 352 339 334 325 320 316 315 307 304 300 298 248 247 245 229 207 204 203 202 179 172 171 162 160 149 136 133 120 118 112 111 109 105 92 86 83 80 71 51 44 35 27 19 16 6 1 
245 447 442 436 432 431 429 407 400 396 377 372 365 355 339 334 331 329 327 323 315 313 306 304 300 298 291 268 239 225 209 207 204 203 202 171 162 160 159 149 139 118 113 88 86 83 80 68 66 61 51 36 19 16 5 
114 448 445 444 438 432 428 419 399 397 396 385 376 367 358 348 345 341 313 310 309 302 296 291 279 256 240 223 222 219 206 204 203 193 187 182 162 140 130 128 123 118 111 100 87 77 61 59 55 51 33 30 29 17 0 
361 448 439 428 427 418 402 401 395 392 388 377 374 363 358 354 352 344 331 322 308 300 293 290 285 276 275 270 250 234 210 196 189 181 180 174 170 157 148 143 141 140 134 132 106 104 99 88 87 79 47 41 40 27 
187 445 433 431 422 407 398 380 365 364 348 341 338 335 316 309 307 302 296 281 271 254 251 249 244 235 219 205 194 193 183 182 171 161 151 140 128 125 120 118 114 103 92 91 74 64 61 59 55 46 29 28 17 0 
175 443 438 428 423 411 408 398 393 389 384 371 370 362 355 344 339 330 326 312 304 295 286 284 282 277 268 264 253 244 228 227 199 173 172 169 160 159 142 137 132 121 116 91 85 80 71 41 40 34 31 26 11 2 
381 442 439 438 436 424 408 377 367 363 359 354 344 340 336 321 318 300 276 254 244 243 240 215 210 197 174 172 163 160 155 148 147 145 136 133 129 122 120 108 97 90 88 87 66 52 51 45 29 24 15 9 7 3 
53 446 433 431 420 412 410 409 402 401 397 388 379 357 346 342 340 330 322 314 312 309 287 285 261 249 243 218 211 190 169 132 131 130 123 119 94 87 75 73 70 69 66 63 58 52 50 49 41 39 29 26 17 
108 449 438 429 410 407 403 398 390 388 381 380 364 351 340 330 321 317 315 302 286 272 254 248 217 197 184 178 172 168 162 138 131 129 124 117 115 112 99 94 74 72 71 70 66 64 60 56 50 49 44 24 1 
142 443 438 408 403 402 389 383 380 370 345 330 326 304 296 291 290 279 264 253 249 226 225 213 206 199 175 173 172 169 168 137 134 132 126 87 85 73 71 69 60 41 40 36 34 33 32 31 22 11 8 2 1 
70 446 433 412 409 407 403 402 398 388 380 364 351 336 330 322 321 311 302 286 285 272 261 218 211 190 184 168 138 132 131 129 123 119 117 115 112 108 91 75 74 66 60 53 50 49 44 41 39 29 26 17 
184 426 407 403 402 398 393 389 386 385 380 364 353 351 341 337 330 327 321 302 293 291 286 272 261 232 194 168 167 148 138 131 129 127 125 117 115 112 108 100 91 74 70 68 66 60 52 50 45 44 43 21 
366 436 434 433 428 425 414 408 401 373 368 367 348 344 328 325 321 274 270 260 240 237 235 234 226 217 208 205 200 182 180 167 160 149 148 146 132 126 109 107 103 100 96 93 89 87 77 62 57 55 14 0 
73 431 420 416 412 410 403 402 401 397 383 380 379 357 346 345 342 340 314 309 296 291 290 279 264 257 249 243 225 213 211 206 200 168 142 134 132 130 87 69 66 63 60 58 53 52 50 36 34 32 22 1 
399 444 438 432 428 419 397 396 385 376 367 358 348 345 313 310 296 291 282 279 275 256 253 244 240 233 230 223 222 206 204 203 193 190 165 162 160 140 137 130 114 111 100 91 87 77 64 59 51 33 30 17 
204 442 438 431 419 399 397 396 390 387 385 372 367 358 339 338 334 315 300 298 270 249 245 238 230 207 206 203 202 183 171 169 162 160 153 149 140 138 130 118 114 113 86 83 80 51 35 22 21 19 16 13 
282 448 428 423 411 399 398 396 393 371 367 362 358 355 348 344 339 338 312 295 286 284 277 275 268 264 262 254 253 244 230 228 227 218 175 165 160 159 137 121 120 116 91 80 64 61 51 30 26 14 9 
252 441 434 433 425 411 408 395 368 347 345 343 340 338 335 334 332 331 322 308 306 293 286 279 278 269 267 266 265 251 238 206 199 179 162 157 154 149 138 128 124 115 101 94 67 61 47 35 25 20 17 
299 444 437 430 427 423 403 392 388 362 350 331 303 297 289 283 280 264 258 246 241 235 232 227 215 209 198 197 190 182 176 165 158 156 145 140 126 125 121 120 93 69 61 59 58 43 36 29 17 10 4 
352 439 428 418 403 392 386 374 368 363 361 344 343 331 325 322 320 316 315 308 307 300 276 270 248 247 210 196 180 179 174 148 140 136 134 133 132 113 112 109 105 92 87 79 71 44 41 35 18 6 1 
323 447 432 420 407 400 396 377 372 365 359 355 331 329 327 313 307 306 304 291 275 271 268 245 239 238 237 225 216 214 211 209 205 189 182 164 159 155 154 139 125 122 121 118 88 77 68 66 61 36 5 
340 438 431 420 412 410 408 401 397 381 379 357 346 345 344 342 335 314 309 308 306 293 278 254 252 251 249 243 211 210 179 172 149 138 130 124 108 94 73 69 67 66 63 61 58 53 52 50 47 24 17 
364 433 431 422 407 403 398 396 380 355 351 338 332 321 316 303 302 296 286 272 254 244 237 235 193 187 184 168 161 151 148 140 138 131 129 128 125 120 117 115 112 108 74 70 66 60 59 50 44 17 5 
64 449 410 399 396 390 388 373 367 365 358 348 335 330 307 305 282 281 280 275 255 253 251 249 248 244 230 217 205 197 194 187 183 178 165 162 160 137 131 123 108 94 92 91 71 51 46 28 23 1 
80 442 439 431 403 398 393 373 372 362 339 337 334 315 300 298 295 286 282 245 244 239 228 227 207 204 203 202 175 171 162 160 159 157 149 146 121 119 118 113 103 96 91 86 83 62 51 48 19 16 
133 442 439 424 418 403 381 374 359 352 336 325 321 320 317 316 315 307 300 248 247 244 243 217 179 163 160 155 148 136 122 113 112 109 105 92 90 87 71 66 52 51 45 44 35 29 7 6 3 1 
58 437 431 430 427 423 420 412 410 403 401 397 388 379 357 346 342 340 314 309 299 264 249 243 241 224 211 199 197 182 165 156 145 130 126 125 121 93 73 69 66 63 59 53 52 50 36 17 10 4 
396 438 432 419 399 397 385 372 367 364 358 355 348 332 331 327 323 304 303 291 282 275 262 253 245 244 239 237 230 225 206 204 203 165 162 160 159 148 140 137 130 114 91 88 68 64 61 51 30 5 
418 439 428 403 392 374 363 361 352 344 331 325 322 320 316 315 308 307 300 276 270 248 247 227 210 196 180 179 174 148 140 136 134 133 132 113 112 109 105 92 87 79 71 44 41 35 6 2 1 
270 442 439 436 434 429 428 418 411 392 390 387 386 366 363 361 352 344 331 322 308 300 276 249 238 230 210 206 204 196 183 180 174 169 153 148 140 134 132 93 87 79 77 51 41 35 22 21 0 
44 439 418 407 403 398 380 374 364 352 351 325 321 320 316 315 307 302 286 278 272 248 247 184 179 168 138 136 133 131 129 117 115 113 112 110 109 108 105 92 74 71 70 66 60 50 35 6 1 
169 448 443 442 438 435 412 408 405 390 389 387 378 370 330 326 304 270 253 249 246 238 230 206 204 199 183 175 173 172 153 142 139 137 132 110 85 71 53 51 41 40 35 34 31 22 21 11 2 
193 444 433 432 431 428 422 407 399 398 380 376 364 345 338 316 313 310 302 296 291 279 256 254 244 240 235 223 222 187 161 151 140 128 125 120 114 111 109 100 87 84 77 74 59 34 33 30 17 
241 444 437 430 427 423 403 392 388 362 350 331 303 299 297 289 283 280 264 250 246 235 232 227 215 209 198 197 182 176 165 156 145 126 125 121 120 93 69 61 59 58 43 36 29 17 10 4 0 
254 445 438 433 431 422 407 398 381 380 371 364 348 340 338 316 313 302 296 282 277 275 262 244 235 228 218 193 187 172 161 151 140 128 125 120 108 95 91 74 61 59 45 30 24 20 17 14 9 
215 444 408 406 392 388 381 377 374 367 363 362 350 344 331 318 303 299 297 295 289 283 280 276 246 241 235 232 227 210 209 198 179 176 174 136 129 120 97 72 61 51 49 47 43 29 13 9 8 
334 442 441 431 425 408 400 395 372 368 339 338 332 331 325 322 315 300 298 286 279 252 245 243 229 207 204 203 202 199 171 162 160 149 120 118 115 113 111 86 83 80 51 27 19 18 17 16 
179 439 418 406 403 395 374 370 352 345 340 335 325 320 316 315 308 307 306 295 293 278 252 251 248 247 215 138 136 133 124 113 112 109 105 94 92 72 71 67 61 49 47 44 35 13 6 1 
377 447 408 407 401 400 392 388 381 374 368 367 365 363 361 358 355 344 329 323 322 318 313 306 293 290 285 276 275 268 245 215 210 209 174 170 161 139 136 134 129 120 106 104 97 66 36 9 
92 439 418 403 374 371 365 352 348 335 325 320 316 315 307 294 287 281 251 249 248 247 233 226 208 205 194 187 183 179 136 133 128 126 113 112 109 105 91 71 64 46 44 35 28 26 6 1 
9 444 443 424 408 406 381 377 371 367 363 358 350 348 344 338 318 302 300 286 282 277 276 275 262 260 254 228 218 215 210 195 174 163 136 129 120 115 97 93 91 61 42 30 26 22 14 4 
310 444 433 432 428 421 415 399 383 376 365 351 345 326 319 313 296 291 281 279 278 276 267 256 249 240 239 223 222 219 198 193 137 124 114 111 107 100 97 94 87 81 77 59 33 30 17 5 
100 444 432 428 426 407 399 398 393 389 385 376 366 353 345 341 337 330 313 310 298 296 293 291 279 256 240 239 232 223 222 194 193 184 167 148 127 114 111 87 77 59 52 33 30 21 17 
397 440 438 431 420 419 413 412 410 401 399 396 385 379 367 358 357 346 342 340 331 324 314 309 249 243 211 206 204 203 162 140 130 114 106 88 73 69 66 63 58 53 52 51 50 33 13 
60 407 403 402 398 383 380 364 351 345 321 302 296 291 290 286 279 272 269 264 249 225 213 206 184 168 142 138 134 131 129 117 115 112 108 87 74 73 70 69 66 50 44 36 32 22 1 
122 442 439 432 424 420 408 406 381 359 336 323 321 300 288 275 271 244 243 238 237 213 211 199 189 188 163 160 155 154 148 133 126 118 115 90 87 77 66 56 52 51 45 42 29 7 3 
285 446 444 433 417 412 409 402 401 392 388 378 377 376 374 361 358 344 330 322 293 290 275 261 233 219 218 190 170 134 132 131 123 119 112 106 104 94 75 70 53 49 41 39 29 26 17 
304 443 440 438 432 408 406 396 389 372 370 331 330 327 326 323 320 295 291 253 245 239 225 213 199 175 173 172 169 159 142 137 132 113 88 85 71 68 61 41 40 34 31 22 11 5 2 
438 443 419 408 399 397 396 389 385 381 370 367 358 354 340 330 326 304 254 253 206 204 203 199 175 173 172 169 162 142 140 137 132 130 114 108 85 72 71 51 41 40 34 31 24 11 2 
309 445 431 420 412 410 407 401 397 379 368 357 348 346 342 341 340 314 302 298 296 268 264 249 243 219 211 187 182 130 128 118 114 75 73 69 66 63 61 58 55 53 52 50 29 18 0 
199 443 441 438 425 408 406 395 389 370 368 338 334 332 331 330 326 322 308 304 286 283 279 253 252 175 173 172 169 142 137 132 126 122 115 85 71 65 58 42 41 40 34 31 17 11 2 
129 408 407 403 398 386 381 380 377 367 364 363 351 344 327 321 318 302 286 276 272 263 215 210 184 174 168 138 136 131 125 120 117 115 112 108 97 74 70 68 66 60 50 45 44 13 9 
74 433 431 422 407 403 398 380 364 351 338 321 316 302 296 286 272 254 244 235 193 187 184 168 165 161 151 140 138 131 129 128 125 120 117 115 112 108 90 70 66 60 59 50 44 17 
121 437 430 427 423 403 398 393 388 362 339 337 323 307 299 295 286 282 264 244 241 228 227 216 205 197 189 182 175 165 160 159 156 145 126 125 93 91 80 69 59 58 36 17 10 4 
240 444 432 428 414 408 399 381 376 366 345 344 331 325 313 310 306 296 291 281 279 274 260 256 223 222 205 193 174 167 149 148 126 114 111 107 103 100 96 87 77 62 59 33 30 17 
307 441 439 418 403 374 365 352 348 335 325 323 320 316 315 298 281 251 249 248 247 216 205 194 189 187 183 179 136 133 125 121 113 112 109 105 92 91 71 64 46 44 35 28 6 1 
410 449 431 420 412 401 397 390 388 379 357 346 342 340 330 326 314 309 301 294 292 249 248 243 233 217 211 197 178 162 131 130 128 108 94 73 71 69 66 64 63 58 53 52 50 1 
172 443 438 415 408 389 381 370 353 346 340 337 330 326 304 269 254 253 226 211 199 195 175 173 169 142 137 132 124 117 113 110 108 85 83 71 63 56 41 40 34 31 24 11 4 2 
234 448 415 408 404 402 375 368 366 361 354 348 344 328 325 320 275 250 237 235 226 224 217 211 208 189 188 182 181 180 170 168 157 147 146 143 141 99 89 88 77 56 47 42 40 26 
424 447 444 442 439 406 395 381 379 359 358 336 321 306 302 300 288 286 260 244 243 218 195 163 160 155 148 140 133 122 115 90 87 66 65 52 51 45 42 29 26 22 9 7 4 3 
130 446 438 431 421 420 419 416 412 410 401 399 397 396 385 379 371 367 358 357 346 342 340 314 309 249 243 211 206 204 203 200 162 140 114 73 69 66 63 58 53 52 51 50 34 
365 447 421 407 400 383 377 355 348 335 331 329 326 323 313 310 307 306 281 278 268 267 251 249 245 239 209 205 198 194 187 183 139 137 107 97 94 92 91 66 64 46 36 28 5 
136 445 439 418 408 403 402 381 377 374 367 363 352 344 325 320 318 316 315 307 276 248 247 220 215 210 179 174 133 129 120 113 112 109 105 97 95 92 71 44 35 9 6 2 1 
123 446 445 433 412 409 402 388 347 330 324 322 285 284 261 258 257 238 218 206 190 186 177 166 154 150 143 139 132 131 119 114 89 75 70 64 53 49 41 40 39 29 26 17 7 
163 444 442 439 429 424 406 381 372 359 358 336 321 302 300 286 260 247 244 243 218 195 160 155 148 147 133 122 115 90 87 79 66 54 52 51 45 42 29 26 22 9 7 4 3 
320 439 418 415 408 404 403 375 374 352 325 316 315 307 304 261 248 247 234 224 211 188 179 168 161 147 141 136 133 113 112 109 105 92 79 77 71 56 54 44 42 35 26 6 1 
326 443 438 435 421 410 408 389 383 370 365 330 310 304 281 278 267 253 249 242 239 210 199 198 175 173 172 169 167 142 137 132 107 97 94 85 71 41 40 34 31 11 5 2 
210 444 439 428 418 408 392 381 377 367 363 361 352 344 340 331 326 322 318 308 301 300 276 270 251 249 244 215 196 180 174 148 140 136 134 132 129 120 97 87 79 41 17 9 
124 433 415 392 390 376 353 346 345 340 337 335 333 310 308 306 294 293 278 269 252 251 228 226 211 195 179 172 151 138 117 110 108 94 83 81 67 63 61 47 31 17 10 4 
290 403 402 401 392 388 383 380 377 374 361 358 345 322 296 293 291 285 279 275 274 264 249 225 213 206 170 168 149 142 134 131 106 104 87 73 69 60 49 36 32 24 22 1 
389 443 438 426 408 398 393 385 373 370 355 353 341 337 330 326 304 280 253 232 199 194 184 175 173 172 169 167 148 142 137 132 127 100 85 71 48 41 40 34 31 21 11 2 
30 444 432 428 407 399 396 376 371 348 345 338 313 310 298 296 291 282 279 277 275 262 256 254 240 239 228 223 222 218 193 120 114 111 100 91 87 77 61 59 33 17 14 9 
154 445 433 432 420 395 363 359 347 324 323 284 275 271 269 267 265 258 252 238 237 211 206 189 186 177 166 162 155 150 149 143 128 123 122 118 101 77 66 61 40 35 20 7 
209 447 444 425 407 400 392 388 377 368 365 362 355 350 331 329 323 313 306 303 299 297 289 283 280 268 246 245 241 235 232 227 215 198 176 168 139 120 68 66 61 43 36 29 
313 447 444 432 428 407 400 399 377 376 365 355 354 345 329 323 310 306 296 291 279 268 256 254 245 240 223 222 209 197 193 139 114 111 100 97 87 77 66 59 36 33 30 17 
355 447 428 423 421 411 407 400 396 389 377 371 365 364 348 346 344 332 329 323 316 313 312 306 303 284 282 277 268 264 245 237 209 175 160 148 139 91 66 39 37 36 26 
109 439 433 428 425 418 403 401 374 373 367 366 352 344 325 321 320 316 315 307 300 248 247 193 179 160 149 136 133 113 112 105 92 87 71 68 57 55 44 35 14 6 1 
253 443 438 408 399 396 389 370 367 358 348 330 326 304 282 275 262 244 237 230 199 194 175 173 172 169 165 160 144 142 137 132 91 85 71 64 51 41 40 34 31 11 2 
63 431 420 415 412 410 404 401 397 379 357 353 346 342 340 337 314 309 297 272 269 249 243 226 211 195 172 130 124 117 110 83 73 69 66 58 53 52 50 47 31 29 4 
308 439 428 418 392 363 361 352 345 344 340 335 331 322 306 300 293 292 278 276 270 252 251 210 199 196 180 179 174 149 148 140 138 134 132 124 94 87 79 67 61 47 41 
232 444 426 393 392 389 388 385 362 353 350 341 337 331 330 303 299 297 289 283 280 246 241 235 227 215 209 198 194 184 176 173 167 148 127 120 116 100 61 43 29 21 16 
7 445 442 439 424 391 381 359 347 336 324 321 300 291 284 258 244 243 238 206 186 177 173 166 163 160 155 154 150 148 143 133 123 122 90 87 66 52 51 45 40 29 3 
372 442 432 431 396 339 334 331 327 323 315 304 300 298 291 245 239 225 207 206 204 203 202 171 163 162 160 159 149 138 118 113 106 88 86 83 80 68 61 51 19 16 5 
374 439 418 403 401 392 388 377 361 358 352 325 322 320 316 315 307 293 290 285 275 265 248 247 215 179 170 136 134 133 113 112 109 106 105 104 92 71 44 35 33 6 1 
47 448 406 402 367 361 354 345 340 335 308 306 293 281 278 252 251 250 234 215 189 181 179 170 157 143 141 138 124 99 94 88 81 67 63 61 56 51 49 40 38 8 
119 446 439 433 414 412 409 403 402 388 387 373 337 330 322 287 285 280 261 260 246 235 230 218 190 160 153 146 132 131 123 80 75 70 53 49 46 41 39 29 26 17 
423 437 430 428 427 411 403 388 382 371 355 344 312 299 284 282 277 268 264 241 197 189 182 175 165 160 157 156 145 126 125 121 93 91 69 59 58 36 26 17 10 4 
293 407 401 398 392 388 377 374 361 358 345 340 335 322 308 306 300 291 290 286 285 278 277 275 252 251 184 179 170 152 138 134 124 106 104 100 94 67 66 61 52 47 
117 415 407 403 398 380 364 353 351 346 337 321 302 286 272 269 226 211 195 184 172 168 138 131 129 126 124 115 112 110 108 83 74 70 66 63 60 50 44 31 26 4 
138 407 403 398 380 372 364 351 345 340 335 321 308 306 302 293 286 278 272 252 251 204 184 179 168 131 129 124 117 115 112 108 94 74 70 67 66 61 60 50 47 44 
197 449 437 430 427 423 410 403 390 388 381 330 313 299 264 256 248 241 217 182 178 165 162 156 145 131 126 125 121 108 94 93 71 69 64 59 58 36 17 10 4 1 
277 428 423 411 407 386 384 371 355 348 345 344 338 318 312 300 293 286 284 282 275 268 264 263 262 254 243 228 218 175 161 160 134 120 91 79 66 61 30 26 14 9 
165 437 430 427 423 403 399 396 388 367 358 348 299 282 275 264 253 244 241 230 197 182 160 156 145 137 131 126 125 121 93 91 74 69 64 59 58 51 36 17 10 4 
225 432 403 402 396 383 380 372 345 331 327 323 316 304 296 291 290 279 264 259 249 245 239 213 206 168 159 142 134 88 87 73 69 68 61 60 36 34 32 22 5 1 
203 442 438 431 419 399 397 396 394 387 385 372 369 367 358 339 334 319 315 300 298 245 207 206 204 202 171 162 160 149 140 130 118 114 113 86 83 80 51 37 19 16 
180 439 428 418 414 392 368 366 363 361 352 348 344 331 328 325 322 308 300 276 270 237 235 234 226 217 214 210 208 196 182 174 171 148 146 140 134 132 89 87 79 41 
31 443 438 415 408 389 370 353 346 337 330 326 315 304 269 253 226 211 199 195 190 175 173 172 169 142 137 132 124 117 110 85 83 71 63 41 40 34 11 4 2 
359 443 442 439 432 424 420 381 343 336 323 321 300 275 271 244 243 238 237 211 200 189 163 160 155 154 148 133 122 118 90 87 77 66 52 51 45 29 18 7 3 
174 439 433 428 418 408 392 381 377 367 363 361 352 344 331 322 318 308 300 276 270 240 215 210 208 196 183 180 148 140 136 134 132 129 120 115 97 87 79 41 9 
42 444 433 424 415 408 406 404 376 375 358 333 320 302 286 260 234 231 224 218 211 199 195 188 168 163 151 147 141 126 122 115 99 77 56 40 26 22 10 9 4 
383 421 403 402 380 365 349 345 326 324 310 296 291 290 281 279 278 267 264 249 239 225 213 206 198 168 142 137 134 107 97 94 87 73 69 60 36 32 22 5 1 
346 431 420 415 412 410 401 397 387 379 357 355 353 342 340 337 314 309 269 255 249 243 226 211 195 172 130 124 117 110 83 73 69 66 63 58 53 52 50 31 4 
155 442 439 432 424 420 381 371 359 336 323 321 300 296 275 271 244 243 238 237 214 211 189 163 160 154 148 133 122 118 90 89 87 77 66 52 51 45 29 7 3 
248 449 439 432 418 410 403 390 388 374 352 330 325 320 316 315 307 247 217 207 197 179 178 162 136 133 131 113 112 109 108 105 94 92 89 71 64 44 35 6 1 
368 441 425 408 395 377 366 352 348 344 338 334 332 331 328 325 322 309 286 279 252 237 235 234 229 226 217 209 208 199 182 180 146 127 120 115 113 111 89 27 17 
227 444 418 411 398 393 392 388 362 350 339 331 303 299 297 295 289 286 283 282 280 246 244 241 235 232 228 215 209 198 176 175 160 159 121 120 91 80 61 43 29 
362 444 398 393 392 388 350 339 331 303 299 297 295 289 286 283 282 280 278 246 244 241 235 232 228 227 215 209 198 176 175 160 159 121 120 91 80 61 43 29 
198 444 421 392 388 383 365 362 350 331 326 310 303 299 297 289 283 281 280 278 267 249 246 241 239 235 232 227 215 209 176 137 120 107 97 94 61 43 29 5 
83 442 431 415 372 353 346 339 337 334 315 300 298 269 245 226 211 207 204 203 202 195 172 171 162 160 149 124 118 117 113 110 86 80 63 51 31 19 16 4 
420 432 431 412 410 401 397 379 359 357 346 342 340 323 314 309 279 275 271 261 249 243 238 237 211 189 155 154 130 122 118 77 73 69 66 63 58 53 52 50 
93 437 436 434 430 429 427 423 422 413 403 388 366 299 270 264 241 220 202 197 182 165 156 145 126 125 121 111 102 77 69 59 58 36 34 17 10 9 4 0 
237 432 420 396 368 366 364 359 355 348 344 332 328 325 323 303 278 275 271 253 238 235 234 226 217 211 208 189 182 180 171 155 154 148 146 122 118 89 77 66 
339 442 431 398 393 372 362 334 315 300 298 295 286 282 273 245 244 228 227 207 204 203 202 175 171 162 160 159 149 121 118 113 91 86 83 80 55 51 19 16 
88 448 436 432 402 397 396 381 372 361 354 331 329 327 323 304 291 279 250 245 239 234 225 189 181 170 159 157 147 145 143 141 99 68 61 52 47 40 5 
49 446 433 412 409 406 402 388 367 333 330 322 295 290 285 261 218 215 208 190 179 132 131 123 119 108 75 72 70 53 51 47 41 39 29 26 17 13 8 
276 439 428 418 417 408 392 381 377 367 363 361 352 344 331 322 318 310 308 300 270 215 210 196 180 174 148 140 136 134 132 129 120 97 87 79 41 17 9 
303 444 419 396 392 388 364 362 360 355 350 342 332 331 321 299 297 289 283 280 246 241 237 235 232 227 215 209 198 176 148 137 120 61 51 43 29 19 12 
363 447 439 428 422 418 408 392 381 377 367 361 352 344 331 322 318 308 300 276 270 215 210 196 180 174 154 148 140 136 134 132 129 120 97 87 79 41 9 
189 448 432 423 420 402 361 359 354 323 307 280 275 271 250 238 237 234 223 216 211 205 181 170 157 155 154 143 141 125 122 121 118 99 88 77 66 47 40 
306 447 424 407 400 395 379 377 365 355 345 340 335 329 323 313 308 293 288 278 268 252 251 245 240 209 179 140 139 138 124 94 67 66 61 47 36 15 
370 443 440 438 436 411 408 406 389 338 330 326 322 304 279 253 218 213 199 179 177 175 173 172 169 142 137 132 85 71 54 41 40 34 31 22 11 2 
406 444 440 424 408 370 367 358 315 304 302 295 286 260 218 215 213 199 195 179 163 126 122 115 97 90 72 51 49 47 42 26 22 13 11 9 8 4 
298 442 431 407 372 339 334 315 309 307 300 291 268 264 245 239 207 204 203 202 171 162 160 149 118 113 100 86 83 82 80 75 66 59 51 30 19 16 
239 432 421 407 405 396 383 372 365 331 327 326 323 310 304 298 291 281 278 267 249 245 225 198 159 137 107 100 98 97 94 88 80 68 61 59 30 5 
260 444 424 414 408 406 387 366 358 344 325 302 286 280 274 246 240 218 205 195 167 163 153 148 126 119 115 107 103 96 76 62 42 26 22 19 9 4 
228 398 393 392 371 362 348 339 338 333 295 294 286 282 277 275 262 254 244 227 219 218 175 162 160 159 151 137 124 121 120 91 80 61 30 14 10 9 
415 449 433 408 404 376 375 353 349 346 337 320 310 269 249 234 226 224 211 195 188 172 168 147 141 124 117 110 83 81 77 63 56 42 31 26 17 4 
111 444 432 429 428 422 413 399 376 368 345 334 313 310 296 291 279 256 240 229 223 222 220 193 120 114 113 102 100 93 87 77 59 33 30 27 17 2 
246 448 444 414 412 405 392 388 387 362 350 331 312 303 299 297 289 287 283 280 260 241 235 232 227 215 209 198 176 169 153 139 120 119 61 55 43 29 
337 439 426 415 403 393 389 385 373 353 346 341 330 269 232 226 211 195 194 184 172 167 148 146 127 124 121 119 117 110 100 83 80 63 31 21 4 
205 414 408 366 365 348 344 335 325 323 307 281 274 260 251 249 240 216 214 194 189 187 183 167 148 126 125 121 107 103 96 92 91 64 62 46 28 
230 446 442 414 399 396 390 387 367 358 348 289 287 282 275 270 253 249 244 238 235 206 204 183 169 165 160 153 137 119 91 64 51 46 35 22 21 
10 437 430 427 423 419 403 394 392 388 333 299 294 264 241 231 228 197 182 165 156 151 145 126 125 124 121 99 93 69 59 58 42 40 36 17 4 
34 443 438 416 408 389 370 357 330 326 318 314 304 253 250 225 218 200 199 193 175 173 172 169 142 137 132 130 93 85 73 71 41 40 31 11 2 
217 449 410 390 388 368 366 348 344 330 328 325 301 248 237 235 234 226 208 201 197 183 182 180 178 162 146 133 131 108 101 94 89 71 64 1 
267 433 426 421 383 365 347 333 326 310 301 281 278 269 265 252 249 239 238 206 201 198 162 154 149 137 128 107 101 97 94 76 61 35 20 5 
376 444 433 432 428 417 415 399 378 345 313 310 296 291 285 279 256 240 233 223 222 193 124 114 112 111 100 94 87 81 77 59 42 33 30 17 
278 421 383 365 362 345 340 335 326 310 308 306 293 281 267 252 251 249 239 237 198 179 144 138 137 124 107 97 94 69 67 61 47 44 37 5 
194 435 426 393 389 385 365 360 353 348 341 337 335 330 307 281 253 251 249 232 205 187 184 183 167 153 148 128 127 100 92 91 64 46 28 21 
141 448 415 408 404 402 375 361 354 320 275 250 234 224 211 207 189 188 181 170 168 157 150 147 143 132 107 99 88 77 56 50 47 42 40 26 
371 428 423 411 355 348 344 338 312 294 287 284 282 277 275 268 264 262 254 228 218 175 160 155 130 128 126 120 92 91 61 35 30 26 14 9 
55 445 439 433 428 425 401 373 367 366 348 344 341 339 321 309 302 296 271 246 219 187 182 160 149 128 118 114 109 87 61 57 29 14 0 
251 435 408 365 348 345 344 340 335 308 307 306 293 281 278 252 249 210 205 194 187 183 179 138 124 94 92 91 67 64 61 47 46 28 17 
97 421 408 406 388 383 381 377 367 365 363 344 326 318 313 310 281 278 276 267 249 239 215 210 198 174 137 136 129 120 107 94 56 9 5 
170 448 402 401 392 388 386 377 374 361 358 354 329 322 311 293 290 286 285 275 250 234 189 181 157 143 141 134 106 104 99 88 47 40 4 
33 444 440 432 431 428 399 397 376 374 367 349 345 324 313 310 296 291 279 256 242 240 223 222 193 142 114 111 100 87 77 59 30 17 13 
151 433 431 422 407 398 392 380 367 364 360 338 333 316 302 296 294 254 244 235 228 193 187 161 140 128 125 124 120 110 74 59 42 17 10 
390 449 442 410 388 387 349 330 270 249 248 238 230 224 217 206 204 197 183 181 178 169 162 153 131 124 108 94 71 64 51 35 22 21 1 
14 433 430 428 425 401 373 371 367 366 348 344 338 321 282 277 275 262 254 228 218 160 149 148 120 109 91 87 61 57 55 30 23 9 5 
167 426 414 408 393 389 385 366 358 353 344 341 337 330 326 325 274 260 240 232 226 205 194 184 148 127 126 107 103 101 100 96 62 21 1 
268 447 428 423 411 407 400 377 371 365 355 344 329 323 313 312 309 306 298 284 282 277 264 245 209 175 160 152 139 91 75 66 52 36 26 
226 435 415 368 366 353 348 346 344 337 328 325 269 237 235 234 217 211 208 195 182 180 172 167 146 142 124 117 110 92 89 83 63 31 4 
280 444 414 392 389 388 387 362 350 331 303 299 297 289 283 271 260 246 241 235 232 227 215 209 198 189 176 153 120 119 64 61 43 29 
195 444 424 415 406 358 353 346 337 329 302 286 269 260 236 229 226 218 211 186 172 163 124 117 115 110 83 63 42 31 26 22 9 4 
284 445 428 423 411 371 355 347 344 324 312 282 277 268 264 258 243 238 206 186 177 175 166 160 154 150 143 123 91 75 40 26 18 7 
379 447 431 424 420 413 412 410 401 397 395 357 346 342 340 314 309 306 288 249 243 211 188 140 130 73 69 66 63 58 53 52 50 20 
425 441 434 433 428 416 408 401 395 373 368 367 366 344 338 334 332 331 322 321 286 279 252 209 199 160 149 115 109 87 57 55 17 14 
75 446 441 433 412 409 407 402 388 330 322 309 298 285 284 268 264 261 218 190 132 131 123 119 70 66 59 53 49 41 39 29 26 17 
107 421 414 408 383 366 365 344 326 325 310 281 278 274 267 266 260 249 240 239 205 198 173 167 148 141 137 126 103 97 96 94 62 5 
39 446 433 430 421 412 409 407 402 388 355 348 330 322 316 305 285 261 218 190 132 131 123 119 75 70 53 49 41 37 29 26 23 17 
213 440 406 403 402 383 380 370 345 329 304 296 291 290 279 264 249 247 229 225 206 168 142 134 122 87 73 69 60 36 32 22 11 1 
79 439 428 418 392 384 363 361 352 345 344 331 322 320 308 300 295 277 276 270 263 243 210 196 180 174 163 148 140 134 132 87 61 41 
143 448 445 427 402 361 354 347 324 284 259 258 250 238 234 206 202 189 186 181 177 170 166 157 154 150 141 123 99 88 77 47 40 7 
145 437 436 430 427 423 403 388 386 381 354 299 264 241 229 197 182 165 156 147 126 125 121 93 88 69 59 58 52 36 17 11 10 4 
261 446 433 420 412 409 402 388 330 327 322 320 302 295 285 218 190 184 168 132 131 123 119 91 75 70 53 50 49 41 39 29 26 17 
445 348 347 341 324 309 302 296 284 258 254 238 219 206 187 186 182 177 166 154 150 143 136 128 123 118 114 61 55 54 40 29 7 0 
353 437 426 415 393 389 385 346 341 337 330 269 232 226 219 211 195 194 184 172 167 148 127 124 117 112 110 100 83 63 31 21 4 
393 426 398 389 385 362 353 341 339 337 330 295 286 282 244 232 228 227 194 184 175 167 160 159 148 134 127 121 100 91 80 27 21 
347 445 433 431 331 324 288 284 269 267 265 258 252 238 206 188 186 177 166 162 154 150 149 143 128 123 106 101 61 40 35 20 7 
422 433 431 429 413 407 398 388 380 364 363 338 316 302 296 254 244 235 220 193 187 161 151 140 128 125 120 111 102 93 74 59 17 
385 438 426 419 399 397 396 393 389 367 358 353 341 337 330 294 232 206 204 203 194 184 167 162 148 140 130 127 114 100 51 26 21 
183 442 390 387 365 348 335 307 281 270 251 249 238 230 217 206 205 204 194 192 187 174 169 153 92 91 64 51 46 35 28 22 21 
350 448 444 392 388 382 362 331 330 303 299 297 291 289 283 280 246 241 235 232 227 215 209 198 191 176 164 120 96 61 43 29 9 
281 421 383 365 348 335 326 310 307 278 267 251 249 240 239 205 198 194 187 183 137 107 97 94 92 91 72 64 47 46 40 28 5 
21 442 426 393 390 389 387 385 353 341 337 330 270 249 238 232 230 206 204 194 184 183 169 167 153 148 127 105 100 51 35 22 
269 433 415 353 347 346 337 267 265 252 238 226 211 206 195 172 162 154 149 128 124 117 110 101 83 63 61 60 35 31 20 4 
5 432 421 396 383 372 365 364 331 327 326 323 310 304 291 281 278 267 249 245 239 225 198 159 137 107 97 94 88 68 61 14 
159 432 398 396 393 372 362 339 331 327 323 304 295 291 286 282 245 244 239 228 227 225 200 175 160 121 91 88 80 68 61 5 
19 442 431 428 403 372 339 334 315 303 300 298 260 245 235 207 204 203 202 178 171 162 160 149 118 113 86 83 80 78 51 16 
45 442 439 424 386 381 359 336 327 321 300 254 244 243 184 163 160 155 148 133 129 125 122 90 87 68 66 52 51 29 7 3 
173 443 438 408 389 370 332 330 326 304 289 264 253 232 199 175 172 169 142 137 132 107 85 71 41 40 34 31 11 7 2 
11 443 440 438 408 406 389 370 330 326 304 253 213 199 175 173 172 169 145 142 137 132 85 71 41 40 34 31 22 20 2 
96 448 439 430 414 412 408 382 366 350 344 330 325 305 274 260 240 205 191 167 164 157 148 126 107 103 87 80 62 48 37 
171 442 431 405 372 339 334 315 305 300 298 245 237 207 204 203 202 187 180 162 160 149 137 118 113 86 83 80 51 19 16 
153 448 442 414 412 405 390 387 287 280 270 260 249 246 238 235 230 206 204 194 183 169 162 139 119 94 51 46 35 22 21 
341 445 426 393 389 385 353 348 337 330 309 302 296 232 219 194 187 184 182 167 148 128 127 118 114 100 61 55 29 21 0 
342 431 420 419 412 410 401 397 379 360 357 346 340 321 314 309 303 249 243 211 130 73 69 66 63 58 53 52 51 50 12 
190 446 433 412 409 402 399 388 330 322 299 285 261 218 132 131 123 119 106 81 75 70 56 53 49 41 39 31 29 26 17 
357 431 420 416 412 410 401 397 379 346 342 340 316 314 309 249 243 211 200 148 130 91 73 69 66 63 58 53 52 50 34 
448 412 405 402 382 361 354 350 330 282 250 246 234 191 189 181 170 169 164 157 153 143 141 139 114 99 96 88 57 47 40 
335 365 348 345 340 308 307 306 293 281 278 252 251 249 205 194 187 183 179 138 124 94 92 91 67 64 61 47 46 28 
336 442 439 424 395 381 359 321 300 295 244 243 163 160 155 148 133 122 102 90 87 70 66 52 51 45 29 7 3 2 
297 444 413 392 388 362 356 350 331 303 299 289 283 280 246 241 235 232 227 215 209 198 176 131 120 106 63 61 43 29 
427 437 430 423 403 388 361 299 264 241 236 197 182 165 156 145 143 126 125 121 118 93 69 59 58 43 36 17 10 4 
443 438 434 409 408 389 370 359 330 326 304 253 199 175 173 172 169 142 137 132 102 85 71 41 40 34 31 11 9 2 
161 433 431 422 407 398 380 377 364 345 338 320 316 302 296 277 254 244 235 193 187 151 140 128 125 120 95 74 59 17 
247 439 418 403 374 356 352 325 320 316 315 307 248 238 213 179 163 136 133 131 113 112 109 105 92 71 44 35 6 1 
446 433 412 409 402 401 388 330 322 285 261 230 218 190 132 131 130 123 119 105 94 75 70 53 49 41 39 29 26 17 
2 443 438 418 408 389 370 336 330 326 304 253 199 175 173 172 169 142 137 136 132 111 85 71 43 41 40 34 31 11 
32 403 402 391 383 380 345 296 291 290 279 264 249 225 213 206 168 166 142 134 87 73 69 60 41 36 23 22 1 
90 442 439 431 424 406 381 359 336 321 300 244 243 163 160 155 148 133 122 99 87 74 66 52 51 45 29 7 3 
409 446 443 433 412 402 388 330 322 285 261 218 190 132 131 123 119 118 75 70 53 50 49 41 39 29 26 25 17 
3 442 439 437 424 381 359 344 336 321 319 300 294 244 243 163 160 155 148 133 122 90 87 66 52 51 45 29 7 
289 444 392 388 362 350 331 305 303 299 297 283 280 255 246 241 235 232 230 227 215 209 198 176 173 120 61 43 29 
202 442 431 372 339 334 315 311 300 298 245 207 204 203 186 171 162 160 149 143 118 113 93 86 83 80 51 19 16 
430 437 427 423 403 388 299 264 241 197 182 165 156 145 139 126 125 121 96 93 69 59 58 39 36 17 14 10 4 
176 444 392 388 367 362 360 350 331 317 303 299 297 289 283 280 246 241 235 232 227 215 209 198 135 120 61 43 29 
157 448 439 434 423 402 361 354 343 286 266 252 250 234 189 181 170 143 141 103 99 96 88 80 62 48 47 40 25 
207 442 431 372 339 334 315 300 298 273 248 245 204 203 202 171 162 160 149 141 118 113 86 83 80 51 19 16 
43 444 427 392 388 362 350 331 303 299 297 289 283 280 246 241 235 232 227 215 209 198 184 176 120 61 29 2 
156 437 430 427 423 403 388 299 265 264 241 197 182 165 147 145 126 125 121 93 69 65 59 58 36 17 10 4 
421 407 383 365 355 348 326 316 310 281 278 267 255 249 239 198 137 130 112 107 97 94 87 62 39 37 12 5 
314 431 420 416 412 410 401 397 379 357 346 342 340 309 249 243 211 200 130 73 69 66 63 58 53 52 50 34 
105 446 439 418 403 374 352 325 320 316 315 307 248 247 179 136 133 113 112 109 92 89 71 44 35 21 6 1 
196 439 428 418 392 363 361 352 344 331 322 308 305 300 276 270 210 180 174 148 140 134 132 87 79 62 41 37 
437 430 427 423 403 388 353 321 299 264 241 197 182 165 156 145 126 125 121 93 69 59 58 36 17 10 4 3 
295 406 398 393 362 339 336 304 286 282 261 244 228 227 215 211 179 175 160 159 121 91 80 79 72 49 13 
351 407 403 398 380 364 321 310 302 286 272 185 184 168 138 131 129 117 115 112 108 74 70 66 60 50 44 
256 444 432 428 399 376 345 313 310 296 291 279 265 240 223 222 197 193 114 111 100 87 77 59 33 30 17 
56 429 415 408 404 388 375 320 315 234 224 211 190 188 172 168 147 141 122 108 97 77 72 47 42 26 24 
6 440 439 418 403 374 352 325 322 320 316 315 307 248 247 179 136 133 113 112 109 105 92 71 44 35 1 
395 447 441 425 424 408 379 368 361 338 336 334 332 331 322 311 306 288 286 279 252 199 179 154 140 115 17 
272 407 403 398 380 364 351 321 302 286 231 184 168 138 131 129 117 115 112 108 74 70 66 63 60 50 44 
85 443 438 408 389 370 369 330 326 304 301 253 199 175 173 172 169 142 137 132 71 41 40 34 31 11 2 
223 444 432 428 399 376 345 313 310 296 291 279 256 240 222 214 193 189 114 111 100 87 77 59 33 30 17 
414 408 387 373 366 344 325 287 280 274 260 246 240 235 230 205 180 167 153 148 126 119 107 103 96 62 46 
283 444 392 388 362 350 331 303 299 297 289 280 246 241 235 232 227 215 209 199 198 176 120 67 61 43 29 
16 442 431 372 339 334 315 300 298 245 232 207 204 203 202 171 162 160 149 118 113 86 83 80 51 19 
99 448 433 402 361 354 333 250 234 231 189 181 170 157 143 141 126 115 108 90 88 47 42 40 15 10 
373 439 433 428 425 414 403 401 389 367 366 344 337 321 160 149 146 119 109 87 82 80 64 57 55 14 
222 444 432 428 399 376 356 345 313 310 296 291 279 256 240 223 193 114 111 100 87 77 59 33 30 17 
332 441 425 416 408 396 395 368 364 355 338 334 331 322 303 286 279 273 252 237 199 173 148 115 91 17 
86 442 431 372 339 334 315 300 298 245 207 204 203 202 171 162 160 149 120 118 113 83 80 51 19 16 
0 445 436 434 366 348 341 316 309 302 296 270 266 241 219 187 182 128 118 114 93 77 61 55 29 
354 448 438 436 402 381 361 313 288 250 234 189 181 170 157 147 145 143 141 120 99 88 52 47 40 
68 432 396 386 372 331 327 323 304 291 245 239 225 209 184 159 129 125 109 102 88 84 61 45 5 
146 439 403 373 368 366 348 344 337 328 325 312 305 237 235 234 226 217 208 182 180 119 89 80 
327 432 396 386 372 331 323 304 291 261 245 239 225 184 159 129 125 88 68 61 45 36 18 5 
147 436 415 408 404 381 375 354 320 234 224 211 188 168 163 156 145 141 88 77 56 52 42 26 
177 445 436 370 347 338 324 322 311 284 279 258 243 238 218 206 186 166 154 150 143 123 40 7 
139 448 447 430 412 407 405 400 377 365 355 329 323 313 306 268 246 245 209 169 153 123 66 36 
419 438 428 399 397 396 385 367 360 358 342 321 303 206 204 203 162 140 130 114 78 51 12 10 
324 445 440 431 397 383 367 347 284 258 238 206 186 177 166 158 154 150 143 123 40 33 13 7 
387 442 414 390 346 280 270 260 249 246 238 230 221 206 204 203 183 169 153 119 51 35 22 21 
447 424 407 400 395 379 377 365 363 355 329 323 313 306 288 268 245 209 206 181 140 139 66 36 
103 439 414 412 408 394 369 366 344 325 274 260 240 205 187 167 157 148 126 107 96 80 62 48 
62 439 421 414 408 366 344 325 274 260 240 205 196 167 157 148 126 107 103 96 80 78 48 
436 434 381 370 366 354 338 322 279 270 245 218 177 147 145 127 102 93 88 77 52 20 0 
250 448 402 361 354 259 241 234 216 191 189 181 170 166 157 143 141 99 88 47 40 34 
46 414 365 348 335 307 287 281 251 249 235 230 205 194 187 183 153 119 92 91 64 28 
329 447 413 407 400 377 365 355 323 313 306 268 245 220 213 209 195 170 139 88 66 36 
20 436 433 411 379 347 269 267 265 254 252 238 206 162 154 149 128 101 61 36 35 11 
449 440 415 410 390 388 333 330 248 217 197 178 162 131 108 94 71 65 64 40 15 1 
411 428 423 371 370 355 344 312 284 282 277 270 268 264 252 227 175 160 91 26 20 
219 445 353 348 341 310 309 302 296 285 235 228 187 182 128 118 114 61 55 29 0 
106 401 397 392 388 377 374 372 361 358 347 322 297 293 290 285 275 190 170 134 104 
188 415 408 404 379 375 347 320 234 224 211 168 147 141 122 77 56 42 26 22 4 
166 445 347 324 284 258 250 238 206 186 177 154 150 143 123 82 57 40 32 25 7 
89 368 366 348 344 328 325 255 248 237 235 234 226 217 208 182 180 155 146 123 105 
181 448 447 402 390 361 354 265 250 234 189 170 157 143 141 99 88 65 47 40 
441 425 408 395 368 338 334 332 331 322 307 286 279 257 252 200 199 115 75 17 
294 412 410 392 385 371 333 301 292 287 233 228 151 128 126 124 92 35 10 3 
258 445 347 324 299 292 284 238 206 192 186 177 166 154 150 143 123 67 40 7 
101 433 347 269 267 265 252 238 217 206 192 167 162 154 149 135 128 61 35 20 
127 436 426 393 389 385 368 353 343 341 337 330 232 194 184 167 148 100 21 18 
271 432 420 359 323 287 280 275 238 237 211 189 187 155 154 122 118 77 66 55 
110 415 369 353 346 337 269 226 211 195 172 169 151 124 117 83 63 44 31 4 
265 433 374 347 269 267 256 252 238 206 181 162 156 154 149 128 101 61 35 20 
312 428 423 411 371 355 344 284 282 277 268 264 246 175 160 146 91 53 28 26 
426 393 389 385 353 341 337 330 292 267 232 194 192 184 167 148 127 100 21 
208 368 366 348 344 328 325 237 235 234 226 217 182 180 174 146 92 89 49 
224 415 408 404 390 375 320 234 211 188 168 147 141 77 58 56 42 40 26 
178 449 410 390 388 330 248 217 197 162 131 108 94 71 69 64 37 19 1 
375 434 415 408 404 320 234 224 211 188 168 147 141 116 91 77 56 42 26 
318 408 381 377 367 363 344 277 276 215 210 174 136 129 120 97 34 27 9 
67 345 340 335 333 308 306 293 283 278 258 252 251 179 138 124 94 61 47 
400 447 434 407 377 365 355 334 329 323 313 306 268 245 209 139 116 66 36 
57 448 433 428 425 401 373 367 366 344 321 166 160 149 109 87 55 41 14 
150 445 384 347 324 284 258 238 206 186 177 166 154 143 141 123 91 40 7 
28 365 348 335 312 307 281 251 249 212 205 194 187 183 92 91 64 46 
186 445 347 324 284 258 238 206 202 195 177 166 154 150 143 123 40 7 
404 415 408 375 345 320 234 224 211 188 168 147 141 77 63 56 42 26 
328 368 366 348 344 325 319 237 235 234 226 217 208 182 180 146 137 89 
262 396 371 348 338 282 277 275 254 253 228 218 120 91 61 30 14 9 
287 414 371 294 271 246 235 230 153 128 126 119 92 78 53 46 35 
104 401 392 388 377 374 361 358 322 293 290 285 275 170 134 106 38 
274 414 408 366 344 325 290 260 240 205 167 148 126 107 103 96 62 
333 449 392 294 292 267 231 228 151 126 124 99 67 49 42 40 10 
434 443 436 425 400 375 366 343 286 270 266 252 157 93 77 25 0 
429 422 413 388 315 288 270 245 220 163 111 108 102 93 72 56 24 
233 417 412 410 399 378 376 301 294 292 285 128 112 94 92 24 
13 440 431 406 397 367 324 295 229 215 204 179 129 72 49 33 
440 449 431 406 397 370 367 349 324 304 213 33 22 13 11 6 
24 438 429 388 381 340 315 290 254 233 172 108 72 56 8 
72 438 429 406 388 315 295 281 215 179 108 56 49 24 13 
360 419 342 321 319 303 194 176 151 126 94 76 51 12 
288 447 429 424 395 379 354 347 306 140 122 29 4 
292 426 412 410 333 308 301 294 258 233 201 128 76 
229 368 334 220 213 195 145 120 113 111 95 27 13 
386 352 327 302 277 270 184 170 145 129 125 68 45 
200 441 416 391 366 359 357 314 259 159 130 73 34 
37 421 407 355 348 316 278 203 196 178 96 39 
384 345 343 277 263 243 218 175 150 79 61 18 
343 434 384 359 352 286 266 252 157 127 27 25 
102 443 436 429 422 413 336 220 211 111 93 68 
416 432 425 382 357 332 314 300 200 130 73 34 
301 412 410 367 294 292 267 233 217 210 128 85 
413 429 422 397 379 329 297 220 111 102 93 
27 393 368 361 343 334 318 229 120 113 111 
305 289 264 221 196 171 164 146 96 64 39 
164 448 405 382 350 330 323 305 191 98 96 
382 448 423 416 350 330 316 191 164 96 23 
405 448 412 246 239 221 171 169 164 153 139 
8 406 367 242 215 142 51 49 47 24 17 
81 433 415 376 310 190 124 65 47 17 
231 333 322 272 140 126 99 42 40 10 
378 417 376 285 233 212 169 112 94 12 
25 434 409 343 286 266 252 216 166 157 
216 323 307 257 250 205 189 125 121 25 
220 429 422 413 329 229 136 111 102 93 
266 434 343 286 252 157 125 107 25 0 
12 421 419 378 360 342 321 303 51 
78 444 419 412 394 287 69 62 19 
191 448 382 350 330 250 164 125 96 
18 384 359 352 334 327 309 284 127 
417 401 378 376 285 276 233 112 94 
263 384 345 277 243 129 79 61 22 
435 394 326 251 226 201 194 169 
65 449 424 199 181 156 131 81 
116 400 375 282 275 232 175 50 
48 439 389 157 103 96 80 62 
23 439 382 257 64 39 32 14 
319 428 360 328 310 203 3 
255 421 346 321 289 89 64 
82 373 348 298 273 166 41 
257 441 216 123 91 73 23 
95 254 236 229 161 136 4 
214 323 223 205 180 155 98 
391 432 407 300 200 32 7 
201 435 292 267 242 235 217 
394 435 203 103 78 10 
76 360 292 267 260 242 
369 203 135 110 103 85 
311 395 202 177 170 70 
54 445 370 345 320 163 
242 326 201 76 33 8 
15 449 381 331 306 99 
236 427 402 195 95 52 
349 440 415 390 383 33 
185 401 351 344 244 144 
317 401 176 158 133 108 
135 369 176 144 126 101 
144 278 253 185 160 135 
273 439 339 332 207 82 
259 250 225 200 143 
192 426 258 183 101 
158 324 317 299 
152 293 268 211 
356 297 247 222 
221 405 387 305 
98 239 214 164 
84 193 68 50 
212 378 28 
38 104 47 

