0 444 443 439 438 388 387 378 367 366 333 329 323 297 292 282 277 276 219 218 214 202 198 186 182 163 153 108 104 102 97 96 48 43 17 12 7 6 
1 444 410 409 405 397 389 384 379 373 353 334 319 307 295 290 269 264 217 214 208 185 180 164 139 138 127 109 108 98 93 83 70 65 63 49 44 39 38 37 18 13 8 
2 449 445 440 434 428 395 389 385 371 366 338 330 299 294 261 256 248 235 234 204 199 158 155 150 146 141 118 110 105 68 58 50 40 36 31 29 24 23 19 14 9 
3 447 446 442 425 412 401 391 390 385 370 369 337 332 331 326 321 300 292 290 282 280 279 276 246 231 226 222 221 205 195 190 189 160 131 125 120 115 112 110 107 106 101 100 99 51 46 37 20 10 9 
4 447 413 408 400 397 396 392 387 386 377 310 298 291 281 262 226 220 217 212 211 188 183 147 130 111 101 87 73 40 26 22 
5 448 438 431 393 392 383 378 374 367 341 338 328 323 307 303 297 292 273 268 264 259 251 223 218 202 178 161 153 149 138 117 112 108 107 103 97 71 39 37 34 32 22 17 7 
6 443 398 394 389 388 384 383 378 372 340 338 335 334 333 329 308 288 282 279 274 264 238 228 225 224 219 214 208 192 183 154 148 128 118 115 110 108 102 99 68 54 49 43 33 23 12 0 
7 435 416 411 403 384 358 335 330 329 315 313 309 301 294 280 275 264 223 220 218 209 191 186 168 133 115 114 110 98 79 76 55 45 43 39 34 5 0 
8 446 434 427 400 396 395 391 381 380 377 350 344 306 305 290 282 267 266 262 254 252 231 226 166 164 161 152 115 101 87 74 56 51 46 42 40 37 25 17 1 
9 447 437 412 396 392 391 382 381 375 343 342 338 322 311 301 296 291 287 285 282 228 227 222 217 211 206 195 172 171 167 132 131 126 122 121 118 113 107 105 102 47 40 36 26 16 15 3 2 
10 448 447 438 419 414 407 406 397 387 341 338 323 316 304 302 273 252 251 242 228 226 217 207 194 189 161 158 136 117 112 108 103 79 71 58 48 46 37 33 32 3 
11 437 408 403 398 393 388 385 384 380 372 347 334 313 308 303 279 270 265 257 229 228 223 214 213 208 203 192 169 167 160 159 155 148 138 123 102 79 77 45 40 12 
12 440 403 399 394 384 378 349 346 340 338 335 330 314 313 309 308 294 288 285 275 274 236 231 225 224 223 219 215 214 183 153 129 121 116 110 108 105 90 55 53 50 43 39 34 18 11 6 0 
13 446 434 422 421 417 410 409 405 400 387 380 344 342 341 331 320 319 315 312 310 307 281 254 251 229 221 216 210 197 164 161 140 139 120 111 87 82 74 62 56 51 49 46 45 30 1 
14 447 440 437 432 411 406 397 388 383 377 375 372 337 322 321 316 306 302 285 273 267 227 226 216 201 195 170 167 163 158 141 131 126 116 112 80 57 51 48 16 15 2 
15 448 412 406 402 397 393 392 381 349 343 316 313 312 307 302 291 283 278 239 234 232 227 226 222 218 217 212 168 163 136 132 127 124 122 118 108 98 58 53 48 47 46 37 32 21 14 9 
16 449 444 437 425 384 353 347 344 334 328 323 315 313 310 303 284 283 274 264 257 232 229 228 224 223 214 213 208 200 188 167 164 143 142 138 133 128 123 90 85 77 59 54 52 49 48 43 33 24 14 9 
17 443 434 404 400 391 386 378 374 340 330 324 288 285 280 276 275 269 263 239 225 220 214 210 198 168 166 161 144 134 129 115 108 83 80 79 51 39 28 18 8 5 0 
18 427 409 401 395 382 380 352 341 330 325 319 310 305 294 286 281 242 240 237 235 229 226 225 196 176 150 145 140 139 127 116 96 61 57 49 45 41 17 12 1 
19 440 428 406 402 397 372 352 350 342 337 331 321 318 316 313 311 297 287 282 260 242 236 232 231 227 221 216 203 202 201 170 152 151 146 141 137 136 131 117 93 92 80 62 61 56 52 51 47 46 32 2 
20 417 412 403 402 398 394 389 381 343 333 308 302 292 291 284 279 278 233 232 223 222 201 187 178 169 164 137 111 62 58 54 47 42 21 3 
21 449 412 404 355 344 343 339 334 333 322 308 303 289 284 279 245 240 234 232 224 203 148 142 135 130 124 93 58 52 20 15 
22 443 438 436 431 414 409 400 395 353 339 329 324 321 316 314 305 285 265 264 263 239 235 234 230 229 225 220 211 206 193 178 173 170 144 139 134 120 115 96 91 90 83 65 64 59 54 49 29 5 4 
23 446 420 415 410 405 401 397 384 361 341 336 335 325 315 296 294 287 282 256 242 235 231 230 226 204 172 166 145 136 116 114 82 71 66 65 62 57 56 55 50 45 27 25 24 6 2 
24 426 417 416 415 411 402 397 392 358 337 336 327 326 325 277 262 248 247 246 242 235 232 227 167 156 151 145 138 136 133 122 82 67 61 56 55 52 46 31 27 23 16 2 
25 448 446 439 434 427 408 407 402 356 343 338 337 324 318 293 283 278 266 233 214 209 178 176 173 168 157 152 147 137 118 113 99 86 82 68 62 58 52 27 23 8 
26 433 404 400 399 398 394 387 378 349 344 328 313 297 294 290 285 284 278 254 248 234 233 229 228 213 207 194 188 178 175 169 158 154 153 148 124 119 117 114 103 68 65 64 60 59 58 54 53 27 9 4 
27 434 419 418 414 405 400 395 384 366 361 334 328 324 294 280 251 249 248 238 235 234 213 189 188 180 175 170 159 154 149 148 141 136 125 115 114 113 109 93 65 64 60 59 58 55 26 25 24 23 
28 449 442 437 415 359 346 341 340 336 332 327 281 276 270 269 245 232 231 221 217 212 201 191 179 171 165 155 131 116 102 97 89 75 66 65 47 17 
29 437 431 426 422 407 403 397 390 347 346 336 332 331 307 300 293 292 288 282 251 241 237 236 231 227 226 210 192 182 178 177 167 156 146 120 116 71 68 66 63 62 61 51 42 30 22 2 
30 448 437 432 422 421 417 403 369 364 353 347 342 337 332 331 283 254 247 241 232 228 197 183 178 173 167 163 157 153 151 147 144 139 123 77 72 63 62 61 58 57 37 34 33 29 13 
31 445 440 428 418 409 404 399 362 349 344 343 339 338 335 330 284 272 253 248 239 238 234 220 215 182 174 168 158 148 124 114 108 105 98 92 73 69 59 58 48 24 2 
32 449 444 433 406 393 355 350 349 345 340 329 314 308 304 303 296 295 291 259 249 235 230 213 200 186 185 181 180 169 164 159 154 149 148 143 123 74 71 70 69 66 65 64 60 33 19 15 10 5 
33 440 435 425 424 416 401 372 352 350 347 345 341 340 335 334 306 291 286 257 244 240 237 192 186 160 154 150 147 142 126 122 116 71 65 64 61 60 56 37 32 30 16 10 6 
34 448 446 441 436 431 426 402 390 377 365 351 347 341 338 333 331 307 300 291 275 251 246 242 237 223 210 202 185 182 166 156 152 126 117 113 108 97 95 86 76 72 71 67 62 42 30 12 7 5 
35 437 432 422 421 414 409 396 352 348 347 342 318 306 299 288 267 262 257 243 241 216 189 184 183 178 172 167 151 126 74 72 68 67 63 61 36 
36 433 428 427 423 409 378 375 374 362 337 314 272 265 263 260 258 247 243 239 229 199 182 174 173 163 158 157 150 129 124 118 114 108 92 69 67 40 35 9 2 
37 444 429 393 379 374 368 360 355 354 350 341 336 328 303 298 295 278 273 269 259 254 253 250 240 239 230 226 213 200 189 188 179 164 123 116 111 98 94 79 70 65 33 30 15 10 8 5 3 1 
38 445 440 424 417 412 411 406 405 399 372 355 350 345 334 309 307 302 291 280 260 255 250 244 241 236 231 222 221 219 216 192 187 181 175 170 165 161 154 129 116 90 86 85 77 76 75 71 70 64 62 46 39 1 
39 436 430 416 402 378 365 361 357 352 351 275 271 268 266 263 257 250 242 231 185 182 177 176 166 160 153 146 127 95 91 86 70 62 43 38 17 12 7 5 1 
40 442 437 413 408 396 371 362 358 357 353 348 347 344 342 317 306 298 293 281 262 258 252 233 229 216 191 172 126 119 118 114 101 92 87 68 36 11 9 8 4 2 
41 438 427 424 420 419 415 414 409 404 373 358 354 353 343 337 318 312 310 305 289 273 263 258 253 247 244 239 229 222 218 203 195 190 183 173 163 157 148 85 83 80 79 73 67 64 63 42 18 
42 435 433 424 410 405 403 399 389 386 381 368 364 360 355 354 350 345 343 300 295 290 278 274 271 266 264 254 244 235 190 188 180 179 161 156 154 148 135 99 98 89 84 80 79 73 70 68 46 41 34 29 20 8 
43 445 440 416 415 411 399 395 367 355 351 347 346 309 301 265 257 255 246 241 232 219 186 131 129 126 122 121 102 95 85 80 75 39 16 12 7 6 0 
44 441 430 423 356 352 340 313 308 302 276 266 261 250 242 237 198 191 186 177 171 160 122 107 97 88 83 76 70 67 1 
45 447 413 403 389 384 371 368 367 358 357 352 348 308 298 281 274 262 243 242 238 203 192 191 188 172 167 164 159 137 133 101 97 78 73 49 23 18 13 11 7 
46 448 443 433 404 402 354 350 313 312 294 268 244 240 235 234 228 222 219 193 189 188 184 178 132 129 125 124 108 98 83 58 42 38 24 19 15 13 10 8 3 
47 449 444 433 426 410 409 374 360 355 350 343 329 328 318 316 311 305 279 269 264 253 250 245 240 214 201 185 180 179 163 149 130 103 94 91 86 84 73 59 28 20 19 15 9 
48 445 427 406 392 387 376 374 366 365 361 360 356 322 321 317 316 315 301 296 285 284 280 277 246 236 227 210 196 195 194 190 186 185 181 180 176 175 167 162 126 122 112 104 95 92 90 86 85 76 57 52 31 16 15 14 10 0 
49 446 437 422 412 405 397 382 361 357 356 353 352 315 307 302 297 286 281 266 252 243 242 238 237 225 207 196 137 136 135 128 101 96 82 45 22 18 16 13 6 1 
50 447 437 436 434 429 428 423 413 362 358 346 319 314 308 298 277 267 256 243 204 197 193 192 188 182 166 128 107 97 94 89 87 76 23 12 2 
51 443 434 409 395 394 390 383 378 377 363 358 353 348 299 294 288 287 285 280 249 239 199 197 193 189 188 170 168 165 159 153 149 129 113 107 103 93 79 74 60 55 29 19 17 14 13 8 3 
52 439 415 409 408 379 360 358 356 355 344 318 305 289 284 280 268 246 240 228 219 199 194 193 190 185 168 138 136 131 130 109 94 93 85 80 69 48 25 24 21 19 16 
53 439 437 432 416 411 406 382 375 349 342 322 321 317 301 296 280 271 270 259 246 241 221 212 207 205 200 196 195 182 180 170 169 146 121 105 101 100 97 95 81 79 76 26 15 12 
54 398 381 380 376 362 357 347 326 321 316 307 302 297 290 288 283 276 212 200 196 192 191 187 181 173 167 162 137 121 112 110 101 96 91 86 63 58 26 22 20 16 6 
55 433 411 387 382 364 359 358 347 321 313 308 303 302 277 273 267 253 249 231 193 188 157 141 139 138 134 133 128 112 78 73 51 27 24 23 12 7 
56 442 440 435 424 404 378 368 352 344 325 314 309 304 299 293 264 262 249 248 215 210 208 203 198 178 172 139 129 113 103 100 93 84 82 78 59 33 24 23 19 13 8 
57 425 410 401 383 374 365 360 355 353 319 314 310 293 291 286 279 229 224 203 200 195 194 189 176 140 113 100 83 80 66 61 48 30 23 18 14 
58 441 416 414 385 381 375 367 366 362 324 312 311 295 277 271 252 251 247 234 222 210 205 177 151 144 142 141 137 136 120 117 115 110 105 100 86 76 71 54 46 31 30 27 26 25 21 20 15 10 2 
59 445 443 438 431 427 422 386 382 380 376 371 367 357 355 328 306 302 296 265 257 252 247 218 216 213 211 201 197 187 175 142 137 121 110 106 103 102 85 82 76 72 56 47 31 27 26 22 16 
60 423 418 413 404 392 387 386 382 377 372 363 358 313 307 302 296 294 292 289 287 282 278 231 206 203 202 198 197 193 188 184 179 116 112 107 93 88 69 64 51 33 32 27 26 
61 443 442 429 419 417 414 409 370 364 353 352 327 314 308 288 262 260 255 249 237 209 208 199 198 194 193 188 183 163 147 145 144 140 139 133 89 84 82 57 35 33 30 29 24 19 18 
62 448 446 441 425 394 389 383 379 374 370 364 358 340 336 331 319 315 293 285 284 269 268 260 255 250 249 221 216 203 200 199 188 185 178 145 140 135 129 124 114 113 111 106 90 88 65 39 38 34 30 29 25 23 20 19 13 
63 436 432 426 422 421 414 412 410 407 400 390 389 380 324 310 306 305 300 299 297 290 256 246 234 222 216 209 205 202 200 196 195 191 182 160 144 119 72 54 41 35 30 29 1 
64 445 431 422 420 401 391 373 367 355 330 311 306 301 291 287 265 263 258 240 221 175 167 150 148 147 142 126 111 92 87 85 60 41 38 33 32 27 26 22 
65 449 428 418 402 397 392 386 383 373 367 362 361 339 334 318 308 307 296 282 271 263 248 224 212 206 202 193 167 162 148 143 138 116 114 109 93 83 62 37 33 32 28 27 26 23 22 1 
66 429 415 410 403 393 392 388 374 369 364 349 343 327 314 313 304 303 300 283 259 249 237 223 213 212 204 194 190 188 185 158 149 147 144 123 122 108 94 83 79 78 75 74 57 32 29 28 23 
67 448 420 409 404 376 375 358 333 320 305 304 299 268 266 261 255 248 243 224 219 214 200 178 159 151 150 145 135 134 124 119 114 95 90 88 83 69 44 41 36 35 34 24 
68 405 400 396 395 390 389 385 381 361 357 342 337 316 311 306 305 301 300 299 297 290 282 256 231 227 225 220 216 209 196 192 156 151 141 135 132 130 125 119 117 97 42 40 35 29 26 25 6 2 
69 420 418 413 401 396 391 382 377 330 327 306 303 272 262 252 240 216 206 193 188 150 136 92 87 78 72 67 60 52 36 32 31 
70 433 418 402 392 379 378 361 322 318 313 307 271 269 264 253 242 232 227 198 193 181 159 154 148 143 138 133 122 93 91 83 44 42 39 38 37 32 1 
71 448 438 429 423 408 392 364 348 345 318 314 308 303 302 259 254 235 230 228 213 212 209 204 199 188 173 149 144 138 129 123 122 120 115 99 94 84 58 38 34 33 32 29 23 10 5 
72 423 421 420 416 415 409 394 333 324 319 314 311 309 306 289 265 243 230 229 219 213 209 196 191 155 153 150 134 129 95 86 81 69 63 59 35 34 30 
73 436 431 426 421 415 405 400 395 387 382 381 365 364 360 325 305 281 274 272 267 266 261 251 235 230 215 202 196 184 172 162 157 137 96 94 91 55 47 45 42 41 31 4 
74 437 416 406 401 395 372 367 348 312 305 302 282 262 238 233 231 215 212 125 123 116 66 51 35 32 13 8 
75 443 426 424 423 412 397 368 336 317 314 313 312 309 307 302 263 247 246 237 227 223 222 203 199 198 183 177 156 153 152 148 142 132 122 113 98 93 89 88 84 78 77 66 43 38 28 
76 429 424 418 408 398 390 385 379 374 369 367 328 324 318 313 309 277 275 264 259 258 254 239 218 204 199 187 165 163 160 154 144 123 113 98 97 94 89 59 58 53 50 48 44 38 34 7 
77 425 398 380 375 370 351 329 315 310 309 308 304 275 264 254 250 241 236 234 218 210 154 149 128 126 95 75 38 30 16 11 
78 445 436 429 427 426 415 410 392 376 339 332 331 325 321 317 312 261 249 235 230 225 211 206 202 159 145 137 92 91 87 82 75 69 66 56 55 45 
79 421 411 393 388 382 377 372 370 342 336 322 321 317 280 278 262 231 221 206 190 187 182 168 163 157 151 147 146 102 101 100 97 92 87 66 53 51 42 41 37 17 11 10 7 
80 433 428 417 412 401 398 383 378 373 354 347 332 328 322 318 311 307 273 263 258 247 244 242 239 232 221 152 148 137 134 133 131 129 57 52 43 42 41 19 17 14 
81 443 439 435 434 432 430 429 418 408 388 384 383 374 369 342 338 329 323 320 318 315 279 264 259 252 248 233 228 214 210 209 205 204 199 162 159 149 144 104 95 94 90 72 53 
82 440 424 409 396 380 379 373 339 325 324 320 304 286 283 281 270 260 249 244 239 219 193 171 166 160 155 154 109 105 103 100 90 89 78 61 59 56 49 25 24 23 13 
83 441 430 425 420 410 404 402 386 381 376 362 357 341 340 330 326 325 321 320 314 307 301 285 266 261 260 250 247 242 235 230 224 206 186 151 150 137 134 132 122 106 96 91 70 67 66 65 57 46 44 41 22 17 1 
84 447 442 438 437 436 435 433 431 427 426 421 387 372 370 351 345 327 326 323 322 302 286 261 255 251 246 241 236 231 213 208 207 190 165 157 152 147 117 112 98 97 75 71 61 56 47 42 
85 443 438 422 417 401 399 387 376 347 343 337 332 328 327 323 318 311 289 286 284 257 252 247 242 228 221 218 213 208 203 196 174 163 158 157 148 142 137 112 106 103 98 93 92 64 59 52 48 43 41 38 16 
86 439 434 433 432 423 407 379 374 373 368 365 360 348 342 333 329 328 324 323 317 283 278 274 269 268 253 250 238 229 227 219 164 162 154 140 137 135 104 99 94 93 72 58 54 48 47 39 38 34 25 
87 445 441 440 438 436 430 429 424 384 380 379 374 373 363 348 344 330 326 325 320 319 318 310 303 294 283 258 254 244 220 216 215 211 205 193 169 168 164 160 159 154 103 101 95 79 78 69 64 50 40 13 8 4 
88 445 441 437 435 430 420 404 402 379 376 370 351 340 335 331 314 307 292 289 287 285 261 245 236 224 216 211 206 200 199 177 156 155 150 134 116 109 106 90 75 67 62 60 44 
89 447 442 441 436 435 421 382 368 363 345 341 336 331 320 312 272 267 261 255 253 217 212 177 171 165 162 156 143 140 116 107 97 82 76 75 61 50 42 28 
90 444 443 441 439 437 432 427 388 383 378 376 351 334 329 328 318 303 286 273 268 261 257 252 219 214 208 196 172 171 158 109 108 106 104 98 88 82 81 67 62 48 38 22 16 12 
91 433 410 407 405 384 382 343 333 324 317 298 295 290 274 269 264 258 253 244 243 227 219 214 202 193 185 180 173 159 143 137 133 124 112 109 99 94 83 78 73 70 54 47 39 22 
92 449 445 440 438 435 419 413 409 371 370 366 348 335 320 304 284 280 261 258 256 254 244 240 239 215 174 168 146 141 105 103 100 98 95 85 79 78 69 64 48 40 36 31 19 
93 447 446 442 430 425 407 386 379 372 361 360 355 340 337 332 331 326 325 300 291 290 289 271 265 264 261 255 250 246 245 237 231 222 216 199 177 175 174 170 156 155 142 116 109 107 106 101 86 85 75 70 65 60 56 52 51 27 21 19 1 
94 447 446 441 437 432 431 413 410 408 392 387 382 351 347 346 341 320 298 277 271 246 230 217 202 197 188 183 176 171 166 162 147 142 140 97 91 86 81 76 73 71 66 52 50 47 37 
95 447 443 441 438 437 393 392 383 374 372 357 353 351 273 272 267 264 261 259 257 252 247 218 213 177 171 168 167 157 149 108 98 97 92 87 81 77 72 67 53 48 43 39 34 
96 448 444 443 433 382 364 358 353 348 340 335 329 324 292 273 269 263 258 254 253 248 225 224 202 178 173 168 154 138 115 112 110 104 83 73 54 49 22 18 0 
97 449 444 443 435 434 419 416 413 411 355 349 344 339 335 334 323 301 275 274 269 264 259 249 233 220 204 191 186 179 174 160 159 155 143 119 113 100 95 94 89 84 79 76 68 53 50 45 44 34 28 5 0 
98 445 444 441 440 435 430 396 391 387 381 377 355 354 350 345 336 330 326 301 275 270 267 264 262 261 251 246 236 226 222 192 180 174 170 161 157 152 121 95 92 90 85 84 76 75 46 42 37 31 15 7 1 
99 446 442 392 385 377 366 362 361 343 338 337 295 276 272 271 266 261 256 228 222 217 205 171 167 166 157 137 118 115 113 102 91 86 71 42 25 6 3 
100 443 437 422 419 416 414 383 368 367 352 347 338 328 326 309 304 283 277 262 258 257 236 194 189 182 172 167 146 118 113 103 97 92 82 79 58 57 56 53 3 
101 449 448 447 439 394 389 385 384 380 368 363 357 353 339 299 274 273 270 269 267 243 224 214 193 178 177 168 164 160 155 109 104 93 87 79 54 53 49 45 40 8 4 3 
102 445 440 438 414 399 398 388 385 379 346 341 340 298 295 280 264 239 236 231 220 215 213 208 194 189 184 170 169 160 154 148 121 119 118 110 105 99 79 59 43 28 11 9 6 0 
103 446 426 422 419 411 386 370 360 355 341 329 327 312 307 297 285 281 276 271 260 251 241 239 212 201 200 197 192 185 176 175 171 149 146 106 105 100 92 87 85 82 59 56 51 47 26 10 5 
104 427 388 387 383 381 376 371 366 360 356 322 317 312 311 286 276 273 271 270 266 227 222 202 181 180 176 167 163 162 158 122 107 106 101 96 90 86 81 48 0 
105 448 447 443 418 391 367 362 357 349 343 333 308 301 287 283 277 272 253 239 234 218 211 192 168 138 124 121 113 108 103 102 92 82 58 53 31 12 9 2 
106 444 443 425 422 394 368 339 332 328 315 288 284 273 242 224 200 198 193 174 152 109 104 103 93 90 88 85 83 62 59 3 
107 445 393 391 386 385 363 355 340 289 276 275 274 273 259 204 199 198 194 183 170 166 165 161 153 149 129 115 109 104 93 89 60 51 50 44 9 5 3 
108 446 402 394 375 367 365 360 352 341 331 327 304 290 285 270 242 240 237 221 214 190 186 176 171 161 127 124 111 110 105 95 90 66 46 36 34 31 17 15 12 10 6 5 1 0 
109 428 425 402 386 371 362 361 360 335 318 313 291 286 282 281 276 270 252 245 237 227 222 203 201 196 191 180 177 172 167 155 122 111 107 106 101 93 91 90 88 82 65 52 27 1 
110 448 427 403 398 394 391 389 387 372 366 347 343 338 301 292 284 282 279 277 276 272 242 228 218 187 186 178 173 169 168 164 163 121 118 113 112 108 102 96 59 58 54 12 7 6 3 2 
111 403 399 397 389 378 355 344 334 332 323 307 274 263 245 242 240 233 217 193 183 174 148 135 130 127 114 113 109 108 64 62 37 20 13 4 
112 436 431 428 404 400 374 370 364 363 340 338 321 316 304 294 290 285 284 280 273 248 235 225 206 204 199 189 185 183 175 170 165 158 120 110 96 91 85 84 60 55 54 48 14 10 5 3 
113 401 397 394 391 390 385 370 369 362 360 351 350 341 336 330 304 290 287 282 280 279 275 261 256 240 230 226 221 214 205 200 195 189 182 176 172 171 167 157 141 124 121 116 111 110 105 100 99 97 76 75 62 57 56 51 34 27 25 9 
114 425 400 397 386 376 371 363 358 342 335 310 301 296 282 248 245 243 222 220 206 201 196 187 177 162 138 137 133 130 122 117 111 67 65 62 40 36 31 27 26 23 7 
115 448 439 434 431 403 397 392 382 377 372 366 358 343 341 338 324 318 297 293 287 283 276 251 238 233 214 212 209 207 192 186 178 173 168 161 123 117 107 99 96 71 58 27 22 17 8 7 6 3 
116 449 448 400 399 397 394 383 372 349 307 293 290 289 285 282 229 224 217 213 203 199 179 175 127 123 113 93 89 88 74 65 60 38 37 33 29 28 23 18 14 12 
117 428 408 399 398 395 389 378 366 361 345 338 335 334 324 313 304 294 290 289 285 280 278 258 251 248 245 240 234 223 209 208 194 184 180 175 169 158 141 136 125 115 114 84 68 58 34 26 19 10 5 
118 442 437 430 411 396 395 390 385 369 346 327 295 291 279 260 236 231 217 212 195 189 176 171 170 126 125 121 110 102 100 99 40 36 25 15 9 6 2 
119 403 400 397 396 386 357 352 342 310 306 301 297 293 292 288 287 232 220 216 178 177 161 130 121 102 97 68 67 63 40 26 
120 448 431 413 398 397 392 387 382 369 364 358 348 341 292 288 287 283 254 251 228 212 207 197 192 183 178 173 161 144 139 123 112 71 58 29 22 13 3 
121 445 440 438 409 404 399 398 393 383 372 349 330 323 314 313 308 298 294 282 239 220 218 215 213 192 184 174 119 118 113 110 105 102 98 59 54 53 43 12 9 
122 434 411 410 406 403 399 395 359 355 348 340 318 313 309 296 295 291 289 285 235 230 224 223 209 186 181 180 170 154 138 133 114 109 104 83 75 71 70 66 48 44 43 33 24 15 9 
123 437 434 411 406 405 392 390 372 367 351 346 344 315 310 295 271 262 257 254 251 236 210 207 205 200 185 181 176 165 164 161 147 142 132 130 120 116 115 76 74 71 66 37 32 30 16 11 
124 448 412 407 402 391 375 338 333 316 306 297 296 287 285 252 242 232 226 223 222 218 212 211 195 191 187 113 108 105 91 67 62 46 36 31 26 21 15 
125 414 409 408 406 398 397 343 327 323 317 316 312 302 299 293 252 243 238 233 228 227 226 212 207 192 189 184 183 173 136 128 127 118 117 74 68 46 27 3 
126 437 404 399 375 373 349 347 299 294 265 263 260 257 244 228 223 179 167 150 138 133 128 118 77 64 48 43 40 35 34 33 14 9 
127 424 393 378 350 349 345 341 336 325 300 288 263 240 235 229 226 214 210 198 185 180 144 139 134 125 116 111 108 39 18 15 1 
128 447 446 436 425 422 417 412 409 406 395 356 325 320 319 310 302 286 241 229 212 210 192 190 187 176 140 139 135 131 130 126 125 77 55 50 49 16 6 
129 440 416 412 401 387 378 367 352 350 347 346 322 321 316 306 302 301 292 287 268 263 260 242 237 236 222 221 216 211 182 177 170 153 146 141 132 131 107 80 72 71 62 56 51 46 43 38 36 17 12 
130 417 397 381 353 348 344 339 327 317 303 293 291 262 258 257 248 238 233 229 227 222 201 188 147 128 123 119 114 111 68 52 47 21 4 
131 420 419 415 412 409 398 393 383 359 349 344 343 329 328 322 313 310 305 299 298 294 253 248 244 239 233 232 218 213 195 190 184 164 148 142 138 133 129 128 80 52 43 28 19 14 9 3 
132 443 433 419 414 405 404 399 389 386 381 369 355 354 353 350 329 324 319 313 309 300 295 290 279 271 270 266 263 259 240 180 173 164 161 156 144 135 129 123 83 75 68 46 15 9 
133 430 415 411 405 384 351 347 330 327 315 296 294 285 281 277 262 246 237 232 227 205 204 181 167 145 135 131 126 122 114 91 80 70 61 55 45 24 16 7 
134 423 417 416 415 412 406 402 362 356 352 350 347 325 321 316 313 308 292 235 226 221 206 198 193 187 156 151 146 145 137 127 88 83 80 72 67 55 22 17 
135 446 422 412 408 407 402 389 384 381 358 356 347 332 323 322 317 312 293 291 274 266 258 248 242 238 227 201 183 178 176 164 159 147 137 133 132 128 111 86 68 67 62 49 42 21 
136 419 418 414 413 412 409 408 404 387 350 349 323 322 297 249 244 243 240 239 235 233 232 218 207 194 193 184 179 168 159 158 153 142 125 117 69 58 52 49 27 24 23 19 15 10 
137 443 430 426 418 415 404 403 394 364 353 343 328 318 316 311 308 305 300 299 295 269 264 263 253 250 249 245 240 239 238 235 229 201 185 173 154 148 138 135 134 114 99 91 86 85 83 80 78 73 59 58 54 49 45 25 20 19 
138 449 430 426 425 421 415 412 406 392 387 384 372 361 359 356 351 340 320 315 307 305 301 294 277 269 257 250 245 240 235 227 205 204 201 180 179 167 162 160 156 150 145 140 137 131 126 122 114 105 96 71 70 65 55 52 24 16 11 5 1 
139 431 426 421 415 411 390 387 353 342 336 325 312 307 302 300 251 247 246 243 238 236 235 231 210 206 167 156 146 145 128 127 120 61 56 55 30 22 18 13 1 
140 446 432 429 427 422 421 418 412 408 387 363 356 353 331 322 319 314 266 248 247 243 241 238 204 188 176 151 147 138 128 94 89 86 62 61 57 18 13 
141 444 433 428 414 409 408 395 390 387 378 328 304 299 297 285 283 280 272 249 243 233 223 207 199 194 189 188 184 182 170 165 148 129 117 113 92 68 58 55 27 19 14 2 
142 434 424 420 419 418 410 404 393 361 356 355 329 328 324 305 300 298 289 254 250 249 248 246 245 240 239 238 213 204 203 199 195 185 184 148 136 131 123 94 93 85 75 64 59 58 33 21 16 
143 449 446 437 435 432 421 411 407 366 362 361 359 340 335 330 325 322 301 296 295 269 256 251 250 246 240 212 207 201 200 196 186 179 160 145 97 91 89 70 65 32 16 
144 437 436 417 398 390 362 357 337 327 326 302 300 288 283 271 251 247 246 241 236 210 202 197 192 173 156 151 132 127 120 81 76 71 66 63 61 58 30 22 17 
145 437 432 427 423 421 417 413 408 364 359 347 337 332 331 327 308 303 253 249 248 247 243 241 193 188 167 157 152 151 143 139 138 134 133 78 67 62 61 24 23 18 
146 440 435 433 423 419 418 414 408 364 362 353 338 328 325 304 299 283 272 258 253 249 248 215 210 194 189 182 178 158 153 139 134 129 103 100 92 79 53 39 29 19 2 
147 434 425 420 404 401 393 388 384 374 365 360 349 334 310 303 291 289 286 280 265 259 254 249 245 233 213 200 198 190 185 176 174 169 163 154 140 135 130 123 94 84 79 66 64 61 33 30 25 4 
148 440 437 430 425 424 421 420 412 406 395 367 362 361 355 350 345 340 334 326 311 301 291 267 260 255 252 251 250 246 244 241 216 212 170 165 161 155 154 152 142 141 137 131 111 102 85 80 75 70 65 64 42 41 32 31 27 26 21 11 6 
149 446 443 441 438 431 426 412 367 365 362 328 297 292 275 266 261 257 256 252 251 218 213 197 192 187 185 176 161 156 107 103 95 81 77 71 66 51 47 32 27 5 
150 437 418 409 404 396 363 342 337 313 306 294 289 287 257 253 248 222 216 198 179 172 138 126 88 83 72 69 67 64 36 33 18 2 
151 443 428 427 424 419 383 370 369 365 353 338 337 278 273 260 259 255 253 248 247 228 194 168 163 157 145 144 140 134 83 79 68 67 58 35 30 24 19 
152 449 446 444 441 429 418 415 410 370 368 365 355 354 338 336 331 305 303 300 278 270 260 249 244 234 223 221 216 214 205 195 190 189 188 174 173 169 164 148 145 106 98 84 80 75 34 25 19 8 
153 445 440 435 421 416 412 407 399 392 386 371 365 361 350 345 311 309 305 301 297 296 292 287 272 270 255 251 236 219 187 182 176 175 170 146 136 129 107 75 72 51 39 30 26 12 5 0 
154 447 436 430 422 417 373 372 362 361 352 351 346 340 331 297 291 276 271 263 261 258 256 251 250 247 216 186 171 160 148 147 137 122 102 96 87 86 82 77 76 70 42 38 33 32 27 26 6 
155 449 442 428 373 371 368 362 357 347 342 339 334 318 281 262 252 224 198 193 191 177 148 109 101 97 93 88 82 72 28 11 2 
156 448 443 438 415 414 410 402 374 369 368 364 348 338 328 312 300 299 263 259 243 238 222 199 190 188 185 183 178 173 168 149 144 139 138 134 132 93 89 88 75 68 42 34 29 24 
157 444 433 430 420 376 375 370 365 364 349 343 324 310 305 289 266 264 261 255 253 205 200 184 173 163 151 145 113 99 98 95 85 84 79 73 55 41 36 30 25 
158 445 440 431 421 374 365 360 355 342 337 312 306 284 266 261 256 251 237 227 201 194 190 185 182 180 175 170 146 136 117 112 104 90 85 66 36 31 26 14 10 2 
159 441 418 413 405 377 371 351 317 315 312 303 266 262 261 247 225 207 206 202 193 188 136 135 97 91 87 81 78 70 67 51 45 32 27 11 
160 447 442 438 436 384 379 378 372 371 368 363 362 357 346 308 281 272 269 264 256 253 198 191 182 177 172 166 154 143 138 102 101 97 87 82 76 63 44 39 33 11 3 
161 448 438 434 424 399 393 377 374 369 358 345 340 324 318 312 309 288 287 268 264 259 254 235 230 222 199 197 193 178 149 148 132 123 120 119 115 108 107 98 42 38 17 13 10 8 5 
162 449 433 430 429 425 421 418 416 408 380 369 365 358 354 345 343 338 320 318 315 311 310 306 288 279 278 260 253 228 210 205 200 199 196 191 184 169 163 138 114 104 94 89 86 81 73 65 54 48 
163 439 436 406 391 382 375 374 372 370 365 360 349 321 311 302 284 280 275 272 270 266 259 256 231 206 201 194 176 169 162 157 151 147 110 104 85 79 76 61 47 41 36 30 15 14 0 
164 446 432 405 380 377 376 361 348 322 315 291 290 286 276 271 238 233 226 225 212 207 202 201 200 196 191 181 167 152 135 132 131 123 110 101 87 86 45 37 32 20 16 13 8 1 
165 436 428 424 417 411 382 377 372 367 363 362 346 321 314 309 277 263 258 256 231 208 199 182 166 148 141 123 112 107 89 84 76 51 38 28 
166 442 439 434 424 403 390 385 379 377 369 368 352 338 287 275 273 269 264 262 253 228 209 204 197 193 172 165 160 107 99 94 82 50 39 34 23 17 8 
167 438 435 424 408 403 390 384 383 380 379 375 374 373 369 364 351 325 318 315 310 293 284 283 274 265 264 263 243 241 236 228 214 210 209 205 203 200 199 194 188 164 145 139 138 133 126 113 109 104 100 99 95 65 64 54 48 45 35 30 29 24 16 14 11 9 
168 439 427 414 412 411 376 370 356 349 317 312 295 280 261 259 255 206 202 195 190 169 156 151 136 115 110 105 101 96 95 92 87 79 52 51 31 25 17 15 7 
169 441 427 393 388 380 342 302 296 290 286 278 267 221 212 206 202 201 200 196 191 187 186 181 168 163 162 152 147 117 110 102 87 53 32 26 20 11 
170 412 411 387 383 378 377 372 367 354 328 323 321 313 297 292 287 282 268 244 239 237 231 212 208 207 202 187 177 158 153 148 141 129 122 118 112 107 102 98 93 53 51 38 27 22 19 14 
171 442 439 430 403 379 378 374 352 339 338 320 319 298 278 262 259 214 209 205 198 193 172 154 118 113 108 103 99 95 94 90 89 82 44 28 9 
172 439 430 420 396 391 389 385 383 380 379 375 368 320 304 299 294 293 286 284 281 274 269 215 210 205 203 194 175 171 166 160 150 113 109 100 90 73 56 45 40 35 23 9 
173 437 436 414 385 376 371 362 357 326 324 321 317 316 305 302 296 295 290 285 271 266 247 241 234 225 221 215 206 195 181 157 156 152 144 137 132 125 120 115 110 96 91 71 54 41 36 30 25 22 
174 447 445 438 433 431 396 391 382 381 372 362 355 332 323 317 301 296 292 267 265 262 216 213 211 208 192 175 152 147 121 111 106 98 97 93 92 85 36 31 
175 438 428 399 392 386 383 378 377 337 323 318 307 302 296 289 287 284 268 257 213 212 208 206 203 197 174 172 158 153 117 116 112 103 93 64 59 48 38 27 26 
176 444 443 434 429 417 384 379 374 365 360 329 327 323 319 313 308 298 279 254 250 237 233 198 188 163 153 149 147 140 135 128 123 118 113 108 104 103 94 57 48 39 25 18 
177 448 445 441 440 436 435 430 424 394 389 385 384 379 378 358 330 326 325 324 304 299 269 268 245 216 214 211 209 205 204 200 199 190 178 170 160 155 129 119 114 109 101 95 93 89 88 75 58 44 39 29 
178 441 440 431 422 402 400 395 389 386 381 362 332 331 326 306 299 292 287 261 251 231 220 216 215 211 209 200 177 161 156 146 135 120 119 115 110 101 96 67 62 56 46 35 30 29 26 25 22 20 5 
179 442 432 420 407 401 396 387 386 368 363 330 326 322 311 306 267 253 252 246 240 232 226 217 207 201 150 143 138 136 126 116 97 60 47 42 37 28 
180 444 439 433 428 402 397 392 387 361 333 329 328 297 278 271 268 223 222 219 218 214 207 181 158 138 132 127 122 117 109 104 98 91 53 48 47 42 32 27 1 
181 444 439 434 433 405 403 392 388 384 379 348 329 324 318 308 302 295 290 288 264 238 223 219 212 209 185 180 173 169 164 133 123 122 104 70 54 48 38 32 
182 445 423 390 385 371 369 366 344 335 333 319 314 284 280 261 256 243 238 224 220 219 214 209 165 160 158 153 146 141 129 113 100 79 63 53 50 39 36 34 31 29 0 
183 447 446 445 442 417 410 406 400 396 391 386 377 370 364 351 347 337 332 331 321 320 305 302 301 300 274 271 262 225 222 221 217 215 211 184 156 135 125 120 112 111 107 94 75 61 41 35 30 12 6 4 
184 442 420 413 411 408 406 396 395 392 387 332 305 302 301 298 267 262 217 216 215 183 162 157 142 141 136 131 125 121 117 102 73 60 46 35 
185 438 426 412 397 393 388 387 374 361 337 336 328 317 312 307 271 268 264 259 246 243 227 213 212 181 158 156 149 147 142 137 127 123 112 103 91 66 62 52 48 47 39 34 32 1 
186 403 398 392 367 343 340 335 329 324 318 303 279 277 228 225 224 219 218 214 212 194 187 169 154 143 122 115 110 108 97 83 48 44 43 33 32 7 0 
187 445 440 423 416 411 399 398 390 388 380 369 335 333 330 325 309 308 304 301 280 275 270 243 225 220 218 191 186 170 169 153 149 134 128 124 114 110 79 76 59 54 38 20 
188 429 420 417 410 405 400 392 381 377 375 364 339 336 331 326 320 315 274 267 262 249 235 230 222 216 176 167 159 156 152 145 141 140 130 94 71 69 66 62 61 60 55 51 50 46 45 42 37 27 26 16 4 
189 432 421 417 411 406 401 397 395 387 370 343 342 338 327 321 312 311 306 305 292 282 280 272 231 228 226 221 217 215 190 152 146 141 125 118 113 112 102 100 57 51 46 37 35 27 10 3 
190 448 443 426 422 419 417 414 412 402 401 393 377 338 336 332 327 317 312 304 278 247 246 242 237 221 218 213 194 189 177 168 158 156 152 147 131 128 108 84 79 66 52 48 42 41 3 
191 449 432 428 423 394 380 378 367 342 339 334 333 284 278 277 273 270 265 252 243 228 223 219 187 169 164 162 160 155 124 109 97 72 63 54 45 44 40 28 7 
192 445 440 414 398 390 373 346 341 340 335 334 324 320 319 314 308 283 280 244 236 231 218 215 174 149 144 128 125 121 120 115 105 103 98 68 54 50 45 38 33 29 11 6 
193 441 429 426 425 422 417 410 404 386 381 365 339 332 331 321 315 314 312 307 280 276 271 260 249 245 240 235 230 225 221 216 206 197 195 171 166 161 159 155 145 136 134 111 106 101 91 87 82 70 69 65 61 60 55 52 51 50 46 22 
194 447 426 406 388 383 372 370 347 321 317 280 277 273 272 256 246 237 236 231 190 186 172 167 163 158 151 146 141 136 117 107 102 100 66 61 57 52 48 26 10 
195 422 412 407 401 393 388 349 343 342 333 328 322 317 311 297 239 234 228 221 218 193 173 168 152 142 131 124 118 113 63 57 53 48 41 14 9 3 
196 432 428 425 413 399 389 358 348 342 339 333 324 319 318 315 310 288 279 274 254 252 243 238 233 229 228 209 200 169 164 162 143 114 109 90 85 73 72 68 63 54 53 49 48 18 
197 445 438 419 399 391 386 373 349 344 285 283 280 276 249 244 234 193 175 166 161 149 144 120 103 94 60 59 51 50 30 13 
198 446 435 426 425 420 415 404 401 392 352 345 340 330 314 301 296 276 261 255 242 237 226 224 216 176 171 160 155 150 147 134 127 107 106 75 70 61 60 56 44 17 0 
199 437 435 431 428 397 367 346 345 337 336 332 331 318 313 287 255 246 241 237 236 227 222 212 203 201 177 167 165 162 161 156 142 141 116 112 107 93 88 81 76 75 71 62 61 52 51 36 2 
200 432 422 413 398 394 393 389 388 376 347 342 337 313 288 286 284 283 279 237 217 196 178 177 169 167 164 162 157 147 143 123 113 106 103 88 67 63 62 57 54 53 37 32 16 
201 449 428 407 394 374 368 360 355 348 344 338 334 328 317 289 284 279 269 258 253 248 245 243 240 227 199 179 169 164 163 158 143 138 137 135 130 114 109 103 59 47 28 20 19 14 
202 445 444 440 438 436 431 429 390 348 339 334 321 316 313 308 285 280 258 254 244 239 230 224 211 206 170 169 168 164 159 144 104 96 94 91 78 73 65 63 60 34 19 5 0 
203 440 431 420 401 397 379 355 352 350 345 336 289 287 282 281 247 231 199 175 172 167 142 116 109 85 75 62 60 57 56 45 41 21 19 11 
204 447 436 421 410 397 363 358 351 346 342 341 336 331 320 316 267 256 248 246 232 230 227 177 166 142 140 138 133 112 107 97 81 76 71 66 50 23 2 
205 442 441 439 434 432 407 403 398 357 351 347 343 342 338 324 288 283 261 257 247 233 223 222 214 209 177 172 171 167 162 157 152 138 133 123 113 99 87 81 63 58 53 3 
206 423 404 400 382 353 349 348 344 343 339 308 292 290 289 285 268 263 229 224 202 193 175 173 169 168 163 159 139 134 114 112 88 83 79 78 69 65 60 22 9 
207 444 434 413 409 405 395 366 361 359 349 345 340 339 323 269 254 251 250 243 233 230 220 180 179 170 164 159 143 141 136 125 123 120 115 84 53 49 26 10 
208 444 442 440 437 421 401 385 372 370 354 346 345 340 327 281 264 255 251 250 231 217 175 174 170 165 117 102 90 85 84 61 56 16 11 6 1 
209 446 431 407 403 402 397 385 351 342 341 297 295 293 288 271 266 251 237 230 227 222 216 212 205 196 182 181 178 177 171 167 166 122 117 115 81 72 71 68 63 61 25 7 
210 442 441 437 416 408 398 392 369 367 364 362 357 353 351 343 338 326 318 308 293 288 267 262 261 259 254 236 233 172 167 162 146 144 139 128 127 123 81 77 58 56 48 34 29 17 13 
211 448 447 445 440 438 413 382 363 357 354 353 344 339 330 294 292 267 258 239 234 220 215 213 202 183 178 177 174 129 124 105 88 87 78 59 22 9 4 
212 449 439 434 413 411 409 406 405 388 374 359 350 349 348 345 318 315 298 296 295 291 290 288 285 284 274 254 244 239 238 233 209 199 186 185 181 175 170 169 164 148 143 128 125 124 120 118 115 103 89 74 71 66 65 54 53 28 15 4 
213 445 444 440 435 422 419 372 370 367 360 354 350 341 336 329 326 306 296 292 291 286 275 266 265 264 262 257 256 245 239 231 211 190 185 175 174 149 147 142 131 121 116 102 95 85 84 72 71 66 59 37 32 27 26 16 11 
214 448 441 407 397 385 371 367 360 356 352 351 347 342 338 333 306 295 287 282 276 270 242 237 223 221 205 186 182 180 177 171 167 152 127 115 113 108 101 91 90 81 67 47 25 17 16 12 11 6 1 0 
215 442 416 414 409 403 398 391 362 357 328 326 301 299 297 293 272 258 243 236 211 192 189 184 183 178 173 172 146 121 102 92 87 74 73 56 31 12 
216 447 433 428 422 414 404 398 379 375 373 357 332 323 318 299 289 267 265 260 254 244 242 234 209 198 193 188 184 178 177 174 154 152 150 148 129 119 93 88 87 69 68 63 62 59 40 38 35 19 14 13 
217 399 388 385 378 355 341 336 298 284 274 273 235 228 226 208 200 189 184 183 179 118 116 111 99 94 89 28 15 10 9 4 1 
218 445 420 419 417 412 394 366 365 356 351 329 315 302 301 291 286 285 275 261 246 241 239 195 192 190 187 186 180 149 136 131 124 121 110 105 95 85 77 76 59 41 15 7 5 0 
219 402 381 378 376 371 360 356 352 286 281 272 270 268 266 263 227 191 186 182 181 180 153 91 90 86 82 72 67 52 46 43 38 12 6 0 
220 413 408 391 382 358 348 344 339 301 282 277 238 234 229 211 207 187 182 178 121 119 114 102 97 87 68 31 22 17 7 4 
221 428 422 420 415 409 378 373 359 358 349 344 338 332 310 305 294 288 283 278 274 273 254 242 234 233 214 195 193 190 189 183 173 169 152 134 129 113 108 85 80 79 64 62 53 38 28 19 13 3 
222 448 430 425 414 403 394 386 381 379 364 363 354 350 345 339 324 318 309 305 300 295 294 290 279 273 271 268 266 238 235 229 223 209 205 199 188 183 180 161 156 150 130 129 124 114 109 104 99 98 93 75 63 58 46 41 38 20 15 9 3 
223 441 416 411 394 381 365 356 347 342 306 304 296 295 291 290 285 280 237 236 232 222 214 205 191 181 180 152 141 126 124 122 117 75 66 34 20 16 12 11 7 5 
224 425 423 402 392 386 376 367 357 352 335 313 308 296 291 286 281 262 261 247 245 242 206 202 198 186 182 155 122 116 106 101 96 88 83 67 65 57 21 16 12 6 
225 389 387 384 382 366 358 353 297 293 282 276 274 273 243 238 193 187 186 183 173 164 159 112 96 78 68 49 22 18 17 12 6 
226 413 397 393 388 383 354 350 349 338 328 324 307 299 298 294 293 283 278 253 249 240 239 235 228 217 198 189 179 164 134 127 125 124 113 98 37 29 23 18 15 14 10 8 4 3 
227 433 428 426 415 410 405 384 379 369 368 360 355 350 338 316 314 311 308 304 300 299 295 289 285 284 279 269 264 250 248 245 240 228 219 209 204 201 199 185 158 138 135 133 130 125 109 104 91 86 75 70 68 48 29 24 19 15 14 9 
228 430 426 406 392 390 387 380 369 361 342 315 312 311 305 300 296 295 290 280 279 277 235 227 226 217 196 195 191 189 186 167 166 162 151 126 125 120 110 99 85 81 71 52 46 30 26 16 11 10 9 6 
229 417 400 396 381 362 353 347 310 307 286 281 247 243 238 222 220 206 196 137 130 128 127 116 86 72 57 41 40 36 26 22 18 16 13 11 
230 434 431 429 427 422 408 392 387 382 343 341 319 314 308 307 303 302 298 293 287 282 268 251 248 243 238 209 207 204 202 193 188 161 122 113 94 83 78 73 72 71 37 32 23 22 
231 398 395 393 390 384 383 378 372 359 358 354 348 324 299 298 294 282 280 244 213 208 203 194 192 189 178 170 165 163 139 118 102 93 84 79 74 68 60 55 39 38 29 28 23 19 12 8 3 
232 439 420 415 403 399 394 388 379 369 361 360 359 356 313 310 304 300 294 285 265 248 246 241 240 223 204 179 136 133 131 124 119 80 70 43 30 28 24 21 20 19 16 15 
233 442 437 434 432 406 400 396 395 390 386 385 361 356 344 340 326 322 310 305 302 290 272 256 254 251 236 221 212 210 207 205 196 176 164 147 141 136 131 130 125 115 111 97 81 74 40 26 25 20 
234 447 436 417 401 400 398 386 381 375 367 362 357 312 297 296 285 283 267 241 221 220 216 211 197 195 173 152 117 105 77 63 58 46 31 27 26 22 21 15 2 
235 448 431 423 418 413 408 406 402 397 392 388 364 359 341 316 312 308 307 303 298 251 249 248 228 226 222 217 193 188 161 139 138 137 136 134 127 122 112 83 78 73 71 46 42 32 27 24 23 22 18 2 
236 440 437 435 428 424 414 408 403 398 393 383 373 372 369 364 359 347 325 318 309 308 299 293 282 263 257 254 244 243 233 223 215 210 199 194 192 167 153 144 139 129 123 118 102 100 98 88 84 77 48 38 29 19 12 
237 425 409 403 401 389 384 379 378 370 365 360 334 319 313 310 291 288 286 255 250 245 223 214 209 200 199 198 194 190 176 170 158 133 129 109 108 93 75 66 61 49 44 34 33 29 18 
238 434 431 421 416 411 409 405 395 390 381 367 366 362 344 336 319 315 312 311 302 300 281 254 252 251 230 229 225 222 220 212 196 182 181 164 156 142 140 139 137 135 130 125 115 86 74 49 45 31 27 6 
239 446 443 441 440 438 427 422 411 406 377 375 367 357 350 337 328 311 285 281 260 247 226 218 213 212 211 202 195 170 142 137 136 131 121 105 103 102 92 82 80 76 51 41 37 36 31 22 17 15 
240 409 407 406 404 397 381 322 316 313 312 308 302 294 291 258 253 248 232 227 226 201 193 179 143 142 138 137 136 132 127 117 113 111 108 92 69 64 52 47 46 37 33 21 18 
241 437 424 419 413 412 408 403 398 393 379 370 369 365 364 359 347 322 318 314 313 309 304 278 260 259 257 255 254 253 244 234 232 218 199 173 167 148 145 144 140 128 103 84 77 53 43 38 35 30 29 
242 446 443 425 415 399 394 378 365 336 334 331 318 314 304 288 284 263 260 245 224 221 216 214 198 190 135 129 124 111 110 108 106 85 83 80 70 49 45 44 39 34 24 23 19 18 10 
243 431 421 420 415 412 409 407 396 395 382 380 371 361 357 352 325 319 297 280 270 256 246 236 230 229 225 215 207 201 196 191 187 185 182 167 156 145 141 140 139 136 125 114 101 91 72 67 50 49 45 36 35 
244 440 437 436 417 416 412 406 396 373 372 367 352 350 326 321 312 311 307 267 263 260 258 257 241 236 231 216 212 202 197 192 170 152 148 136 131 126 92 91 87 82 80 46 42 41 38 33 
245 449 418 417 407 381 368 339 334 327 322 317 303 291 263 248 242 237 227 224 213 201 193 177 147 142 138 137 117 114 111 109 93 88 47 28 21 
246 429 424 423 419 415 412 410 388 369 358 322 300 298 259 254 248 243 232 218 204 199 194 190 185 179 148 144 143 142 139 133 98 94 93 84 75 63 53 52 48 43 34 24 3 
247 449 443 434 430 425 424 420 419 418 414 390 384 376 375 368 365 363 353 339 319 315 309 303 289 285 266 263 261 260 255 250 239 229 224 205 203 190 173 159 154 151 145 144 140 139 95 85 83 80 75 59 58 41 36 30 24 
248 425 420 416 415 410 401 384 376 361 342 340 337 330 325 316 294 262 246 245 240 235 232 230 227 204 201 151 150 146 145 142 140 135 131 130 117 114 112 96 81 67 65 56 31 27 26 24 2 
249 426 418 416 415 413 406 397 336 332 331 325 321 312 303 257 235 226 197 193 188 152 147 146 145 142 141 137 136 97 82 78 66 62 61 56 55 51 32 27 
250 446 412 407 384 379 373 368 363 356 337 313 269 266 264 263 258 253 247 237 227 208 207 176 154 148 143 142 138 137 93 86 83 77 62 47 44 39 38 37 
251 444 438 434 433 429 419 413 387 369 364 359 345 340 323 297 263 238 235 233 230 209 208 207 178 158 154 153 149 148 144 143 139 123 120 117 115 103 98 84 73 58 34 29 27 13 10 5 
252 443 421 420 418 414 409 399 380 375 370 344 339 329 328 319 318 315 311 310 306 270 238 196 191 179 155 149 148 125 124 109 95 90 85 81 69 59 58 49 40 10 8 
253 449 442 421 415 412 387 382 365 359 335 321 316 310 306 272 269 266 255 250 241 240 226 201 179 166 162 160 157 151 150 146 145 137 131 105 96 91 89 86 70 55 47 41 37 31 
254 437 432 422 421 392 390 381 348 343 341 326 300 272 257 256 246 241 238 236 233 221 216 212 210 207 202 196 176 161 147 142 123 120 96 92 87 77 76 71 42 37 30 26 13 8 
255 438 437 427 424 423 421 417 407 332 331 314 309 308 258 253 247 241 237 208 199 198 168 157 153 151 148 93 89 84 67 62 61 43 38 
256 438 434 428 423 390 385 379 374 369 362 348 319 309 275 272 269 264 259 258 254 243 233 213 204 194 182 165 163 160 158 154 149 143 113 99 92 68 63 50 23 2 
257 440 393 370 359 351 344 325 320 310 309 303 294 260 254 249 244 241 236 213 205 175 150 149 138 130 126 123 100 95 90 85 59 43 39 35 33 16 11 
258 445 440 436 431 430 427 424 420 376 366 350 340 335 334 317 312 277 276 266 261 256 255 250 244 240 215 211 202 201 165 154 146 135 130 117 100 96 92 91 87 80 76 64 41 40 36 
259 436 432 427 426 393 392 388 382 372 365 341 336 331 327 322 317 300 278 275 256 246 241 210 185 171 168 163 161 156 151 147 132 107 97 95 81 76 71 66 53 37 32 5 
260 442 438 437 433 432 428 421 396 378 373 368 359 354 352 331 318 306 263 257 247 244 242 241 239 216 193 162 152 151 148 129 126 118 103 83 82 62 61 38 36 19 
261 435 434 433 430 428 427 423 384 379 363 362 358 353 348 343 337 324 320 315 314 308 303 288 272 269 264 258 247 224 218 210 205 198 182 178 168 159 158 157 154 149 113 99 98 95 93 92 90 89 88 84 83 78 73 67 44 2 
262 444 430 420 414 413 396 393 391 384 370 368 349 344 339 325 320 303 288 286 285 281 278 248 224 213 210 188 184 183 174 171 166 159 155 133 130 123 100 98 79 74 69 61 56 45 40 35 24 8 4 
263 445 435 431 430 424 400 399 386 375 362 357 355 345 341 340 336 334 326 309 307 297 265 260 251 250 247 245 244 242 236 219 206 167 165 156 154 137 132 129 127 126 111 96 80 75 65 64 41 39 36 22 17 
264 447 442 438 437 436 433 431 430 401 392 381 372 365 361 351 340 337 327 323 307 275 261 256 250 227 213 208 185 181 167 166 161 160 157 137 102 98 97 95 93 91 81 77 76 70 56 47 42 22 16 7 6 5 1 
265 447 438 433 432 428 399 396 373 371 362 357 347 342 323 317 306 292 289 284 281 273 268 267 263 232 216 213 191 174 167 147 126 93 72 64 59 43 36 22 11 
266 448 444 443 438 434 427 384 365 363 360 353 343 337 329 328 324 312 273 258 253 250 247 222 219 213 209 173 163 159 158 157 149 140 135 132 104 99 83 73 67 49 44 42 39 25 8 
267 445 441 440 436 433 398 383 375 374 368 364 359 326 325 278 275 274 269 265 244 234 216 211 210 204 188 184 179 174 169 148 101 98 95 89 73 55 50 35 14 8 
268 445 441 402 399 374 365 360 356 345 321 309 292 287 286 271 265 230 222 219 206 185 180 177 175 170 161 129 90 86 67 62 52 46 39 5 
269 446 442 430 411 382 371 368 366 363 362 340 322 307 297 276 267 261 256 253 250 227 207 201 177 172 166 160 143 138 137 101 97 96 91 86 70 62 47 37 28 17 1 
270 444 443 442 439 433 383 378 371 362 352 334 329 328 323 281 272 252 243 219 214 191 187 163 153 152 132 109 108 104 101 98 82 53 28 11 
271 444 439 438 433 419 410 405 403 402 384 364 358 343 329 328 324 312 298 295 290 278 274 268 222 209 193 185 183 180 173 164 154 144 132 123 104 103 99 94 93 70 65 58 53 42 39 
272 444 435 434 433 418 390 385 380 374 371 366 363 348 343 330 320 270 261 256 254 253 233 219 215 194 189 163 160 153 146 141 110 105 99 95 89 73 69 36 31 
273 447 441 381 375 374 370 355 341 337 332 331 321 286 284 276 275 266 265 225 222 221 217 194 191 166 151 112 107 106 104 101 96 95 90 80 55 41 37 14 10 5 
274 447 442 436 413 408 407 405 392 387 381 361 356 332 315 312 298 286 281 271 267 225 221 217 212 196 188 183 172 167 135 111 107 101 97 91 86 73 45 42 16 12 6 
275 448 447 438 436 402 398 383 377 374 372 367 362 357 346 338 328 287 273 267 264 259 256 218 213 187 166 163 149 113 107 98 97 77 76 39 34 17 12 7 
276 448 444 428 419 394 377 358 343 340 338 335 287 273 269 258 225 214 198 197 193 164 154 115 110 109 107 104 103 99 54 44 28 17 3 0 
277 424 416 414 411 408 398 395 390 374 369 330 329 325 318 301 289 284 279 258 228 220 194 191 186 165 138 133 110 105 100 94 76 58 55 50 48 24 0 
278 441 439 427 387 386 381 380 377 365 361 349 336 295 290 271 267 262 259 241 226 221 191 190 180 171 169 162 152 151 117 86 79 60 42 37 26 25 20 15 
279 447 446 442 412 401 396 386 381 380 366 343 338 332 290 282 277 228 227 222 201 200 196 186 176 162 132 118 113 110 81 57 47 21 20 11 6 3 
280 419 417 414 411 393 388 382 372 333 328 321 309 304 292 287 283 282 243 231 228 223 202 197 194 193 192 189 187 182 168 163 147 141 117 113 112 102 92 79 53 52 51 48 38 27 17 7 3 
281 449 442 413 384 380 378 373 368 352 334 329 293 283 274 270 265 262 239 238 229 224 219 208 203 172 160 155 133 109 103 82 73 49 45 40 28 18 13 4 
282 443 440 395 390 389 384 383 369 358 346 341 333 330 329 299 294 293 284 280 279 236 231 230 225 220 214 203 189 170 121 116 114 113 110 109 74 68 65 60 29 23 19 9 8 6 3 0 
283 441 425 422 417 414 387 386 366 361 357 350 341 327 324 312 307 300 297 295 286 285 281 280 234 226 221 205 200 197 192 167 146 144 141 120 115 105 100 87 86 82 66 54 30 25 16 15 
284 445 396 391 388 387 383 355 327 317 301 296 290 286 282 277 273 265 242 227 217 212 201 200 191 182 175 172 167 163 158 112 110 106 92 85 62 52 48 31 26 21 20 16 
285 448 443 411 398 393 386 382 377 372 349 338 321 302 296 292 287 283 262 247 239 234 232 227 223 218 212 206 202 197 173 141 133 124 122 117 116 112 108 103 88 83 62 51 48 26 22 17 14 12 9 
286 449 442 425 417 399 389 388 353 352 348 344 334 327 315 310 298 288 284 283 274 273 268 262 237 229 224 219 218 213 200 172 169 164 147 128 109 104 90 85 84 82 57 49 33 18 
287 448 420 400 399 394 391 386 384 358 345 343 338 333 330 315 304 294 293 289 285 280 276 275 268 230 214 203 199 178 175 170 166 161 153 150 129 124 120 119 115 113 105 88 64 60 51 23 19 9 
288 414 389 385 352 336 324 307 305 300 299 290 286 262 261 242 237 221 212 210 209 205 200 196 181 162 161 144 127 120 119 106 61 54 51 35 29 17 12 6 
289 445 428 420 402 401 396 386 377 355 342 337 332 330 318 313 311 307 292 291 287 277 265 247 227 216 206 203 201 175 157 150 147 142 122 117 116 107 93 88 85 72 60 52 41 21 
290 448 447 398 397 394 389 387 386 361 352 347 343 307 302 297 296 288 284 279 278 271 233 228 223 222 212 206 181 173 169 164 132 117 116 113 112 108 93 91 68 63 54 42 26 8 3 1 
291 449 417 394 392 388 383 355 349 344 339 329 327 318 308 303 302 289 245 240 237 224 223 218 213 212 164 154 148 147 135 130 122 118 109 93 64 57 38 34 33 32 20 15 9 4 
292 448 445 436 431 423 404 400 399 389 358 344 340 333 329 321 299 294 289 285 280 268 265 213 211 206 189 178 174 170 153 149 134 129 120 119 110 96 88 60 29 20 5 3 0 
293 446 426 402 401 400 397 389 381 364 336 315 300 299 287 282 281 236 230 226 225 215 210 209 172 167 135 130 125 119 116 115 62 57 56 40 29 25 
294 447 420 406 401 397 396 391 377 372 363 358 352 347 330 326 292 287 282 257 248 240 232 231 226 222 221 211 172 150 138 133 131 126 121 117 112 87 60 51 46 27 26 23 18 12 7 2 
295 439 434 427 403 387 361 348 343 338 324 322 312 302 283 278 271 228 227 223 222 214 212 209 181 173 168 143 137 132 123 122 118 102 99 91 58 42 37 32 1 
296 449 404 400 399 392 349 344 323 318 302 290 285 284 234 228 224 223 213 212 198 175 174 173 169 153 143 133 124 122 114 65 60 59 53 48 32 23 9 
297 423 414 409 400 398 394 366 361 350 345 340 333 324 304 290 283 269 263 251 243 234 225 215 209 195 180 170 154 153 149 141 136 124 119 115 103 68 63 54 49 26 19 5 0 
298 442 437 431 426 416 415 411 410 407 405 401 396 395 392 382 375 367 364 346 341 327 325 312 305 286 274 271 246 235 231 230 226 217 212 184 176 171 142 131 121 102 94 91 50 45 40 37 4 
299 412 407 403 402 397 395 362 322 316 311 306 305 293 292 288 282 236 231 227 226 216 215 178 177 172 156 146 141 137 131 126 125 101 68 67 63 56 51 35 2 
300 426 412 408 403 369 364 343 338 336 327 317 312 307 293 288 283 259 254 246 238 232 228 227 222 183 156 152 144 142 139 137 132 127 93 68 66 63 42 34 29 3 
301 445 444 440 423 418 404 403 399 398 373 367 358 349 330 323 318 284 277 220 218 215 198 187 184 183 174 153 148 143 138 129 119 114 110 105 98 97 83 68 64 53 48 43 9 7 
302 438 429 411 409 406 405 404 399 398 395 349 345 324 320 314 309 308 296 295 291 290 285 240 238 233 230 218 184 183 181 175 173 169 163 144 139 129 128 125 84 75 74 71 60 59 55 54 49 44 38 20 15 14 10 
303 441 429 400 372 339 331 327 325 320 315 291 262 261 257 249 247 245 235 230 186 159 152 147 145 130 90 87 71 69 66 55 37 32 21 16 11 5 
304 448 443 422 406 370 361 347 338 336 333 327 316 297 287 280 242 241 232 227 223 190 187 177 172 146 141 117 113 112 108 100 92 82 77 67 66 56 32 10 
305 427 422 414 412 409 407 403 401 398 387 358 353 348 333 332 322 317 312 311 299 298 288 233 228 222 221 189 184 183 173 157 153 152 142 138 137 131 74 73 68 67 63 52 47 41 22 18 8 
306 432 388 378 375 344 342 338 333 318 299 265 260 253 252 223 214 213 189 179 178 162 158 150 129 124 119 72 69 68 64 63 59 40 35 33 14 8 
307 448 413 410 409 400 399 394 373 364 355 350 341 336 334 329 324 319 315 314 309 300 290 289 288 283 269 264 263 244 235 230 229 226 193 185 175 139 138 116 111 103 88 83 80 75 70 65 60 54 49 38 34 29 15 13 5 1 
308 430 426 420 417 412 410 404 401 380 356 335 325 320 316 314 302 291 261 255 240 236 235 230 227 224 210 206 202 192 187 181 176 160 145 137 134 121 105 77 71 65 61 55 50 45 44 32 21 20 12 11 6 
309 435 416 412 407 378 362 352 345 336 331 321 307 302 280 268 263 257 256 255 247 241 236 222 187 165 161 153 132 122 100 77 76 75 72 56 43 38 12 7 
310 427 417 403 376 358 353 348 344 339 286 257 253 252 237 233 232 229 221 196 167 162 157 147 131 128 123 119 114 87 77 63 57 41 18 16 13 4 
311 428 423 420 415 409 407 404 403 379 354 342 333 328 318 317 314 305 299 289 252 244 239 238 228 227 195 189 179 163 162 153 148 137 104 85 80 72 68 64 58 47 19 9 
312 439 438 419 405 386 381 373 368 360 348 334 329 305 300 298 295 283 274 271 266 258 249 244 240 238 235 234 228 193 190 189 185 168 161 159 158 156 139 135 125 104 103 89 78 75 74 58 46 41 15 13 
313 425 410 406 404 402 387 381 379 350 347 342 321 314 289 250 241 240 237 232 224 202 200 199 176 170 150 134 132 131 122 121 117 109 76 75 70 66 60 55 46 44 26 19 16 15 12 11 7 
314 441 436 435 431 426 423 410 407 357 352 351 345 341 322 320 313 311 308 307 302 261 255 242 241 230 227 198 193 192 182 165 140 121 88 83 75 72 71 66 61 57 56 50 36 32 22 12 
315 441 437 422 413 389 384 376 358 353 351 348 347 342 318 307 303 293 287 286 274 261 252 247 238 228 218 212 196 193 188 167 164 162 159 138 133 123 106 81 77 62 49 48 23 16 13 7 
316 428 414 409 407 404 382 378 350 318 317 308 304 299 253 248 240 235 227 204 202 173 137 134 129 125 124 112 68 54 48 47 22 19 15 14 10 
317 438 434 426 414 393 360 355 348 344 334 323 316 311 305 300 284 265 259 258 245 201 195 194 190 185 174 173 168 159 135 130 125 104 91 86 79 78 75 53 48 40 
318 445 441 435 430 416 392 387 386 379 377 371 362 356 355 351 350 345 335 330 316 315 311 306 301 296 291 289 277 260 252 242 241 236 222 216 212 210 199 196 186 181 175 167 162 161 155 137 122 115 109 90 87 85 81 80 76 71 70 65 52 47 41 35 25 19 
319 447 446 436 431 410 382 362 361 353 341 320 307 256 252 247 243 238 237 230 196 192 182 176 171 140 132 128 87 72 62 57 50 18 13 1 
320 447 441 437 432 429 418 408 363 352 351 347 319 314 308 303 302 272 262 261 257 204 192 188 183 172 171 162 138 128 94 92 89 87 83 82 81 67 13 
321 443 438 433 395 382 363 353 348 339 324 313 309 292 285 280 273 268 253 249 244 202 194 193 189 183 173 170 165 163 134 129 112 83 79 78 55 54 53 48 22 19 14 3 
322 444 435 415 413 404 383 364 361 360 356 355 349 343 340 323 314 305 299 295 269 259 246 245 241 240 233 195 179 164 143 140 136 135 131 129 104 84 80 79 70 53 48 21 14 9 
323 445 444 437 435 432 421 381 372 365 360 356 355 354 351 345 322 317 301 296 270 265 264 251 216 207 176 175 174 170 136 135 125 121 111 97 86 85 84 81 16 10 5 0 
324 441 436 417 398 387 385 367 366 361 357 321 307 302 297 295 288 283 271 266 261 231 226 222 205 196 192 186 181 177 173 161 157 142 132 117 115 96 91 86 82 76 72 63 58 27 25 22 17 
325 447 418 416 413 368 367 364 362 359 358 337 326 308 303 298 277 267 262 257 249 248 243 236 187 177 167 146 143 139 134 128 127 93 87 83 82 78 73 56 24 23 18 
326 447 440 435 433 424 414 409 368 363 359 358 357 353 325 294 267 263 254 244 233 215 213 210 188 179 178 177 173 148 144 100 98 93 87 84 83 54 24 3 
327 449 420 401 399 388 370 360 349 339 329 304 303 300 298 291 286 284 283 264 259 245 208 190 189 176 145 144 133 130 125 118 108 103 85 84 69 66 61 28 24 
328 419 371 367 365 362 360 350 329 311 280 275 271 270 266 252 239 226 215 201 195 185 180 170 156 149 146 142 141 137 131 106 100 90 86 85 80 76 59 47 37 27 26 16 5 
329 443 438 422 392 386 376 366 360 356 341 337 328 327 312 307 292 291 282 281 277 271 270 266 252 218 213 186 181 180 176 142 132 131 103 96 90 86 81 77 47 32 22 7 6 0 
330 447 432 428 423 418 409 404 391 377 352 318 301 294 289 287 282 277 272 248 211 198 187 179 177 143 133 121 113 98 87 83 69 64 31 18 17 12 7 2 
331 448 443 422 419 403 373 370 365 364 363 358 332 309 303 273 260 259 255 249 242 204 199 193 188 183 178 154 152 145 140 108 93 89 88 78 62 34 30 29 19 13 3 
332 449 446 425 415 379 370 363 360 359 339 336 331 305 289 279 274 273 255 249 221 216 199 193 190 184 183 178 174 145 135 111 106 93 85 80 78 30 29 28 3 
333 412 407 394 391 371 361 360 311 306 305 304 297 292 287 282 280 214 196 195 191 187 182 180 124 105 91 86 72 67 34 21 20 6 0 
334 442 427 425 373 372 371 366 362 361 347 335 317 312 307 286 281 270 263 258 245 242 237 202 201 192 191 155 148 147 117 111 97 90 65 38 33 27 21 16 11 6 1 
335 449 433 428 423 391 382 367 366 362 339 334 318 308 276 258 253 224 192 187 186 182 143 117 114 109 97 96 92 88 33 31 23 12 7 6 
336 444 429 422 419 418 415 410 408 397 364 332 309 307 304 300 293 288 278 263 259 249 242 238 217 213 204 203 199 190 188 185 152 139 127 113 98 89 79 75 62 37 29 28 24 23 
337 430 428 415 394 376 375 374 370 365 360 343 338 329 325 289 273 266 264 261 250 248 239 200 199 185 183 175 158 151 150 145 144 99 93 85 68 41 36 30 25 24 19 14 3 
338 446 442 430 397 394 377 376 371 369 342 337 306 304 300 295 287 285 279 276 275 227 226 221 214 210 205 201 190 189 171 166 162 156 152 151 146 124 117 115 112 110 100 99 81 34 31 25 12 10 9 6 5 2 
339 432 425 418 413 400 391 381 376 367 335 332 327 321 310 303 291 262 252 247 245 222 220 211 207 206 202 196 193 191 188 171 155 130 106 101 97 82 78 65 31 22 21 
340 437 431 428 384 379 373 366 362 341 322 297 292 276 269 264 263 258 251 248 233 208 207 198 192 186 161 154 148 143 138 122 112 107 102 96 93 88 83 62 44 33 32 28 17 12 6 
341 448 424 419 413 397 393 379 374 372 369 364 354 345 340 329 319 314 307 298 283 282 273 263 259 254 235 230 217 213 209 204 192 127 120 115 113 108 103 102 94 89 83 37 34 33 28 23 18 13 10 5 
342 435 430 428 425 421 388 384 370 338 315 313 311 306 289 265 248 228 223 214 209 205 204 200 196 195 191 189 169 158 155 150 139 119 114 86 81 79 68 53 40 35 30 19 13 9 
343 431 420 412 406 391 390 387 382 377 376 369 337 322 300 295 290 287 279 276 272 271 266 261 254 230 210 206 205 195 189 186 162 157 137 131 125 115 110 105 99 91 85 66 47 42 41 31 25 21 20 15 9 
344 442 417 400 396 392 386 381 348 317 310 306 296 292 291 286 262 257 252 238 233 221 220 211 206 201 197 182 131 130 123 111 97 87 56 52 40 31 26 21 16 13 8 
345 438 431 428 424 423 392 387 341 323 318 314 309 302 297 287 268 263 251 222 212 208 207 203 199 198 162 161 153 148 127 117 98 89 84 71 42 38 33 32 
346 428 424 403 390 385 372 369 358 298 282 275 208 204 199 192 165 160 154 129 123 118 102 94 50 43 29 28 12 
347 430 425 403 399 394 389 384 375 351 334 320 315 313 304 294 290 265 241 236 229 223 214 205 200 194 183 155 145 135 134 133 129 126 110 100 94 85 80 55 54 43 40 35 34 33 30 29 16 11 
348 436 434 427 417 401 400 395 385 381 344 321 317 315 312 310 305 295 286 272 261 256 254 231 220 212 206 202 201 196 181 164 156 130 122 120 96 92 87 86 74 71 51 45 40 35 
349 437 412 406 401 396 393 388 386 377 375 327 322 302 301 296 291 285 278 262 226 221 212 207 206 197 195 168 163 157 147 136 131 127 126 121 116 105 97 66 53 32 31 26 15 12 
350 433 428 406 402 397 387 378 372 359 354 328 318 316 313 307 297 283 258 244 239 227 226 222 213 212 203 153 148 136 134 132 129 127 113 98 47 46 42 38 37 33 32 19 8 
351 439 438 437 435 430 429 388 384 379 347 323 320 318 315 314 264 257 218 214 210 209 205 204 183 167 159 154 138 133 123 113 95 94 90 88 84 77 43 39 34 
352 440 435 430 424 409 404 396 394 391 380 378 375 373 330 320 314 309 294 290 288 286 281 270 260 244 243 224 219 214 203 198 171 166 154 134 129 119 108 100 61 56 49 45 44 39 35 33 19 18 
353 435 411 409 405 397 396 395 390 377 362 357 326 321 319 315 310 305 286 266 261 247 229 225 211 210 206 151 146 140 139 137 132 130 101 96 95 61 57 51 49 41 40 30 22 16 1 
354 440 438 433 432 421 396 387 372 357 350 341 323 311 260 231 226 222 213 211 208 170 162 152 132 98 80 46 42 41 37 
355 433 417 412 399 392 381 378 323 322 318 317 307 291 289 284 273 263 227 217 203 201 174 158 152 148 142 132 122 111 107 103 98 97 93 64 59 57 52 47 43 42 38 37 32 21 
356 448 439 438 412 408 388 384 365 360 329 323 322 318 308 274 268 250 233 232 223 219 218 214 168 142 140 138 135 134 128 104 52 49 48 44 25 
357 449 443 441 440 436 414 404 394 385 380 379 368 354 353 326 324 314 283 275 265 263 243 239 234 224 216 215 211 210 205 173 160 155 144 119 105 101 95 83 68 59 54 49 45 40 39 
358 441 420 415 405 402 387 384 381 377 371 361 346 331 326 325 315 310 305 301 294 292 287 282 276 271 261 246 231 225 221 220 204 196 177 162 161 135 120 115 114 96 67 62 60 55 52 51 50 45 41 40 24 7 
359 446 442 415 412 411 406 387 368 366 363 350 332 326 325 267 260 257 253 251 241 236 235 232 231 221 212 207 145 143 138 131 122 55 28 
360 446 444 439 438 433 422 407 388 381 356 337 333 332 329 328 327 323 322 317 312 268 266 237 232 227 219 214 213 201 176 163 158 147 113 109 108 104 103 93 86 73 57 52 48 47 42 37 
361 444 439 434 428 423 412 410 405 389 387 384 363 358 334 333 324 322 319 304 297 295 290 283 278 274 264 248 243 233 232 228 207 185 180 164 154 153 148 143 142 138 117 109 99 93 70 68 65 49 48 39 27 23 
362 445 440 438 435 429 424 419 418 409 408 399 385 371 366 364 353 340 335 334 328 325 319 318 309 299 275 270 269 265 263 261 256 238 234 229 215 210 178 174 173 165 160 155 154 149 148 146 144 143 134 113 109 105 99 83 65 58 54 50 40 36 31 
363 449 447 446 425 420 405 384 361 359 332 331 326 321 320 294 272 269 266 261 250 247 222 211 204 179 165 160 150 140 114 112 107 101 89 87 60 51 
364 442 426 421 417 416 415 413 408 407 392 391 390 387 382 367 362 341 336 331 325 322 307 300 298 293 271 267 251 241 236 235 222 210 188 183 167 157 156 146 145 137 120 112 96 73 71 66 62 61 55 42 30 
365 446 443 427 422 421 412 382 374 356 337 331 328 323 278 268 266 264 259 253 247 242 241 237 223 218 193 176 163 162 158 157 153 152 151 149 147 108 86 73 57 48 39 34 
366 449 434 413 394 389 387 362 359 340 335 334 329 324 297 283 279 272 269 258 238 225 218 207 182 143 117 115 110 104 99 92 58 48 27 2 0 
367 445 440 434 424 418 416 411 390 385 373 364 339 335 328 325 324 301 298 275 244 239 238 234 224 214 213 210 199 191 186 170 165 149 148 129 123 108 105 100 76 74 65 64 59 58 45 43 5 0 
368 449 435 425 407 386 381 377 376 359 357 326 325 312 281 269 267 262 260 250 247 245 227 201 179 172 166 160 156 155 152 106 101 100 89 86 75 56 45 42 37 
369 426 412 397 390 346 343 341 338 300 282 277 256 251 246 241 236 232 228 227 210 187 182 167 166 162 161 156 151 132 120 118 113 81 76 66 30 3 
370 443 442 428 421 419 414 393 388 383 342 337 332 331 327 304 273 262 257 252 241 237 213 208 194 189 183 168 163 157 152 151 113 112 103 92 88 84 79 77 62 61 3 
371 449 439 438 394 385 383 380 362 358 338 334 333 328 318 272 270 269 265 243 219 214 182 173 160 159 155 153 114 109 104 92 59 45 40 2 
372 445 444 434 393 384 354 350 346 341 334 323 303 294 285 280 275 264 259 244 236 231 213 208 194 174 170 165 163 160 154 138 123 121 116 115 110 95 93 84 79 74 60 38 33 19 14 11 6 
373 445 442 440 424 422 417 396 367 352 340 334 331 312 307 301 281 265 260 250 244 236 221 216 197 192 167 155 154 126 87 86 82 80 65 64 41 1 
374 446 442 441 436 431 392 388 387 383 365 341 337 277 275 273 272 268 267 256 212 201 185 176 171 167 163 161 158 156 147 112 95 87 86 81 76 66 62 57 48 47 37 36 17 5 
375 448 447 442 437 432 417 398 396 388 352 349 347 337 306 298 273 267 263 252 247 239 234 216 188 172 167 163 157 126 124 108 77 67 58 53 36 14 9 
376 449 427 425 418 398 394 368 343 339 338 337 329 315 310 258 248 247 224 219 200 173 168 164 157 114 104 90 88 85 83 78 67 59 54 48 
377 444 434 424 418 409 400 395 391 386 383 368 358 353 349 343 338 330 318 294 289 285 278 276 275 239 190 188 183 175 170 166 165 164 161 159 115 99 98 79 69 60 51 34 14 8 4 
378 436 399 387 380 355 352 350 316 309 306 281 270 260 242 237 231 221 219 217 191 177 175 171 170 160 141 129 127 117 111 90 80 70 56 51 39 36 26 17 12 6 5 0 
379 441 436 430 428 407 357 351 341 340 332 318 313 311 261 256 250 241 237 232 227 222 216 203 181 177 176 172 171 167 166 160 102 93 88 87 86 82 76 70 62 52 37 1 
380 408 398 394 393 389 378 371 357 352 308 281 279 278 272 252 243 228 191 187 172 169 167 164 162 101 87 82 77 63 59 54 18 13 11 8 
381 449 404 403 402 399 394 389 368 360 358 355 348 344 339 323 313 312 293 279 278 274 273 264 254 245 240 238 234 229 223 222 219 193 188 178 174 135 132 130 104 98 83 73 68 58 54 42 20 15 9 8 
382 445 436 433 431 400 365 364 343 335 321 319 316 298 285 280 269 259 253 243 230 225 220 211 206 174 165 163 120 115 96 94 91 89 79 73 69 60 59 55 53 49 18 9 
383 446 445 436 397 377 374 371 370 322 291 284 282 275 270 267 236 231 226 194 175 172 170 167 151 131 121 116 104 100 95 90 81 80 65 62 57 51 14 6 5 
384 447 430 412 405 402 392 387 372 363 361 358 356 351 347 342 340 315 287 282 281 271 266 262 261 250 248 247 237 231 227 225 181 177 176 167 160 147 138 135 133 101 91 87 81 45 27 23 16 12 11 7 6 1 
385 448 439 436 434 403 371 367 362 357 348 346 324 288 272 256 233 217 214 209 208 182 177 173 172 166 118 113 107 102 101 99 76 68 58 11 3 2 
386 448 443 438 402 400 399 394 377 368 349 344 329 318 312 290 289 287 285 283 279 278 263 234 233 224 222 197 193 183 179 178 175 153 132 119 114 109 107 103 93 83 65 60 59 42 17 4 
387 444 439 438 433 419 415 408 405 404 400 395 384 378 374 366 364 361 359 358 354 350 345 343 324 318 313 305 295 290 284 283 278 274 253 251 230 228 225 189 185 184 180 179 170 141 140 139 138 136 129 120 110 104 98 94 85 84 73 60 55 48 26 13 10 4 0 
388 442 439 437 432 430 421 411 396 375 374 370 360 356 351 349 342 327 306 291 286 284 280 259 246 235 232 226 217 212 200 195 194 187 185 181 169 147 104 102 90 81 79 66 14 11 6 0 
389 432 407 405 403 402 381 380 366 361 347 315 293 292 290 288 286 282 237 225 200 196 178 177 172 135 132 117 111 110 101 68 63 62 45 42 20 6 2 1 
390 436 418 411 408 398 369 367 364 353 346 343 282 277 272 256 254 247 238 233 231 228 202 192 187 182 167 166 144 141 139 123 118 113 76 68 63 51 34 29 3 
391 445 444 442 418 404 399 394 377 364 352 343 339 335 333 330 294 287 284 262 220 215 197 183 174 172 163 124 113 110 107 105 98 69 64 17 9 8 3 
392 429 411 410 408 406 405 404 400 399 395 384 374 364 355 345 344 329 318 298 296 291 274 264 259 254 235 230 228 224 210 198 188 186 184 181 180 175 153 138 123 120 115 99 95 94 78 71 70 66 65 60 48 24 15 9 5 4 
393 439 426 380 372 370 349 341 317 285 280 262 259 257 241 236 231 226 200 195 190 185 169 161 147 142 131 127 121 107 95 79 66 37 32 15 11 5 
394 448 446 391 386 381 380 376 371 366 357 352 347 338 337 333 307 297 291 290 287 276 242 232 223 222 218 201 200 191 177 137 116 113 110 108 106 101 72 62 51 26 20 12 6 
395 443 414 411 409 408 398 392 387 377 353 348 321 302 299 298 282 277 243 238 233 231 207 189 184 178 148 141 128 122 118 117 74 73 68 51 43 27 22 18 8 2 
396 442 424 418 409 388 375 373 354 353 352 349 344 298 294 289 284 279 265 262 260 244 243 233 229 184 183 179 174 172 150 119 118 98 82 69 68 40 35 9 8 4 
397 420 413 405 400 383 369 353 350 341 338 336 299 294 293 290 249 240 235 226 214 209 204 203 199 189 185 180 130 125 120 119 116 115 114 113 111 75 65 49 29 24 23 19 15 14 10 4 1 
398 417 414 412 411 401 395 390 380 376 375 324 305 302 301 297 290 285 277 275 267 241 236 234 231 216 215 210 205 200 192 187 186 144 131 125 121 120 117 110 102 80 77 76 54 26 20 11 6 
399 445 412 411 402 392 391 386 381 378 362 355 347 327 307 302 301 296 292 287 286 268 265 263 252 242 232 217 197 196 187 175 161 153 132 126 122 121 117 116 111 102 85 43 42 38 31 26 12 
400 408 397 392 387 386 382 377 348 344 339 307 303 297 296 293 292 287 263 234 233 229 206 188 183 178 119 116 114 112 73 68 63 27 26 22 17 13 8 4 
401 420 417 404 398 349 348 327 308 305 298 294 293 289 279 264 248 237 234 208 203 198 195 190 189 179 147 129 113 85 80 74 69 64 57 33 23 18 3 
402 448 445 444 433 420 405 404 399 389 386 384 381 358 350 313 299 293 289 275 271 268 235 224 219 209 190 180 178 156 135 134 124 109 108 88 83 70 65 46 39 34 25 24 20 19 15 
403 405 389 385 381 347 346 331 311 310 305 301 300 299 295 271 241 237 236 232 222 215 209 205 186 181 171 167 166 137 122 119 115 111 110 66 45 42 30 29 20 12 11 7 
404 423 420 417 402 401 392 391 387 381 357 352 330 322 316 313 311 308 302 301 296 292 240 216 206 198 193 150 147 142 137 136 132 126 121 112 88 83 67 60 56 46 41 31 26 21 17 
405 407 403 402 397 392 389 387 384 363 361 358 353 312 302 298 274 271 238 227 212 207 188 181 164 159 133 132 123 91 73 68 49 42 38 27 23 13 1 
406 409 392 359 350 349 343 313 304 302 294 249 244 240 239 235 233 228 212 194 189 184 183 163 148 138 134 128 125 123 122 74 53 48 38 32 19 15 14 10 
407 449 426 423 420 415 414 410 409 405 389 379 368 364 360 333 316 314 311 309 305 299 298 274 255 250 245 243 240 214 209 205 201 195 179 153 143 135 124 93 91 86 63 29 25 10 
408 400 395 392 390 387 380 364 362 356 336 320 300 277 274 241 236 235 230 220 210 184 167 162 146 145 141 140 136 135 125 117 94 81 76 71 52 40 25 11 4 
409 427 422 420 412 411 407 406 396 395 377 362 353 352 330 326 316 311 307 305 302 297 252 243 240 238 237 221 215 212 207 150 141 136 131 128 125 121 92 82 72 67 61 52 51 47 41 36 35 31 22 18 13 1 
410 429 426 412 407 392 361 336 319 314 313 308 307 298 271 248 246 227 204 193 188 183 156 152 142 122 94 91 83 78 66 63 57 47 42 23 13 1 
411 419 414 413 409 399 398 395 392 390 388 367 359 353 302 298 285 280 277 269 239 238 223 212 189 187 184 170 168 165 143 139 133 123 122 118 103 97 79 55 53 43 38 24 14 7 
412 440 423 420 419 415 410 409 399 398 384 369 365 361 359 356 355 349 343 333 309 308 305 300 299 279 253 250 246 244 243 241 218 195 190 185 170 168 153 149 148 140 138 136 135 134 131 129 128 124 80 75 63 49 38 21 20 15 9 3 
413 437 432 429 416 415 411 397 366 364 341 339 325 322 315 307 281 274 262 251 249 241 235 226 220 212 211 207 200 196 184 159 145 136 120 97 94 92 69 60 50 45 40 4 
414 422 421 417 416 411 407 398 395 370 357 326 317 316 305 297 288 283 280 277 262 252 247 236 222 216 215 192 190 173 168 156 146 141 136 132 125 102 100 63 61 58 41 35 27 22 10 
415 426 423 422 418 413 412 407 387 364 359 358 337 336 332 322 311 298 253 249 248 246 243 242 232 227 221 198 156 152 139 138 137 134 133 131 78 73 72 66 52 43 41 28 24 23 
416 443 440 435 432 424 419 414 413 367 364 325 318 309 298 277 249 248 244 238 223 215 210 187 162 153 134 129 100 97 74 72 58 53 43 39 33 24 7 
417 425 424 420 414 404 401 398 375 373 364 355 348 344 324 310 308 291 286 283 280 255 245 244 234 229 218 193 190 189 188 183 176 165 154 145 144 134 130 128 85 80 61 38 30 24 20 13 
418 429 425 415 396 391 390 377 376 367 362 339 336 330 325 320 301 272 252 249 247 245 235 162 159 152 150 146 142 140 137 136 105 81 76 70 69 65 60 31 27 
419 443 438 426 422 416 412 411 387 370 362 341 336 331 328 312 280 276 271 251 247 246 241 218 213 197 190 151 146 142 136 132 131 103 100 97 92 61 41 27 10 
420 417 412 409 407 404 402 401 397 363 358 343 327 311 308 294 289 287 262 258 252 248 247 243 232 221 218 203 198 188 184 179 172 157 148 147 142 131 88 83 72 69 67 64 41 23 
421 432 424 414 388 370 365 364 354 342 323 260 255 254 253 252 243 238 208 204 189 162 158 153 148 145 143 140 139 138 89 84 79 73 72 63 35 30 13 
422 446 441 429 419 415 414 409 373 365 360 336 331 329 315 305 304 283 254 239 230 221 216 213 200 195 193 190 178 154 140 135 128 106 103 100 85 64 63 59 49 35 30 29 13 
423 435 415 412 407 404 361 345 335 330 314 311 301 297 292 261 256 255 246 235 224 206 191 187 182 146 145 134 86 75 72 71 60 50 44 36 
424 437 435 431 427 421 417 416 396 377 373 367 362 352 346 345 341 326 277 263 258 255 247 246 241 236 177 167 166 165 161 151 148 142 127 87 82 76 75 56 42 41 38 33 
425 449 418 417 376 368 363 347 342 339 334 332 313 286 283 248 247 242 237 224 222 198 196 193 162 148 147 138 128 114 109 106 93 83 77 62 57 33 16 3 
426 429 419 415 410 407 393 369 364 317 314 308 300 298 293 259 249 228 227 198 194 193 190 185 149 139 138 137 103 84 78 75 73 63 47 34 29 24 
427 438 434 429 424 409 376 365 348 334 310 305 295 278 266 261 259 258 255 239 230 169 168 151 145 140 110 104 90 84 78 59 48 41 36 25 18 8 
428 440 379 370 361 350 346 345 342 340 337 335 330 316 311 289 276 265 261 260 256 236 227 221 216 201 199 196 191 180 175 165 155 151 141 117 112 109 80 65 50 36 31 19 2 
429 446 441 437 427 426 422 418 413 410 392 362 351 336 320 303 302 251 246 230 202 193 188 176 162 152 140 87 81 78 76 71 66 61 50 37 
430 442 441 437 433 388 384 379 352 351 347 342 338 337 318 308 269 264 263 262 261 258 247 228 222 177 172 171 162 157 154 148 138 137 133 118 98 93 88 87 83 81 44 39 
431 448 443 438 434 433 424 382 374 345 343 340 319 314 298 292 264 263 258 243 238 235 230 209 203 202 199 178 174 158 149 139 120 115 112 94 84 73 64 59 34 29 22 5 
432 439 435 421 416 413 389 388 375 354 339 330 323 320 306 265 260 259 254 233 205 200 196 191 189 179 164 145 143 140 94 90 86 81 63 53 35 30 14 
433 447 444 440 435 431 430 402 387 382 360 355 354 350 335 326 321 272 271 270 267 265 264 261 260 251 227 216 181 180 174 162 157 146 141 132 96 91 86 84 80 70 55 47 46 42 36 32 26 
434 446 431 427 385 377 372 367 366 361 348 317 295 272 266 261 256 251 247 238 233 230 212 207 205 181 176 166 161 147 142 123 122 115 97 86 81 51 50 27 25 17 13 8 2 
435 447 442 441 437 433 432 424 423 416 368 362 353 352 351 342 326 323 322 318 314 309 272 263 261 236 213 199 198 177 167 153 146 143 98 97 92 89 88 84 81 56 42 33 7 
436 447 438 390 385 383 382 379 378 374 357 348 324 319 314 292 275 274 267 264 259 258 244 234 204 202 177 173 165 163 160 154 144 128 112 89 87 84 78 73 63 50 39 34 22 
437 449 439 435 430 429 424 413 388 375 351 349 340 323 320 315 298 264 260 255 254 244 241 236 233 210 208 199 173 150 148 145 144 143 126 123 118 100 95 94 90 88 84 74 53 50 49 40 35 30 29 28 16 14 11 9 
438 445 444 440 436 431 427 419 387 386 371 362 360 356 354 351 345 329 321 317 312 302 275 271 266 265 264 260 256 255 251 239 211 202 197 185 175 174 167 161 160 156 149 121 102 95 92 87 85 84 71 59 41 22 10 5 0 
439 446 437 432 393 388 387 385 371 361 360 356 351 312 295 278 271 270 232 212 205 181 180 172 171 168 166 163 115 101 90 86 81 53 52 25 0 
440 447 438 433 428 416 412 373 367 362 357 354 352 326 301 282 267 258 257 244 239 236 213 211 208 203 202 192 187 178 177 158 153 148 146 129 121 102 98 92 87 82 56 43 38 33 31 19 14 12 2 
441 447 443 435 430 429 422 379 374 358 357 324 320 318 315 314 303 283 278 273 268 267 239 223 214 210 205 193 178 177 169 159 152 149 98 95 94 90 89 88 87 83 62 58 44 34 
442 435 430 396 391 388 375 374 373 370 364 359 344 338 334 298 286 281 279 274 270 269 264 260 253 233 215 210 208 205 184 183 179 171 166 160 155 118 99 93 89 84 61 56 40 28 3 
443 441 431 419 416 395 386 370 365 357 331 329 321 304 285 282 270 266 252 247 242 239 190 176 156 151 149 137 132 106 105 100 97 96 95 90 85 81 75 61 59 51 46 22 17 6 0 
444 438 433 402 391 387 377 372 361 360 336 323 322 301 276 272 271 270 266 262 251 213 208 207 202 181 180 176 157 152 141 106 98 97 96 90 47 37 32 16 1 0 
445 438 402 399 391 383 382 373 372 367 362 323 318 301 292 289 284 268 267 263 258 218 213 211 202 197 192 187 183 182 177 174 158 153 121 107 102 98 92 88 87 78 64 59 48 43 38 31 2 
446 439 434 429 422 394 383 374 365 363 360 359 338 332 319 293 279 269 250 242 239 209 198 183 164 152 149 143 140 135 128 108 103 99 94 93 62 49 34 25 23 13 8 3 
447 441 440 436 435 433 384 375 363 330 326 325 320 319 294 290 279 275 274 273 265 264 234 216 211 204 194 183 174 160 154 128 105 101 95 94 93 89 84 50 45 14 10 9 4 3 
448 431 402 394 386 385 375 356 341 331 307 304 292 290 287 285 276 275 266 235 222 214 211 190 177 161 156 124 120 116 115 110 105 101 96 71 67 62 46 34 30 25 15 10 5 
449 437 425 407 381 376 371 368 366 363 357 335 332 327 296 291 286 281 253 247 245 212 201 191 162 155 152 143 138 116 101 97 92 65 47 32 28 21 16 2 

