271 448 447 444 443 428 418 417 405 403 402 389 384 379 373 368 363 349 347 334 329 312 303 295 290 274 273 268 263 258 242 222 214 213 209 202 198 188 185 183 180 177 173 168 159 154 147 142 132 109 104 94 93 88 78 70 65 54 52 48 44 43 42 39 38 37 32 14 13 
447 441 436 406 384 379 375 374 369 363 356 355 350 326 320 305 294 289 284 280 274 273 271 270 260 231 230 221 216 211 210 206 204 201 199 196 195 194 184 183 175 160 145 135 129 115 104 101 100 99 95 93 90 86 70 50 45 41 35 25 24 19 14 9 6 3 
336 429 424 422 419 415 413 410 397 378 374 373 372 367 352 347 332 328 314 309 307 303 300 293 288 283 273 259 254 249 244 238 217 208 207 203 199 198 194 190 185 174 172 168 163 158 152 149 143 134 127 94 92 89 83 79 75 68 62 43 42 37 29 23 22 
161 448 434 432 427 424 419 402 387 379 377 374 369 368 363 358 353 348 345 340 322 319 312 309 293 287 283 273 259 257 233 230 228 222 213 198 197 193 183 179 178 173 172 153 144 132 120 115 107 94 93 88 74 72 53 42 39 34 29 22 17 13 10 5 3 
436 448 447 443 433 429 427 424 423 399 390 385 382 374 369 368 357 353 324 319 314 292 275 274 267 263 258 254 253 247 209 204 193 183 182 178 177 173 165 160 154 152 149 144 143 138 93 89 88 87 78 72 62 58 52 50 44 39 38 34 22 8 
137 443 439 429 426 425 424 418 414 409 405 404 400 353 339 334 328 316 311 305 301 295 263 260 249 245 244 240 239 238 235 229 226 215 210 206 201 196 185 180 173 148 144 139 136 135 134 125 91 86 83 80 75 58 55 50 36 25 20 15 
52 449 436 420 411 410 408 405 390 380 374 365 364 356 351 318 316 310 289 279 274 271 255 246 241 228 215 211 205 204 194 185 184 180 176 140 138 136 131 130 124 109 106 104 99 94 85 84 75 65 64 50 48 21 16 15 10 9 5 
351 443 437 434 432 430 429 413 388 379 378 374 358 347 329 324 322 320 315 314 308 303 292 283 269 259 257 233 228 210 208 205 204 203 167 154 144 128 127 123 99 95 94 90 78 77 57 53 52 49 48 44 43 39 38 34 33 28 23 
238 441 434 426 421 416 409 400 395 385 381 367 366 362 361 344 336 320 319 315 310 301 300 296 295 286 255 254 252 251 235 229 225 220 216 215 210 206 201 196 164 142 140 139 137 136 135 130 120 86 76 74 49 40 31 30 27 0 
104 447 446 442 427 402 392 388 383 367 366 360 356 332 306 297 287 282 281 277 276 273 272 271 270 268 266 262 261 241 232 221 196 191 181 180 177 176 172 167 163 162 158 147 117 107 106 101 96 91 90 81 62 57 52 48 1 0 
342 441 435 428 421 416 403 399 394 380 375 374 355 341 338 315 314 313 306 304 299 289 280 265 256 255 248 240 231 214 211 204 200 199 196 194 191 170 158 145 141 140 133 124 111 105 95 81 68 50 43 40 19 14 11 5 4 
287 448 444 395 391 389 386 383 374 366 358 345 335 299 293 285 280 276 275 268 260 225 220 206 204 203 194 191 185 178 166 161 159 146 130 129 124 120 119 114 113 109 104 100 88 60 55 51 50 45 36 34 29 23 19 5 0 
316 444 438 419 409 407 382 363 358 354 353 350 349 343 333 328 317 304 294 292 284 273 249 240 239 235 227 222 218 202 194 189 179 177 173 168 158 142 137 134 129 125 124 112 94 74 73 67 53 52 48 47 34 24 15 14 10 
36 448 438 433 427 404 375 373 362 354 353 338 337 317 307 299 288 287 272 268 265 260 253 247 244 242 234 229 209 198 182 179 174 168 159 158 157 153 150 148 137 129 127 124 99 94 92 78 73 67 64 63 62 40 35 4 2 
286 448 444 438 425 417 407 394 393 383 378 373 367 357 352 339 334 332 327 324 315 310 303 298 283 274 263 262 252 243 238 237 229 219 200 198 183 174 164 148 147 123 108 103 90 85 82 67 59 57 49 32 28 23 18 4 
403 441 411 406 405 400 390 389 386 380 366 361 356 347 342 341 301 300 299 291 290 271 251 250 245 241 237 236 235 232 226 220 215 209 205 191 181 170 166 126 125 122 120 119 117 115 110 105 101 75 66 56 30 29 15 7 
87 441 440 438 436 435 429 425 385 375 373 355 334 329 326 320 319 315 314 283 276 275 274 270 265 264 258 250 230 216 215 211 210 204 193 180 169 168 164 155 154 150 144 110 106 105 103 101 95 78 64 59 50 45 16 13 
291 428 417 403 399 394 392 388 373 355 353 338 334 327 313 308 302 293 289 284 279 268 245 240 237 234 229 228 223 213 212 192 183 173 169 167 164 147 135 130 122 112 109 108 64 59 57 54 43 39 38 23 20 17 15 4 
201 449 447 438 433 423 407 404 399 394 389 387 355 348 344 339 317 289 284 279 273 268 245 243 240 238 229 227 224 222 198 194 169 168 164 158 153 144 138 137 135 130 119 114 109 93 88 73 68 63 59 58 47 20 15 
21 433 418 412 394 382 377 372 360 355 334 322 313 312 308 289 283 282 279 278 245 240 233 232 229 228 224 223 174 169 167 164 153 152 142 138 135 130 129 128 123 114 113 98 64 63 54 53 52 38 37 33 20 15 9 
166 442 429 424 403 390 385 383 382 379 377 374 373 369 357 352 343 324 319 314 303 287 283 275 273 262 259 257 229 209 203 198 197 173 172 165 160 154 149 147 144 107 98 94 93 89 82 73 50 29 19 17 13 8 7 
352 445 435 414 409 404 399 396 391 378 361 360 345 341 336 320 319 315 314 309 290 288 286 281 270 230 224 219 215 214 210 209 204 198 196 180 171 166 160 155 119 108 105 95 90 75 61 56 54 49 45 40 39 35 18 
372 445 444 429 424 410 406 393 390 354 349 346 340 336 335 334 329 303 280 264 260 255 245 244 236 231 220 219 216 213 196 186 170 165 160 159 144 126 123 121 116 100 90 84 80 79 74 69 61 35 33 21 15 6 0 
285 448 443 408 397 392 388 387 386 382 377 349 343 333 327 321 296 292 288 287 283 278 273 272 253 242 239 234 206 202 173 168 163 142 141 127 124 117 116 112 108 107 98 82 58 51 47 37 27 26 22 17 14 9 3 
427 438 436 434 429 425 396 389 380 376 375 370 360 354 349 348 344 339 335 329 315 310 290 270 266 261 260 258 255 250 249 206 200 179 176 169 168 161 154 151 150 145 139 119 115 104 89 79 78 74 64 50 41 36 35 
322 446 445 444 439 434 420 413 410 405 391 365 364 361 360 356 355 351 344 323 320 309 300 294 274 264 259 246 241 233 231 216 185 174 169 165 161 143 131 94 89 85 84 75 74 70 53 40 35 30 29 25 21 16 5 
332 449 446 444 441 421 420 379 369 364 363 360 336 331 315 311 310 305 289 286 273 269 260 255 250 245 239 221 216 209 200 199 195 194 190 189 183 179 176 160 145 140 111 109 106 104 94 93 90 89 85 84 25 4 3 
62 448 446 441 440 436 431 425 420 394 389 384 383 376 375 370 365 360 358 336 331 315 300 293 289 284 275 268 266 255 230 221 219 204 203 200 190 178 150 140 124 109 106 104 90 88 69 54 45 36 34 29 23 19 
141 443 433 428 419 413 395 390 388 387 373 364 362 358 354 348 343 342 338 328 327 298 297 294 285 280 272 254 253 249 244 233 207 189 182 170 169 165 158 157 143 134 124 117 92 84 69 60 55 53 27 24 23 14 
75 433 428 426 424 417 403 378 373 368 352 347 336 322 317 314 313 312 309 308 297 292 288 268 258 246 237 232 217 212 208 207 203 199 172 156 153 152 148 147 143 137 127 123 113 98 89 88 84 66 57 52 43 37 
17 435 400 399 395 394 391 386 379 378 353 349 345 340 319 309 304 291 288 285 276 270 263 250 234 229 224 219 214 206 198 175 170 166 161 160 139 124 116 108 96 90 85 83 81 56 51 44 39 34 20 18 11 6 
363 449 447 446 442 430 426 420 416 415 410 384 381 361 359 337 332 330 326 325 316 311 294 281 276 271 269 245 240 235 230 222 204 200 190 179 161 160 156 155 145 140 135 121 114 112 111 107 106 89 86 70 55 24 
92 439 438 435 424 413 385 371 348 345 344 341 339 336 330 324 323 315 301 300 299 296 295 290 284 265 259 258 256 254 249 236 233 220 215 185 179 169 168 164 159 146 143 141 100 84 79 78 74 56 53 36 31 16 
377 449 445 439 429 425 415 401 400 391 386 368 361 359 355 349 346 345 340 330 319 290 285 280 278 276 255 254 230 225 188 179 175 174 170 166 164 161 159 151 115 98 89 84 79 69 60 55 51 50 21 16 8 0 
315 441 432 427 417 413 407 389 384 376 367 353 352 351 348 342 332 303 286 278 274 268 261 257 252 248 247 243 238 227 197 196 188 164 162 159 157 152 128 127 123 106 92 87 81 78 77 73 62 49 32 18 16 13 
227 440 428 426 410 406 394 384 379 375 374 355 350 338 335 316 315 311 305 299 294 289 284 259 255 248 245 240 201 199 194 185 184 160 158 146 135 129 121 120 114 109 91 86 76 68 34 30 29 20 19 15 14 9 
15 443 442 406 403 398 397 393 383 381 372 349 347 333 328 316 312 291 277 273 252 239 234 232 228 227 226 223 222 218 201 173 167 163 142 137 136 124 122 118 113 111 72 63 57 53 52 48 46 43 37 21 14 9 
252 441 435 434 425 424 421 419 418 416 414 409 365 355 345 341 339 334 328 320 315 310 306 286 280 260 255 249 245 239 238 210 205 199 196 191 149 148 145 144 140 139 111 109 95 94 90 86 81 74 64 58 30 15 
176 442 438 427 417 408 407 398 388 379 365 360 332 329 328 327 324 319 318 303 298 293 288 274 269 250 237 219 214 209 204 169 167 159 153 147 140 135 128 118 113 104 99 94 93 64 57 52 39 33 28 25 18 
120 437 431 403 402 398 392 387 382 369 364 353 347 343 341 338 323 293 292 288 287 273 254 251 238 233 228 227 212 202 197 192 183 178 173 172 161 144 139 132 122 107 71 68 63 37 34 33 32 29 22 12 8 
127 431 430 410 405 404 399 396 389 378 355 351 350 341 336 319 315 314 295 290 288 285 260 226 224 209 198 196 194 185 155 150 145 134 129 125 124 119 116 111 108 85 75 70 66 49 39 36 34 18 10 5 1 
356 447 439 434 413 412 403 398 389 383 382 368 365 360 322 319 314 313 308 304 298 279 274 269 253 250 233 232 228 223 219 187 172 153 143 142 140 135 133 128 123 104 102 99 94 89 52 44 43 39 38 25 3 
296 414 413 408 400 398 392 388 349 344 343 339 338 333 327 318 302 290 289 285 279 277 238 234 229 212 199 175 169 168 162 154 138 124 123 122 119 112 92 78 69 65 60 58 54 53 47 43 33 32 24 9 4 
313 435 430 420 416 415 404 379 361 356 347 346 342 340 330 325 314 291 289 261 250 245 240 237 232 231 224 199 191 181 170 165 160 150 145 134 126 122 117 109 96 76 75 71 70 66 44 31 21 19 12 11 7 
375 448 447 437 432 427 402 396 393 392 387 382 349 347 343 342 338 306 288 283 278 272 267 257 247 242 239 234 228 227 223 216 208 183 168 163 157 147 126 124 87 82 68 67 62 53 48 36 32 14 9 3 2 
86 447 439 434 433 432 418 417 407 389 388 384 379 374 365 363 360 338 329 323 319 317 269 264 262 259 252 250 238 233 228 227 218 209 178 163 162 158 143 140 137 135 99 74 72 63 57 53 49 47 25 23 8 
388 445 442 439 437 406 401 396 374 365 355 351 349 327 296 291 285 284 281 270 265 259 231 226 221 217 212 205 200 195 194 190 185 181 176 175 171 169 141 126 121 116 104 102 90 86 81 79 55 14 11 10 1 
37 444 439 434 429 426 410 393 386 368 349 341 336 303 295 285 278 275 271 269 259 240 235 226 213 205 188 180 179 175 174 164 150 135 125 123 120 116 111 98 91 84 75 74 70 66 33 26 21 20 15 8 1 
426 449 443 433 429 428 424 423 419 415 410 407 374 373 369 367 363 333 317 312 309 300 259 258 254 253 248 244 238 227 222 207 194 190 188 185 163 158 153 139 137 132 89 84 79 75 53 47 37 34 29 24 2 
262 440 434 430 429 396 393 391 390 370 368 359 349 330 303 301 286 281 278 270 254 244 236 213 211 205 200 196 188 174 171 169 166 160 154 123 111 105 104 98 89 86 85 84 74 70 69 61 56 33 25 20 8 
13 446 445 434 422 417 411 410 409 395 391 390 386 381 376 361 344 331 320 319 315 312 307 305 300 276 271 254 236 229 225 221 216 210 197 192 166 164 161 150 139 135 130 125 87 82 74 65 49 46 30 16 1 
81 442 438 435 432 430 429 417 413 393 388 379 342 338 329 323 320 318 315 314 282 259 252 243 219 218 214 210 205 203 162 159 153 149 143 138 118 112 108 104 99 95 94 90 89 72 63 58 43 39 19 17 7 
70 447 433 417 397 384 379 368 363 362 361 322 313 312 303 302 271 269 264 263 262 247 242 222 203 198 188 183 181 167 163 154 152 138 133 127 117 108 93 91 83 53 47 44 42 39 38 37 33 32 27 1 
309 435 431 426 421 416 411 407 381 378 370 357 352 347 345 341 336 331 322 312 297 280 268 263 255 246 242 241 231 212 192 187 165 161 156 153 146 132 100 75 72 71 67 61 56 51 43 42 38 22 17 10 
89 446 442 436 435 432 431 427 426 410 401 382 377 368 363 356 346 345 336 332 327 322 320 277 272 267 262 256 255 253 230 222 212 207 202 191 171 166 165 162 152 151 146 143 140 138 97 81 75 66 47 28 
240 438 428 406 404 381 363 358 342 317 316 313 312 307 303 294 291 289 258 248 237 232 227 226 223 217 212 207 201 198 188 179 177 172 147 143 137 136 133 132 122 111 88 83 69 64 46 37 28 23 22 21 
53 446 439 437 432 426 421 416 396 375 370 366 365 361 360 355 351 349 331 322 317 316 306 296 275 259 212 207 200 190 180 169 161 145 141 131 106 105 97 96 95 92 86 85 79 70 31 21 16 15 5 0 
164 422 405 386 381 380 377 376 367 366 361 348 317 315 312 291 290 286 281 276 267 266 257 238 233 225 207 202 201 200 197 152 147 142 135 123 111 110 106 92 87 71 66 61 46 37 32 21 20 16 13 8 
396 442 433 427 408 399 393 388 382 379 378 375 352 349 348 347 344 338 318 293 289 272 265 262 260 258 257 239 213 203 184 174 172 168 167 163 150 129 127 124 123 119 113 82 74 64 53 43 40 35 32 2 
77 435 421 419 406 398 381 380 376 374 355 351 350 334 331 325 324 315 314 308 270 265 241 236 229 224 219 218 205 200 174 155 145 140 139 134 129 128 126 95 90 84 59 54 49 40 38 34 30 16 11 10 
61 442 429 424 419 417 398 393 378 372 370 369 352 327 317 314 309 303 268 262 260 258 255 254 249 244 237 199 194 178 172 164 147 145 144 140 134 123 118 114 113 108 84 83 57 35 33 32 30 29 23 9 
187 440 423 419 416 411 404 398 395 394 356 345 335 333 330 320 319 309 308 301 280 275 270 250 243 235 229 225 224 220 219 218 215 191 186 165 160 155 153 139 134 128 76 71 63 55 54 50 45 39 38 34 
192 431 424 419 409 398 391 385 355 346 341 335 334 330 324 309 308 301 291 264 256 244 231 229 224 220 218 216 215 190 170 165 160 154 149 144 134 128 121 120 116 115 96 66 64 59 55 40 38 13 11 6 
442 449 445 444 440 431 396 391 388 385 374 364 363 359 325 320 310 298 284 281 279 274 273 269 235 215 209 208 205 194 183 179 176 171 166 155 135 118 104 90 89 81 61 56 40 35 28 16 15 9 4 3 
446 444 439 434 429 422 384 378 374 365 363 360 337 332 323 322 319 289 283 278 269 268 264 254 250 248 243 242 209 193 183 178 168 154 152 148 142 140 135 108 104 98 94 93 89 62 53 49 44 25 18 13 
16 449 444 442 437 434 425 422 413 412 399 398 377 373 368 348 347 334 324 323 322 315 310 284 279 274 233 219 200 183 169 167 164 163 157 142 138 114 109 94 92 90 87 85 77 73 59 53 52 13 4 3 
292 448 436 431 415 394 390 389 381 358 351 345 341 340 330 325 321 320 316 314 294 285 268 245 243 235 230 229 225 224 220 211 206 204 200 178 170 134 124 120 114 110 96 91 88 75 63 39 29 24 10 
361 444 434 419 410 408 405 403 397 389 387 379 377 363 352 348 334 328 324 323 322 319 313 297 295 290 288 269 263 238 214 207 203 185 180 164 158 154 153 142 133 117 99 70 65 54 53 44 27 13 8 
231 447 414 409 397 395 390 388 372 354 353 342 337 323 322 313 309 304 302 299 293 282 280 273 244 232 218 204 203 194 192 172 170 165 158 139 134 129 128 118 113 102 84 68 55 38 33 24 23 19 12 
306 432 428 418 413 408 404 375 349 347 344 342 338 333 299 294 293 277 265 260 252 248 243 239 229 228 223 212 199 184 179 168 162 158 153 150 143 138 124 123 104 74 72 68 63 58 53 48 40 35 4 
66 432 419 417 415 410 403 398 392 327 313 308 302 300 298 294 254 253 237 233 218 213 199 192 190 185 179 164 149 147 139 134 133 127 123 122 113 108 98 89 84 75 57 37 34 32 29 28 24 23 7 
312 438 429 426 424 405 386 381 380 373 350 349 348 344 330 329 309 301 295 283 271 266 258 244 240 239 193 180 169 168 164 161 156 154 151 140 130 103 80 78 75 70 69 65 54 46 41 21 20 15 13 
33 440 435 430 424 421 420 411 401 395 391 372 367 351 350 341 340 334 330 296 281 262 260 257 255 250 245 244 241 236 231 221 205 176 171 160 155 154 147 126 120 95 80 70 64 61 60 37 32 21 11 
391 445 442 440 429 409 399 383 378 377 352 335 330 327 323 322 298 289 287 273 262 234 220 215 203 197 194 193 192 188 184 174 159 139 128 114 108 107 105 98 82 69 64 57 34 33 23 18 17 14 13 
132 443 426 419 414 410 409 395 386 381 360 353 350 341 340 329 321 309 304 300 295 290 271 266 263 254 245 240 239 234 195 190 184 173 169 161 156 144 125 120 110 105 83 65 59 46 41 39 31 20 10 
10 448 423 419 414 408 406 397 388 387 383 341 338 328 316 309 307 304 297 292 273 257 251 228 226 223 218 217 213 212 202 194 189 177 168 161 136 132 127 122 84 79 77 71 52 48 46 42 27 7 2 
191 444 432 423 413 403 389 380 374 367 342 339 333 327 318 313 298 293 289 287 279 277 274 270 265 252 243 229 228 224 223 214 193 187 162 155 138 118 104 102 97 89 63 58 54 49 48 45 40 19 7 
277 441 435 416 411 408 406 400 390 379 374 369 359 325 320 318 306 301 296 295 294 284 280 279 275 274 254 228 225 194 191 189 186 184 181 150 138 110 104 100 99 94 89 84 79 76 48 15 14 9 4 
32 439 434 429 425 419 415 406 396 393 375 370 349 344 340 339 329 315 303 300 296 295 286 271 260 254 249 246 244 230 213 186 185 181 180 175 169 164 159 154 123 120 115 79 71 70 66 65 61 33 6 
441 448 447 439 435 434 430 422 408 403 384 374 357 348 342 332 329 324 320 319 315 314 302 283 277 267 264 252 242 238 218 209 205 178 177 168 158 134 108 99 95 94 93 90 87 83 82 62 34 8 3 
145 447 432 428 427 423 421 418 364 363 359 342 337 332 331 313 308 257 252 249 248 247 242 241 237 198 188 173 152 151 147 143 139 134 128 127 117 102 97 83 78 77 72 61 57 53 28 24 23 18 12 
212 439 434 413 411 406 405 388 385 380 369 323 309 306 298 296 295 291 290 281 279 269 254 246 240 235 233 214 208 186 184 181 175 174 143 125 120 118 99 94 89 84 75 71 53 35 28 10 5 4 0 
39 436 431 430 411 402 378 365 357 356 352 351 341 340 326 301 297 292 291 275 271 268 263 251 250 232 207 187 185 177 176 171 161 160 153 132 127 122 95 91 81 76 72 70 67 43 41 38 17 12 7 
320 447 442 441 437 434 429 422 413 412 408 362 358 353 352 351 322 319 314 308 292 288 277 261 252 247 243 238 208 204 187 182 177 172 171 162 138 128 94 89 87 81 78 73 63 28 23 18 13 3 
84 438 435 433 426 421 416 382 381 377 372 370 345 332 331 323 322 280 277 276 267 262 255 246 236 231 213 212 208 206 165 157 152 146 141 100 98 97 92 77 75 66 61 56 52 51 47 42 37 10 
289 447 446 445 428 420 396 392 391 387 386 355 342 332 330 318 313 311 296 291 265 240 232 227 221 216 206 203 201 191 175 172 167 162 150 122 117 112 111 106 93 88 85 62 60 52 41 31 21 2 
392 411 408 406 384 383 375 369 364 350 345 340 318 296 294 293 291 290 289 285 280 274 235 228 221 204 199 194 189 186 181 180 138 120 113 104 99 85 71 66 65 60 51 50 48 25 24 19 9 5 
162 433 430 425 421 420 419 416 408 374 370 359 343 340 330 320 318 315 311 306 301 296 289 284 275 274 269 253 228 215 196 191 189 184 179 175 163 140 139 138 104 89 86 81 73 48 35 30 19 4 
163 439 426 425 411 401 396 387 382 375 374 370 349 336 290 285 284 280 275 272 270 267 261 259 246 221 200 196 195 194 190 185 180 175 169 162 157 136 105 104 91 86 79 70 47 42 16 15 14 0 
411 419 409 408 403 398 395 392 390 367 364 309 302 294 280 277 272 268 254 249 243 239 228 218 212 204 197 187 170 165 163 139 134 133 128 103 97 82 79 74 60 55 52 42 39 38 33 13 8 7 
196 447 432 425 424 423 418 409 399 394 378 372 352 344 343 342 338 334 333 329 328 315 310 279 273 262 252 248 243 238 229 213 200 174 163 162 158 148 137 127 109 104 90 85 72 64 63 54 49 18 
142 446 434 420 418 415 405 386 365 361 356 350 349 328 316 310 305 303 295 285 271 250 246 241 239 238 234 195 190 185 175 164 160 159 154 149 148 144 136 135 131 74 69 64 59 58 24 21 16 15 
11 448 439 437 398 394 388 380 379 347 342 338 334 333 327 318 313 303 293 284 282 274 270 265 263 257 219 218 217 203 192 182 169 167 160 155 138 128 102 77 64 54 49 45 38 33 24 23 17 12 
438 444 427 421 419 416 371 370 360 355 354 329 326 317 316 312 286 280 270 264 260 240 239 206 202 201 185 180 176 174 156 149 131 100 96 95 92 91 87 85 84 81 80 59 56 46 41 36 5 0 
272 445 440 435 433 416 411 396 385 380 375 371 366 364 359 354 343 325 285 284 280 274 270 265 256 253 236 210 189 175 174 163 150 146 141 104 100 99 94 89 79 73 45 40 36 31 29 14 9 4 
222 426 425 416 415 405 384 381 374 369 363 359 355 330 326 325 316 305 284 274 273 271 266 205 201 194 190 184 183 179 161 156 125 121 109 99 93 91 89 70 54 46 41 24 20 15 14 9 5 3 
223 421 416 406 394 385 375 370 365 356 347 346 306 304 301 291 290 275 270 246 241 240 237 236 232 214 206 205 191 185 151 136 126 124 122 115 110 96 76 71 50 46 34 21 20 15 12 10 7 5 
158 441 431 426 406 405 385 376 374 371 366 365 361 355 350 342 341 337 336 316 311 306 284 280 256 245 231 227 201 200 196 194 190 185 170 160 155 141 117 112 104 95 86 85 36 26 14 5 2 0 
353 436 431 409 405 400 395 386 362 357 325 321 320 319 316 315 291 266 261 247 235 231 230 229 225 220 186 161 156 151 139 137 132 130 125 121 120 106 101 96 91 56 55 49 45 40 36 22 17 
20 448 443 412 407 394 389 381 338 333 312 291 283 282 279 278 262 242 237 233 232 228 227 223 222 201 169 168 167 164 153 152 137 132 118 113 112 111 108 102 63 59 58 54 47 37 21 17 8 
121 445 440 399 397 388 383 372 363 353 349 339 335 330 308 294 293 282 264 248 229 227 222 220 218 217 215 213 208 203 192 184 179 174 138 133 119 114 105 102 78 73 59 57 47 28 22 14 12 
122 421 406 405 404 403 400 370 365 350 313 304 299 296 291 290 289 251 241 240 235 230 224 223 219 215 209 204 181 180 175 169 133 129 120 119 115 71 66 56 54 44 43 39 34 29 15 10 1 
7 416 411 403 390 389 384 380 370 360 313 304 301 300 294 280 275 270 266 224 223 219 209 204 199 191 186 170 166 165 155 151 133 129 105 95 81 76 66 50 49 46 45 43 39 34 29 19 10 
90 447 444 443 442 441 439 428 422 417 388 378 376 372 357 352 351 347 337 333 332 329 328 302 286 273 268 263 261 252 219 218 214 213 208 196 171 167 108 107 106 104 82 81 77 67 62 17 16 
136 423 419 418 413 408 404 387 359 350 349 333 318 317 297 249 248 240 238 235 233 232 228 223 217 207 194 184 179 163 142 137 134 129 125 124 117 83 74 72 52 43 38 28 27 19 15 14 10 
382 444 436 433 431 414 396 390 375 369 364 356 355 354 349 343 340 321 316 285 280 269 264 253 250 249 230 220 211 210 206 189 179 175 174 166 163 144 124 120 115 96 89 84 80 73 60 55 21 
235 442 431 423 418 413 406 403 397 392 364 363 359 358 353 317 316 298 297 292 251 249 248 243 238 226 217 212 208 202 193 187 143 139 137 136 134 133 122 117 78 73 71 67 46 37 27 24 18 
389 427 405 403 402 397 380 376 371 366 361 356 347 315 293 292 290 288 287 282 281 276 271 225 202 201 200 191 182 181 178 177 135 127 117 112 110 101 96 86 68 67 63 62 57 45 20 7 1 
237 425 420 415 403 401 400 386 378 365 355 313 311 304 300 299 294 291 288 286 255 245 240 225 223 214 204 200 198 190 176 145 140 134 133 129 119 115 108 75 66 61 54 49 43 24 20 18 6 
168 446 441 439 427 396 390 380 375 371 349 336 321 317 316 312 306 296 295 290 285 276 271 266 259 236 211 210 206 205 202 201 190 185 169 156 155 111 110 101 100 92 87 79 36 25 20 10 5 
169 432 427 421 393 388 386 380 376 327 322 317 312 296 291 290 281 278 276 262 232 207 206 201 200 186 181 176 168 163 157 152 141 132 131 122 111 110 106 92 87 53 47 32 26 21 20 16 11 
54 412 398 386 381 380 376 371 367 361 352 312 307 301 297 296 291 290 288 283 281 276 271 242 237 222 206 200 197 196 191 187 181 122 116 111 110 106 101 77 63 62 58 26 21 20 11 6 1 
257 439 435 434 429 424 421 419 396 393 375 370 351 344 334 315 303 295 265 261 260 255 244 241 239 236 213 205 184 166 164 161 150 149 145 126 123 95 91 64 50 40 35 33 30 25 11 10 5 
260 447 438 437 432 427 421 402 396 378 373 372 359 354 337 332 317 307 306 287 268 257 252 247 244 242 241 239 216 213 183 167 153 151 148 137 129 127 126 93 72 67 61 58 36 33 32 19 14 
181 444 410 408 405 403 393 392 389 388 384 324 323 319 313 303 302 298 295 290 277 274 269 228 219 218 214 212 209 185 182 180 169 138 122 118 109 104 99 70 65 63 54 49 48 44 43 32 28 
139 427 426 421 416 415 411 391 390 362 353 331 325 317 307 302 300 297 276 252 251 246 243 238 236 235 231 210 187 182 162 156 151 146 145 137 128 120 77 71 66 56 55 42 30 18 17 13 12 
34 448 441 436 431 426 421 412 407 402 391 390 365 351 347 346 338 333 316 300 287 275 256 246 227 223 210 187 185 182 161 157 151 127 122 120 117 113 108 97 95 77 76 72 66 62 17 7 5 
273 447 442 391 385 374 355 337 336 332 321 316 310 285 284 281 280 276 275 271 261 231 222 221 215 201 196 195 194 190 170 166 161 156 120 112 107 106 105 104 101 95 90 56 41 15 14 10 5 
349 437 432 427 406 396 393 388 386 382 377 375 372 327 316 312 311 306 301 296 285 278 271 267 262 226 216 211 206 195 168 163 157 147 142 136 121 107 105 102 97 53 47 41 37 32 31 17 15 
106 449 448 425 422 373 363 353 348 344 339 334 332 318 315 310 289 282 278 273 268 263 247 243 242 229 200 193 174 169 164 152 133 114 109 104 103 98 93 90 87 85 62 54 53 52 49 23 8 
115 447 439 434 433 432 431 427 403 398 393 387 382 377 367 366 348 341 324 288 282 276 251 242 237 233 228 223 214 209 192 186 178 161 123 122 113 102 99 96 71 58 32 28 27 22 12 6 3 
22 443 436 431 419 410 406 405 404 390 369 353 345 336 321 319 314 309 285 275 263 240 239 230 229 225 220 211 209 206 175 173 161 154 149 144 134 121 120 115 109 96 91 83 65 64 60 59 
215 442 416 414 409 408 403 397 391 357 352 327 326 301 299 298 293 282 273 238 236 233 211 192 189 187 184 172 162 146 137 128 122 121 118 97 92 87 74 73 68 56 52 47 31 18 12 2 
93 447 446 441 440 436 435 425 421 406 401 381 379 355 350 345 337 332 321 289 271 260 255 250 245 230 222 216 206 201 199 176 175 166 161 160 156 112 109 107 106 95 80 70 51 41 35 19 
40 442 433 432 417 407 396 371 362 358 353 352 348 344 342 339 327 322 306 303 298 293 281 272 257 253 243 238 233 229 216 192 191 188 182 177 153 128 126 123 119 114 101 77 73 72 36 4 
406 447 429 404 403 397 393 392 388 383 372 350 349 318 303 302 277 249 240 235 227 223 218 212 204 203 202 189 158 134 133 129 125 122 93 83 79 78 77 48 38 32 24 22 19 15 14 10 
317 444 438 426 424 413 410 354 350 348 339 316 311 300 264 260 259 258 255 254 249 244 240 235 233 201 190 185 180 169 168 164 139 136 134 130 129 91 86 80 79 78 75 74 61 53 36 5 
416 440 438 435 432 428 419 413 408 407 367 363 359 342 325 323 313 309 304 277 272 253 252 249 238 223 222 215 210 199 189 187 162 153 144 139 138 133 100 97 84 74 72 58 53 43 24 7 
422 446 441 434 425 424 390 373 370 365 339 336 335 334 331 320 319 305 301 299 283 275 255 254 250 244 221 216 193 165 164 149 144 140 135 111 106 103 94 90 85 80 76 74 64 25 16 13 
50 447 437 436 429 427 418 417 392 383 377 367 358 346 342 319 314 308 303 298 287 257 256 248 232 223 204 197 193 188 187 177 166 148 147 138 137 133 128 94 87 78 76 73 52 18 12 7 
111 449 428 422 418 397 383 363 360 355 348 342 339 332 307 293 289 283 278 262 258 252 245 242 240 217 204 198 183 169 168 164 152 135 130 127 119 114 107 103 64 54 37 23 20 15 4 3 
435 441 433 432 428 424 423 416 407 373 352 342 326 323 314 313 309 277 272 263 261 258 257 252 236 199 182 177 172 171 153 152 146 143 133 113 108 98 93 92 89 87 84 81 77 56 33 17 
331 422 378 370 369 365 364 358 332 314 309 308 307 288 283 278 264 259 255 248 242 198 193 178 152 145 140 139 134 117 103 98 97 84 83 79 77 62 53 35 30 29 24 18 13 12 8 3 
112 431 428 401 390 389 363 355 345 338 321 316 310 305 299 296 291 290 289 285 284 281 279 273 248 225 211 206 205 189 183 170 158 155 135 119 114 99 96 93 81 80 68 24 20 19 9 3 
301 445 440 422 409 408 404 403 398 367 349 344 339 335 330 312 308 277 262 239 238 233 229 224 223 220 215 193 192 188 187 184 174 162 137 133 128 105 103 97 92 78 69 54 43 39 7 4 
386 448 403 402 400 399 377 353 349 339 312 308 302 294 290 289 287 285 284 283 278 268 237 234 229 224 203 197 193 188 175 172 169 164 142 132 128 119 107 98 65 60 58 54 42 37 17 13 
167 408 405 396 384 383 379 364 359 351 318 300 293 291 289 279 270 265 260 255 241 239 236 228 204 203 176 138 126 114 113 104 100 99 95 90 70 48 25 24 23 21 20 16 15 11 9 4 
147 444 440 429 420 410 405 401 393 375 360 355 354 349 339 334 305 303 291 286 271 255 249 245 240 213 180 176 166 164 159 145 144 140 135 123 109 104 79 75 69 66 64 61 50 33 30 1 
205 448 442 441 439 437 434 403 398 393 388 351 348 347 338 337 324 283 267 262 261 257 252 248 228 223 222 214 209 178 177 172 171 168 118 112 99 82 81 77 58 52 43 37 33 8 3 
151 448 443 429 427 424 414 377 370 368 365 364 358 353 337 312 304 268 263 260 255 254 253 249 247 233 223 204 193 189 178 173 157 154 145 140 139 138 97 89 79 78 67 35 34 30 7 
213 445 444 440 419 410 396 372 370 355 354 345 329 291 271 264 262 260 257 239 236 226 196 186 180 175 174 170 161 149 147 126 121 100 95 90 85 84 66 59 37 32 26 10 5 1 0 
247 445 443 436 425 424 420 409 405 390 376 375 353 326 324 320 315 266 263 261 260 244 234 211 210 175 173 154 151 145 144 129 116 114 106 91 85 83 80 70 64 59 49 45 44 41 36 
94 446 441 437 422 413 410 408 387 356 351 346 337 336 332 322 320 316 298 277 272 271 267 252 246 230 221 212 188 183 176 166 161 157 140 107 101 81 76 73 71 52 50 47 42 36 16 
401 420 417 415 414 412 398 388 377 368 359 354 333 327 310 305 304 299 294 237 208 198 195 190 189 184 163 147 134 124 123 118 114 113 112 93 89 80 73 68 64 57 33 28 23 19 14 
293 410 397 396 395 392 389 376 336 326 310 306 305 300 299 291 287 282 281 270 265 241 231 225 220 215 209 191 190 176 172 171 167 161 121 120 119 116 111 62 57 45 40 35 30 29 11 
255 428 427 424 422 421 417 407 377 372 368 362 342 333 332 331 317 314 309 268 258 257 252 241 238 237 227 199 178 177 167 153 151 148 147 93 89 88 84 72 67 62 61 57 52 38 33 
410 429 428 426 413 407 372 363 361 336 322 319 318 317 314 303 298 293 253 246 232 227 213 209 204 188 181 173 156 147 138 132 128 127 94 91 89 83 73 66 57 52 47 37 22 18 13 
38 440 436 430 424 417 412 411 406 399 365 356 355 351 350 346 345 334 309 305 302 291 271 266 256 255 250 244 241 236 231 219 192 187 170 165 160 154 136 131 129 77 70 64 39 21 11 
302 441 419 415 414 411 406 405 400 399 398 390 386 329 308 296 295 291 290 246 234 231 229 225 221 218 195 189 186 185 181 170 149 144 139 134 128 125 119 96 90 71 70 66 65 49 38 
419 443 438 426 421 417 416 411 397 370 367 361 346 336 328 326 316 302 280 257 252 226 218 213 192 190 187 186 162 161 156 146 141 136 132 103 100 82 77 71 66 61 56 32 27 22 10 
57 430 425 410 401 391 389 384 383 379 370 360 351 335 305 299 294 293 291 286 266 255 225 220 204 203 199 195 176 156 145 135 130 121 119 114 113 104 86 75 66 61 46 24 23 15 9 
226 449 448 443 419 414 409 408 403 397 388 383 364 354 350 349 347 307 304 299 298 288 274 244 240 239 235 217 213 208 203 184 177 137 127 125 118 113 79 74 37 28 19 18 15 10 8 
198 420 405 404 401 355 352 341 340 336 331 330 314 305 295 286 281 276 271 245 242 240 237 224 221 211 201 200 186 166 165 161 155 150 145 134 127 111 101 96 70 44 36 17 12 6 1 
365 446 432 422 421 412 397 388 383 378 374 358 356 333 331 328 323 322 288 266 264 259 253 252 241 237 232 223 207 176 158 157 151 149 142 122 108 103 86 82 62 53 52 43 39 38 34 
229 417 407 400 386 381 353 310 306 302 301 296 292 291 286 281 243 238 220 216 206 201 197 196 192 191 187 182 166 137 130 128 126 121 106 91 77 72 40 36 31 27 22 21 18 17 13 
185 448 443 438 426 397 393 388 378 374 361 336 328 323 322 317 302 287 271 264 259 246 227 223 181 168 163 158 149 142 137 127 113 108 92 91 66 52 48 43 39 34 32 23 12 2 1 
376 443 428 427 425 417 399 394 389 358 348 339 338 337 315 310 293 284 282 279 268 258 247 219 204 200 174 173 169 164 158 157 128 123 119 114 90 85 77 73 67 62 59 54 49 13 4 
204 447 436 431 411 410 406 397 392 376 363 358 352 351 342 337 320 292 287 282 266 256 248 237 232 231 230 176 171 167 151 140 138 133 122 117 111 87 76 71 67 62 57 52 50 23 7 
281 449 442 439 414 407 398 397 389 388 385 380 378 363 352 334 293 288 283 279 273 270 265 262 243 229 212 203 198 172 169 164 160 155 118 114 112 108 104 82 54 45 40 33 9 8 3 
236 440 437 435 433 403 393 372 369 359 354 347 325 304 298 282 272 262 257 244 223 215 213 210 203 194 189 168 167 144 143 139 134 123 100 92 84 79 77 48 38 33 24 23 19 13 12 
348 441 434 427 425 405 396 395 390 376 361 344 321 317 315 312 311 310 300 295 266 261 256 254 220 210 205 202 201 164 161 156 141 135 125 115 111 106 96 92 74 41 40 35 31 16 
184 447 420 413 408 401 396 395 391 346 327 311 306 305 301 298 282 277 257 232 227 226 222 221 215 212 211 188 183 162 136 132 131 126 125 121 102 97 73 52 51 47 46 35 31 12 
397 445 440 439 419 406 400 395 394 389 383 379 374 365 361 350 341 336 326 299 295 293 285 284 281 235 231 226 215 209 204 203 185 121 116 114 113 111 70 45 23 19 15 14 10 1 
14 447 440 406 401 397 391 388 387 383 375 350 342 337 327 316 311 285 282 277 273 272 271 260 227 222 221 217 216 195 172 170 163 158 141 136 121 107 105 80 67 48 41 31 15 1 
206 449 448 447 443 438 433 427 400 394 382 349 339 338 292 290 289 288 287 285 284 253 248 239 238 234 229 223 202 175 174 169 168 137 124 114 112 98 93 84 65 60 58 54 22 17 
405 418 413 408 403 389 384 361 358 353 348 322 312 307 303 302 297 274 271 247 243 222 212 202 198 193 183 181 167 164 159 158 147 142 138 137 127 122 117 91 78 52 49 42 22 1 
197 445 411 409 395 391 390 386 385 373 335 324 315 294 283 280 276 275 254 249 239 234 229 225 219 193 170 166 164 161 154 149 120 110 105 103 79 74 69 60 54 51 50 13 5 0 
355 447 438 433 428 399 388 383 382 381 377 342 322 291 289 284 273 268 252 237 227 222 218 217 213 201 198 192 174 172 158 148 147 127 112 111 98 93 87 77 64 59 53 43 38 21 
135 447 446 442 422 408 389 384 363 356 348 337 298 291 274 267 266 248 243 238 227 201 188 183 176 164 159 152 147 142 137 128 123 112 111 102 86 78 68 57 49 37 23 21 18 13 
413 437 432 429 420 416 410 405 364 356 351 339 336 325 322 320 317 315 306 296 274 249 246 235 220 212 207 191 184 159 141 136 97 94 92 91 81 71 69 56 45 35 25 16 5 4 
128 421 417 415 412 411 410 409 400 395 391 390 386 376 356 351 320 319 315 310 302 301 246 231 229 225 216 215 192 187 176 145 140 139 135 130 126 96 77 50 49 45 40 21 11 6 
288 414 395 389 375 365 361 352 341 336 331 324 320 300 299 290 285 281 276 242 237 234 226 220 210 209 206 176 171 144 127 125 120 119 115 110 75 54 51 36 30 29 26 17 12 6 
421 438 432 429 428 424 419 414 408 407 370 369 365 342 338 333 332 318 314 309 260 257 255 252 238 223 199 193 169 162 153 145 140 139 128 122 93 84 82 77 72 58 53 34 33 30 
217 449 388 369 364 355 350 341 336 330 325 298 295 284 274 265 245 240 235 230 226 208 195 189 179 175 174 149 146 136 131 125 121 118 116 111 79 75 28 14 11 10 9 5 3 1 
290 427 403 398 394 393 392 389 386 377 361 352 347 338 307 302 296 288 284 283 279 271 223 212 206 182 181 169 168 164 163 132 127 122 117 116 113 112 92 63 58 54 27 26 8 1 
266 433 427 414 402 384 383 374 369 365 360 353 348 337 324 312 258 253 250 247 222 219 209 204 183 178 173 168 164 157 154 148 140 135 133 132 104 67 62 57 43 42 38 25 7 3 
432 439 435 434 421 416 414 413 375 370 365 351 349 339 323 315 311 306 300 269 265 264 260 259 254 233 210 196 191 179 169 161 159 150 146 145 143 115 95 89 86 81 69 66 53 40 
268 446 431 420 411 402 399 386 376 355 340 326 321 315 309 292 291 287 271 270 260 255 221 219 201 177 175 170 165 151 140 129 126 116 106 104 96 90 75 67 62 61 41 39 36 0 
270 447 444 439 438 427 423 388 383 378 371 367 352 329 327 293 281 278 272 268 267 263 262 223 219 214 191 187 182 177 167 163 153 108 104 101 98 97 87 77 68 63 17 11 7 2 
335 449 428 427 423 422 418 391 387 373 372 368 367 366 339 334 308 301 287 282 276 253 248 227 224 211 203 197 193 192 187 186 148 121 114 109 96 88 83 82 78 57 31 23 12 6 
221 447 422 420 415 414 412 404 398 392 388 378 373 332 318 305 302 299 289 283 278 273 268 242 239 234 198 195 184 183 173 163 152 104 94 85 80 74 69 64 63 62 33 14 13 9 
341 424 403 397 383 378 374 352 345 342 340 319 309 298 292 288 263 254 252 230 217 209 198 194 192 178 158 149 148 143 132 127 120 119 115 102 92 39 37 33 29 28 18 10 8 5 
202 445 444 438 431 429 424 406 405 399 390 389 348 345 344 334 329 321 316 285 271 258 249 244 239 235 230 220 211 206 175 168 164 159 120 110 109 96 89 79 78 65 55 10 5 0 
347 403 399 396 389 375 370 366 351 336 313 309 306 304 299 290 275 271 265 241 236 226 223 209 205 200 155 150 133 126 125 124 120 119 114 110 90 75 44 43 35 34 29 16 15 11 
138 449 436 416 410 405 392 387 384 359 340 330 325 320 306 296 294 277 269 251 245 204 201 191 186 181 179 167 162 151 150 140 130 121 114 89 81 70 52 50 24 21 16 11 6 
76 434 429 428 424 422 408 390 385 379 373 367 324 319 313 279 277 275 254 238 228 227 223 219 204 199 187 165 160 154 148 133 129 97 94 50 48 43 39 34 29 18 12 9 7 
140 446 429 422 421 408 407 363 356 342 337 332 331 319 314 312 308 303 268 266 252 248 243 238 237 204 193 183 176 162 152 151 147 138 133 128 94 89 86 83 82 77 62 61 52 
117 428 405 403 389 366 361 359 340 338 331 313 304 295 294 290 289 285 264 251 248 235 230 225 214 204 199 194 180 158 145 141 136 133 124 104 100 99 70 68 43 34 29 26 24 
172 440 435 396 386 385 383 379 360 356 355 336 320 319 304 294 293 289 284 281 280 265 240 231 215 205 203 199 171 166 161 160 120 114 113 104 95 75 74 61 60 56 29 23 14 
239 443 440 438 411 396 375 350 332 328 321 316 312 311 307 306 301 285 260 257 252 226 221 218 213 206 202 197 195 170 167 142 137 132 131 126 105 103 80 51 41 27 22 15 1 
402 448 399 389 386 381 375 360 358 345 304 299 275 271 268 266 260 256 245 219 214 190 180 178 175 161 156 129 126 125 124 120 119 114 104 88 65 46 44 41 39 34 29 25 19 
209 446 442 441 436 431 410 403 397 385 352 347 341 332 295 293 288 282 271 266 261 251 205 181 178 177 176 171 166 127 122 115 86 71 68 67 63 36 27 25 22 12 7 6 2 
242 446 441 425 399 394 380 378 375 334 331 324 314 309 305 288 285 271 263 260 244 234 224 221 216 198 195 145 129 115 111 110 108 106 101 83 80 70 54 44 36 30 26 20 18 
211 447 445 443 408 404 399 382 358 357 349 342 338 335 330 307 292 278 267 263 262 247 220 215 202 198 188 184 179 177 174 168 124 119 114 112 110 105 103 98 87 83 59 52 22 
408 441 421 416 411 405 400 396 392 390 387 364 361 320 306 301 300 296 285 277 275 274 251 230 226 215 211 186 184 181 176 167 162 140 136 135 125 100 94 76 71 52 35 10 4 
47 449 444 433 426 415 410 369 364 349 343 321 316 311 305 300 296 285 274 253 250 244 215 201 194 189 184 180 179 169 163 156 130 121 94 91 89 86 84 80 73 70 55 20 9 
49 446 417 407 405 376 371 366 362 353 352 351 315 307 302 297 286 276 247 243 238 237 225 196 191 186 181 135 128 127 106 101 96 91 86 77 72 56 45 18 13 11 7 6 1 
295 448 439 434 397 393 367 361 348 324 312 307 302 283 278 277 271 257 238 233 228 217 214 212 209 198 181 178 177 168 142 137 132 127 123 117 99 97 92 91 63 42 37 32 1 
82 445 441 429 421 419 414 411 409 396 395 391 380 375 373 365 335 334 329 324 300 286 285 283 281 265 249 234 205 193 171 166 154 149 144 140 103 90 69 59 56 31 13 6 0 
98 446 444 435 425 391 386 381 377 360 355 354 331 285 276 270 267 265 264 262 216 211 206 180 175 174 171 166 165 160 152 146 116 106 101 85 84 75 66 56 55 51 42 37 21 
152 449 446 436 435 429 425 420 368 360 336 331 315 305 278 274 269 265 264 259 250 221 216 190 188 174 169 165 164 146 145 140 135 111 106 98 89 84 75 74 70 30 21 20 8 
265 433 432 428 399 396 388 373 371 362 347 342 318 307 306 293 289 284 281 272 267 257 217 216 191 174 172 167 153 152 126 103 101 98 92 87 82 77 72 64 59 48 43 36 11 
23 431 425 401 397 391 384 351 336 335 320 294 291 287 286 282 245 240 236 231 230 204 190 185 172 171 167 145 141 135 114 111 106 100 86 66 62 61 57 55 51 45 24 11 1 
6 447 439 423 393 387 384 373 372 340 335 334 324 298 288 282 269 237 225 224 219 214 209 198 192 138 128 123 115 114 113 110 109 102 99 82 54 49 44 32 18 17 12 3 0 
12 414 404 399 395 394 378 354 346 335 331 319 314 313 288 275 236 231 223 215 209 198 185 184 171 170 145 139 134 133 121 120 119 115 114 108 95 76 50 43 39 29 18 11 6 
433 444 440 436 435 426 396 390 387 382 366 360 355 354 272 267 266 265 264 256 251 236 206 201 180 174 165 162 157 146 141 115 86 85 84 80 75 70 47 40 36 31 25 21 1 
43 416 400 399 396 365 360 356 355 351 347 342 336 309 301 296 291 271 266 265 237 232 219 205 194 186 185 181 180 136 131 129 122 117 100 95 81 80 76 75 39 15 12 7 1 
114 425 402 401 400 397 391 376 363 358 347 335 310 292 287 282 281 248 247 245 227 220 211 206 201 172 167 155 138 133 121 112 111 106 67 65 61 57 40 23 21 16 12 6 1 
378 446 445 430 399 396 391 365 352 351 350 345 341 336 331 309 286 281 270 260 250 242 237 221 219 216 210 196 185 180 175 171 160 129 127 116 95 90 85 75 61 56 39 17 12 
230 447 431 429 428 408 387 382 377 363 353 352 341 319 314 297 292 251 243 217 207 204 202 193 183 161 143 133 123 122 117 107 94 93 89 87 83 73 71 62 32 27 23 22 18 
274 447 442 436 413 408 405 392 356 327 322 315 307 298 286 277 272 271 267 226 225 222 217 191 188 183 181 176 162 157 152 135 102 101 97 91 87 73 68 52 47 45 16 11 1 
387 449 433 408 375 374 369 366 361 343 340 335 334 318 289 285 284 275 269 251 245 230 228 216 201 199 195 163 161 141 138 136 125 120 115 109 99 94 73 48 26 14 10 9 6 
275 448 443 436 422 408 402 387 374 347 346 333 323 287 282 278 277 273 264 259 256 223 197 187 177 166 163 162 149 133 107 103 97 87 78 76 62 53 48 39 37 34 22 12 7 
91 439 438 434 428 413 410 407 405 384 369 353 343 317 295 292 278 274 264 257 247 243 229 227 222 185 183 180 163 159 137 123 109 104 83 73 70 65 49 47 44 39 37 22 
183 447 446 442 436 405 400 395 375 364 337 332 310 305 300 291 286 274 271 266 260 246 230 225 222 221 216 184 161 140 135 130 120 112 111 107 96 94 91 70 46 45 16 4 
64 427 422 420 401 396 391 373 355 330 307 291 265 263 258 257 252 247 240 221 207 196 192 176 175 150 148 147 142 131 111 101 87 85 60 52 41 38 36 33 26 22 21 11 
56 442 440 438 435 419 413 403 378 368 359 353 352 328 325 323 309 299 283 273 263 262 249 215 210 208 207 193 174 172 139 122 113 100 98 92 84 82 79 74 49 29 18 17 
63 431 414 412 407 389 385 380 371 324 320 306 305 299 297 295 292 290 270 261 234 221 209 201 196 195 191 187 182 181 144 125 120 86 81 72 67 54 36 29 26 21 20 15 
276 449 444 389 379 377 363 340 339 335 288 287 284 283 279 278 273 225 224 219 203 198 197 178 169 168 164 159 139 115 110 109 107 104 98 87 84 83 54 49 18 17 13 0 
165 436 433 424 423 422 411 373 372 368 362 346 323 322 314 313 309 268 267 258 256 231 199 198 192 187 182 177 166 157 152 148 143 141 107 98 97 89 88 84 76 51 38 7 
314 441 436 435 423 421 417 412 410 362 356 352 351 346 345 342 336 331 321 320 313 308 292 256 255 242 230 198 182 166 165 140 127 88 87 83 81 77 75 72 61 50 22 12 
280 447 443 438 419 414 411 407 393 392 382 377 372 367 342 333 328 321 309 304 287 278 277 273 272 252 231 228 197 194 189 187 172 163 158 141 113 107 103 84 79 51 42 7 
367 434 429 426 424 419 418 416 411 395 381 344 336 335 329 328 325 324 315 301 300 295 286 280 270 254 238 220 191 186 164 159 155 154 148 130 115 104 76 58 54 50 45 33 
414 432 421 401 398 395 382 370 366 362 357 352 326 321 311 307 305 302 296 288 283 281 280 266 252 231 226 221 215 190 177 173 151 137 132 125 100 82 63 58 46 35 12 10 
216 447 422 387 378 375 372 357 354 349 344 332 322 289 267 265 260 244 242 238 233 229 228 192 183 177 174 152 150 129 128 123 103 98 93 87 74 69 40 35 14 13 9 4 
373 440 435 426 425 424 422 417 345 336 335 334 312 307 291 286 271 265 260 250 245 244 221 197 170 166 165 154 141 116 106 87 85 82 80 76 75 65 64 46 36 16 6 1 
283 446 441 422 414 390 386 385 375 351 336 331 324 312 307 300 295 290 286 285 281 276 250 234 225 221 210 205 197 171 166 161 144 130 111 110 87 82 56 54 51 26 21 20 
134 441 440 423 415 411 406 401 357 336 331 326 325 317 316 313 308 302 297 292 241 237 236 235 231 198 192 187 170 145 141 137 136 127 88 83 80 77 66 61 55 51 22 12 
146 440 435 433 432 428 419 383 369 364 362 359 354 325 323 309 299 298 287 272 249 228 227 217 215 210 194 189 182 173 152 143 139 103 100 98 92 89 84 29 24 19 18 2 
96 444 439 438 398 394 389 384 382 358 353 348 340 335 324 313 302 292 278 268 263 225 223 202 198 192 183 173 128 115 112 110 109 104 99 83 78 53 49 44 22 17 3 0 
431 442 434 429 424 398 382 364 353 345 338 309 298 292 268 259 258 244 243 235 230 209 204 202 192 189 158 149 144 127 120 115 112 108 89 88 78 63 62 39 34 23 22 5 
71 434 419 413 408 398 393 392 364 345 340 328 323 313 309 304 302 254 243 235 230 224 223 218 212 209 204 194 187 174 164 139 133 123 122 120 118 115 94 73 32 29 10 5 
383 445 440 406 397 392 391 374 370 365 360 356 355 350 346 341 311 287 286 284 282 270 266 226 194 172 171 167 166 146 121 111 104 101 100 95 80 62 57 50 15 14 10 1 
200 448 443 428 427 423 398 394 389 388 376 363 347 343 342 338 337 332 327 292 286 284 279 278 262 237 198 196 178 169 164 163 158 118 106 77 72 67 62 59 54 53 16 3 
171 442 435 434 430 393 388 383 379 378 374 352 324 320 319 293 288 283 269 262 253 234 209 205 204 203 193 172 157 143 113 108 99 98 95 90 89 88 82 39 33 23 18 12 
340 392 387 384 382 379 377 372 368 366 341 313 297 292 282 276 269 268 264 263 251 207 198 186 162 161 159 154 153 148 138 132 117 107 96 83 72 71 44 39 33 32 17 6 
101 447 403 394 389 385 383 380 374 357 353 334 329 278 274 273 270 267 265 263 258 242 224 214 198 188 177 173 168 159 155 148 108 104 98 94 87 64 59 54 49 45 40 4 
174 445 438 433 417 396 391 382 377 376 355 336 323 322 301 286 272 265 262 217 216 213 212 211 208 206 196 175 157 152 126 121 116 106 102 98 85 77 71 56 37 36 26 21 
443 445 436 426 419 376 362 360 357 351 329 321 285 280 275 271 261 247 239 226 211 206 200 190 185 175 151 149 141 137 132 116 110 105 95 90 80 60 59 41 31 22 20 15 
73 410 401 387 382 376 371 364 321 320 316 315 305 274 272 261 256 235 230 225 220 215 201 184 180 166 162 157 130 125 121 94 91 71 55 50 47 46 45 40 36 31 16 4 
232 420 415 410 403 385 365 360 356 330 313 305 304 294 289 250 246 245 240 231 224 223 214 204 199 195 184 170 169 136 133 131 119 109 104 75 50 43 39 31 21 20 19 15 
256 448 433 424 418 402 390 385 379 364 362 348 342 339 333 328 324 323 319 314 275 272 264 253 248 214 204 192 182 165 160 158 149 92 89 88 78 73 58 50 38 34 2 
97 440 434 420 416 413 411 370 359 354 349 331 323 311 301 295 275 274 270 254 241 233 215 214 199 191 186 184 165 151 145 143 110 89 84 80 79 76 55 53 45 34 30 
338 431 421 396 394 380 376 375 366 342 306 304 296 291 290 279 227 214 211 210 206 205 200 196 189 141 124 120 117 112 105 100 99 86 81 36 34 25 20 11 10 9 2 
74 427 422 416 411 407 396 395 372 348 322 321 317 316 306 305 262 252 238 233 226 221 216 215 197 172 161 152 142 136 125 123 92 86 56 51 46 42 37 35 27 13 8 
113 435 401 397 396 394 392 385 370 369 304 290 287 282 280 279 231 226 214 195 189 185 176 172 171 167 115 99 75 66 61 57 56 51 46 34 25 21 20 15 9 6 1 
284 447 445 442 412 397 388 387 386 383 376 371 355 316 291 290 277 276 273 272 265 227 222 217 206 201 200 175 172 163 162 158 116 112 107 102 92 85 67 62 48 16 11 
311 432 420 415 414 409 407 383 363 354 349 348 343 333 332 323 317 305 294 289 244 239 237 227 195 194 190 189 184 179 162 158 137 133 129 97 85 80 72 58 47 19 14 
41 448 447 443 438 427 420 402 354 349 348 337 312 310 304 289 278 273 268 258 247 244 239 234 222 203 195 190 173 157 132 124 119 93 88 85 80 69 67 64 39 14 9 
1 444 439 433 405 397 394 389 388 383 373 334 329 307 295 290 274 239 219 217 213 198 185 180 147 127 122 114 113 109 108 104 103 99 70 65 54 49 43 37 23 14 13 
424 436 435 431 426 422 421 417 373 372 367 362 345 341 336 326 317 312 263 258 257 256 255 252 247 202 196 192 166 165 161 156 151 148 143 137 92 76 75 61 38 33 27 
425 449 427 423 422 418 377 376 373 368 348 339 334 308 303 286 282 252 248 247 242 237 224 222 203 196 163 162 152 148 137 114 109 106 98 93 87 62 57 32 27 23 16 
190 443 426 419 418 414 402 401 388 363 336 332 327 317 311 304 293 273 246 237 222 218 207 194 192 168 163 158 156 152 142 132 131 103 79 66 62 58 53 42 41 23 2 
173 436 414 410 390 385 381 376 362 357 326 324 316 305 291 285 271 266 261 247 245 234 221 210 195 166 161 156 151 146 145 144 137 132 120 101 96 85 41 35 30 22 15 
428 440 435 426 421 416 410 379 376 355 342 337 335 306 291 289 271 265 261 255 251 246 240 230 227 200 199 186 160 146 145 141 117 112 111 109 91 90 76 75 65 19 2 
429 446 436 431 427 426 421 418 413 410 406 391 377 372 367 351 346 336 320 312 303 262 257 230 202 193 188 166 156 152 151 147 140 137 87 82 81 78 76 61 50 37 32 
390 436 433 422 411 408 403 382 372 369 364 357 348 346 343 321 302 292 283 277 262 256 254 247 231 202 197 173 168 166 144 141 139 128 123 112 76 52 34 29 22 13 7 
241 437 423 412 403 398 393 370 365 359 354 347 323 322 309 308 304 293 260 257 255 249 244 233 223 188 167 145 144 143 142 134 122 119 104 97 77 52 48 38 33 30 29 
129 447 440 437 412 406 402 396 378 357 350 317 316 311 297 287 268 263 260 247 242 237 231 227 216 182 177 170 153 136 131 127 126 122 80 77 76 51 43 38 36 21 7 
246 428 418 415 413 412 410 374 364 323 322 318 309 303 302 300 298 259 254 249 243 232 223 212 208 199 190 185 183 163 148 142 139 133 128 94 84 75 52 34 32 29 24 
360 446 444 443 439 438 433 427 417 407 402 383 381 356 352 333 332 329 328 322 278 266 232 219 218 214 176 172 153 152 147 132 111 108 104 98 86 62 57 53 43 21 7 
398 431 417 414 412 411 401 395 380 356 324 321 302 301 296 290 281 241 234 221 205 200 195 192 187 176 144 125 120 115 96 80 77 71 66 65 61 54 30 25 16 15 11 
439 446 441 437 432 397 393 388 385 381 377 360 356 327 322 295 281 278 270 261 257 212 205 180 168 163 157 137 115 96 92 91 90 86 53 42 37 32 25 11 6 1 0 
194 447 442 426 392 391 388 383 370 342 341 336 332 327 316 311 287 280 277 273 236 231 227 222 201 190 163 158 146 136 127 117 102 100 71 61 52 48 47 46 43 10 2 
323 446 445 444 440 437 435 432 416 391 365 361 354 345 322 311 275 264 256 246 241 231 212 207 185 181 180 174 165 146 131 120 97 92 86 84 81 80 71 56 51 16 5 
327 439 401 391 388 370 369 364 349 298 296 291 286 285 279 274 270 269 220 215 208 200 194 191 190 184 179 176 169 141 118 89 66 61 55 45 40 31 28 14 11 9 4 
9 447 442 392 387 375 343 338 327 296 285 281 277 272 228 227 222 221 217 216 195 167 157 131 118 116 113 112 105 76 61 57 52 47 46 41 31 27 26 21 15 3 2 
177 448 441 436 435 434 430 414 389 385 358 326 320 316 304 295 294 275 271 270 268 255 240 226 216 214 211 209 205 199 178 165 160 129 104 101 100 95 88 50 40 39 10 
448 441 436 402 394 386 385 380 375 345 304 295 292 287 286 285 275 271 256 226 214 206 205 200 195 185 177 161 151 124 106 67 65 62 51 41 36 34 25 20 11 10 5 
364 442 431 413 411 408 392 390 382 332 331 327 325 322 321 300 298 272 256 251 246 235 226 217 210 188 183 182 167 156 151 146 145 141 120 107 73 71 55 52 47 30 
407 435 426 423 421 416 410 404 394 360 333 319 316 315 311 309 304 286 281 280 255 243 229 224 219 201 176 153 140 130 125 124 116 91 86 74 65 63 49 40 34 20 
29 426 403 402 390 347 341 336 331 322 300 293 292 288 287 272 251 246 241 227 210 178 172 166 161 156 146 122 120 117 76 72 71 68 66 63 62 61 56 30 12 7 
203 440 430 425 406 397 396 391 386 379 361 351 350 336 335 289 287 282 281 276 236 231 226 199 172 171 167 166 156 150 121 109 85 81 75 70 62 60 57 41 19 11 
123 434 401 400 396 390 376 372 356 351 344 315 306 305 300 296 295 286 262 257 254 236 230 216 164 147 135 125 115 91 75 74 71 66 61 40 37 35 32 25 21 6 
245 449 418 403 402 387 381 373 372 363 358 339 334 332 313 292 291 252 237 232 227 224 217 201 198 173 158 147 138 137 132 114 111 109 93 88 83 42 33 28 23 21 
374 447 446 442 441 436 426 397 388 387 383 365 351 346 342 341 336 287 277 275 273 266 261 246 227 222 191 185 171 166 163 162 161 158 101 95 86 77 52 48 5 2 
189 437 431 416 406 401 395 392 382 370 343 338 332 321 316 311 305 302 280 277 272 236 228 217 215 162 157 151 146 141 131 125 118 113 112 100 51 47 35 10 3 2 
228 411 392 387 380 375 369 356 351 306 305 295 291 280 279 277 251 216 210 205 191 189 181 167 162 161 146 136 131 120 115 99 86 76 52 35 25 21 20 15 10 9 
298 442 437 431 410 400 391 364 356 346 341 327 325 305 286 274 246 236 235 226 220 217 215 212 191 184 181 176 146 141 135 102 94 66 55 50 45 40 35 31 6 4 
337 446 430 428 395 384 379 376 369 363 354 310 299 273 266 261 260 249 248 231 205 204 200 183 158 151 150 145 140 135 105 99 94 93 90 80 68 41 36 14 4 3 
379 447 430 428 397 396 366 361 351 346 340 337 332 318 313 282 277 276 271 261 256 250 227 203 186 176 172 171 167 166 161 160 107 93 88 86 81 76 70 57 17 11 
380 448 427 403 398 394 393 389 371 362 343 342 338 333 312 281 279 272 242 228 212 191 182 178 169 168 164 118 108 102 101 82 77 67 63 58 54 52 11 8 7 3 
381 449 439 402 368 367 363 360 358 355 344 312 309 292 278 263 258 245 240 238 229 224 222 218 188 173 164 132 130 109 98 93 88 84 77 59 54 42 20 15 13 3 
300 432 426 408 403 369 367 364 348 343 336 322 317 293 288 283 254 246 238 237 233 183 167 156 144 139 133 132 123 92 82 68 66 62 58 47 42 34 32 29 13 7 
250 446 427 423 422 412 403 382 379 378 373 368 356 332 318 313 283 269 266 264 258 253 232 187 182 176 154 153 152 148 143 142 93 88 87 86 47 44 39 38 33 17 
31 445 443 433 418 404 362 349 348 335 330 327 318 313 298 294 289 272 253 238 232 229 220 218 215 184 182 179 132 124 110 105 103 92 82 73 59 53 14 9 4 2 
305 447 422 414 412 409 401 343 332 311 299 298 293 278 242 232 228 227 222 221 198 189 188 184 183 173 152 147 142 137 131 123 118 112 74 73 68 63 57 47 38 13 
278 446 439 386 381 377 375 360 349 331 326 315 305 295 285 280 276 275 270 267 262 259 221 211 200 195 169 152 111 106 105 101 96 91 79 51 42 41 37 21 20 0 
254 446 437 436 432 426 422 411 390 377 367 348 341 336 317 300 277 262 251 246 238 233 212 210 197 156 151 141 132 123 120 118 97 92 76 71 66 61 32 30 13 8 
434 446 441 437 432 431 427 422 385 367 361 356 351 348 346 322 320 295 262 257 252 238 233 212 205 177 171 161 142 123 115 97 91 86 76 71 37 32 25 16 13 8 
88 436 431 430 404 402 381 379 366 346 335 325 321 314 292 289 287 271 256 255 250 245 240 224 201 199 177 171 165 161 156 134 109 80 75 67 62 46 44 41 19 5 
109 428 425 387 381 366 335 332 318 313 291 287 282 276 271 252 251 245 232 227 222 203 202 201 196 186 181 155 147 106 96 93 91 88 65 62 52 22 16 6 1 0 
78 436 431 429 427 420 406 405 371 370 351 339 335 330 321 320 317 315 312 310 301 296 275 271 256 249 235 202 159 155 151 145 135 121 96 92 87 69 65 55 50 36 
180 444 439 438 433 402 392 378 361 352 329 323 317 312 307 297 271 219 214 213 181 163 157 147 137 122 117 104 103 98 91 87 83 73 53 52 48 47 43 37 32 1 
440 442 433 428 416 397 391 383 373 359 354 326 323 301 272 262 244 239 236 227 213 203 187 182 172 153 147 146 143 134 129 121 103 97 93 87 62 56 38 33 19 14 
157 444 439 433 430 420 384 376 375 365 349 343 315 274 269 266 264 261 259 253 195 189 180 174 171 169 165 163 151 141 105 94 85 84 79 73 41 36 34 25 16 9 
182 445 440 436 435 423 404 394 389 380 371 364 333 330 320 314 294 290 270 261 256 250 243 229 224 214 210 181 165 153 150 146 141 139 129 63 44 40 36 34 31 11 
99 447 441 392 387 385 366 361 356 351 343 338 337 307 295 277 272 267 251 228 222 212 205 181 176 171 167 118 117 115 113 112 96 86 81 52 36 25 6 3 2 1 
319 446 441 436 422 417 412 410 407 377 362 361 356 353 352 346 341 320 256 251 243 238 230 187 181 176 172 171 166 161 140 128 127 87 86 76 50 22 18 17 13 12 
362 445 443 424 418 414 409 380 371 366 359 353 328 325 320 319 314 265 263 261 256 255 238 225 186 173 165 148 146 141 139 110 100 83 70 58 49 44 40 36 31 30 
160 447 436 428 423 379 378 372 363 352 346 332 313 282 281 269 264 262 258 256 227 192 187 177 172 166 158 154 148 142 98 93 76 72 44 39 38 33 28 17 11 2 
45 447 423 418 413 397 389 384 371 367 357 353 352 343 327 298 293 287 281 274 272 267 248 247 191 187 183 178 159 128 108 101 97 87 73 62 49 23 18 11 7 
385 448 442 439 436 434 346 343 324 283 282 281 273 272 256 238 233 232 223 214 212 209 197 192 178 177 173 172 166 158 118 113 101 99 92 87 76 63 58 8 2 
27 425 424 419 418 404 395 366 361 344 339 328 324 310 290 285 269 251 249 239 238 235 234 230 229 209 159 149 148 141 136 125 115 74 70 60 58 26 10 9 0 
366 433 418 414 403 389 387 379 362 347 340 338 335 334 328 297 287 272 238 234 225 214 207 164 158 117 115 110 109 104 99 88 79 68 58 53 49 27 3 2 0 
79 427 426 411 406 393 388 377 372 370 366 336 331 321 317 280 278 277 272 261 236 226 217 207 202 197 190 168 163 157 151 147 100 97 92 56 53 51 42 32 10 
304 448 416 407 402 401 370 356 347 342 338 333 326 321 316 280 241 237 236 232 231 226 223 218 190 177 172 151 132 122 117 113 108 100 71 67 46 41 17 10 7 
108 446 441 435 431 394 391 380 371 365 360 352 304 291 286 285 281 270 242 237 214 195 185 171 127 124 116 101 95 90 81 70 66 61 45 34 20 17 12 5 1 
220 413 403 391 382 372 367 358 353 348 344 339 327 308 303 301 298 293 292 288 287 238 234 233 229 218 211 202 192 188 187 121 119 114 92 73 68 57 31 22 4 
133 435 420 416 411 406 384 361 356 347 342 311 310 301 300 294 275 266 246 240 237 235 232 230 225 204 140 122 121 117 114 106 105 76 71 70 66 50 24 12 7 
233 437 434 432 395 385 356 351 344 322 317 301 300 295 254 241 220 216 215 212 207 164 161 151 141 136 131 120 115 110 97 92 86 74 66 40 35 30 21 20 16 
95 447 443 441 438 432 393 383 378 374 352 351 342 328 273 264 261 259 257 252 213 177 172 171 167 158 149 108 93 87 81 77 72 53 48 43 39 34 33 12 7 
249 427 418 416 415 413 411 406 382 337 336 325 321 317 316 307 303 252 246 241 235 207 202 197 193 188 151 147 146 145 141 137 136 92 82 78 61 56 55 32 27 
282 445 430 425 389 385 383 379 376 346 340 335 310 293 279 275 236 231 215 209 204 203 184 160 121 119 115 114 113 109 106 104 81 59 24 23 21 20 14 11 6 
125 414 409 408 407 406 403 402 398 387 353 348 347 316 302 299 297 288 263 226 222 217 212 189 184 178 137 136 132 127 123 74 73 72 63 46 42 37 27 18 13 
339 432 427 425 422 418 413 400 386 376 371 335 317 310 303 301 296 286 276 256 252 245 220 206 201 193 191 188 155 147 137 130 121 111 106 92 78 65 40 32 27 
144 436 431 422 416 398 390 382 372 357 351 346 326 302 300 288 283 252 251 247 241 236 210 201 192 173 166 161 156 147 142 137 132 120 87 82 63 61 58 30 22 
179 442 437 432 427 420 382 377 368 363 332 330 327 316 311 306 253 240 222 217 211 207 162 161 150 143 138 136 131 126 121 92 66 60 47 46 37 36 31 28 
417 424 419 401 398 376 373 360 329 319 315 314 308 291 286 271 255 229 218 176 174 154 128 103 90 86 85 81 80 75 70 66 61 59 50 49 40 38 30 13 
119 427 403 402 400 396 386 376 352 347 341 310 307 302 296 293 288 287 282 241 237 232 220 211 201 178 130 127 126 122 121 112 111 68 57 41 40 26 12 2 
261 443 439 435 430 428 427 393 384 379 374 362 353 348 337 324 320 315 313 273 257 253 248 247 209 205 182 173 163 157 107 104 95 90 79 73 67 63 48 2 
156 438 429 424 419 415 410 402 369 364 363 353 348 344 343 329 312 309 300 273 254 222 203 199 190 178 173 168 144 139 132 103 93 88 75 57 47 44 42 29 
263 436 435 424 399 381 362 361 357 341 340 309 286 271 270 247 244 242 225 219 211 154 151 137 132 129 125 106 101 96 90 70 64 56 46 39 22 17 11 0 
218 445 441 419 417 411 406 381 370 360 355 346 329 326 316 304 302 239 231 220 192 190 187 186 181 149 121 100 90 86 85 81 77 71 66 59 31 15 11 10 
126 449 437 409 403 402 399 388 375 372 354 347 313 308 303 299 268 265 260 259 257 239 229 224 223 213 208 184 179 174 167 150 143 129 128 119 77 40 35 33 
143 449 440 437 436 435 432 424 395 359 356 345 341 336 322 306 269 251 250 241 240 236 235 230 212 207 179 171 165 150 146 145 141 126 97 92 89 86 81 75 
170 411 403 377 373 372 368 354 342 328 321 313 302 292 273 268 244 239 232 231 213 208 207 197 192 158 141 134 129 118 112 103 102 51 38 19 17 14 12 7 
72 436 423 421 416 400 340 333 314 311 309 306 299 265 260 255 243 229 219 200 196 161 160 153 150 145 136 125 124 95 86 81 63 49 44 40 39 34 29 15 
395 414 411 409 398 397 367 353 348 343 337 321 299 293 288 287 238 233 231 207 197 189 187 184 183 143 141 132 128 82 74 68 51 42 33 27 17 13 12 8 
294 447 420 411 401 392 386 363 358 330 322 316 311 306 292 277 248 240 237 232 227 197 182 177 172 150 141 138 133 131 121 117 67 66 60 57 31 26 23 7 
243 446 431 412 411 409 407 405 400 371 320 319 315 310 306 297 292 286 281 246 235 230 229 201 196 191 187 182 140 139 135 130 106 91 81 72 71 55 49 40 
225 389 384 377 366 362 358 353 302 293 292 287 283 277 276 274 263 238 237 207 197 187 186 183 178 164 159 133 128 117 112 96 73 57 49 48 22 18 13 6 
24 447 437 426 416 415 406 392 363 358 331 326 325 321 316 296 292 282 248 246 237 236 235 231 222 167 146 145 142 141 138 133 117 112 67 66 57 55 23 11 
188 429 426 410 391 386 381 377 364 346 339 330 315 310 305 301 274 271 267 262 249 241 240 220 211 184 159 152 150 145 135 101 94 70 69 50 42 40 37 4 
437 449 439 434 420 413 388 375 354 351 349 325 323 320 298 260 259 254 241 236 233 208 205 189 179 143 129 126 120 118 105 94 53 50 30 28 24 16 11 4 
85 438 433 422 417 412 399 392 378 376 373 332 322 318 311 289 286 284 262 247 221 218 213 203 196 174 173 158 157 127 106 98 67 64 59 53 52 41 17 16 
207 426 413 395 366 365 361 350 340 336 325 323 269 264 259 251 249 240 233 230 225 190 179 170 169 164 143 141 136 89 79 75 69 64 60 56 53 39 26 5 
303 429 425 415 410 406 405 372 351 346 339 336 325 315 310 286 271 262 257 249 246 240 220 181 176 166 159 150 147 142 140 126 70 69 61 50 40 37 32 11 
251 433 428 408 403 387 369 364 345 340 328 319 318 297 264 254 238 235 230 228 209 207 149 144 143 139 138 122 120 117 115 109 99 58 39 29 27 10 8 5 
18 446 410 409 400 391 352 341 331 325 320 319 315 286 276 242 237 235 230 229 226 225 215 196 176 171 146 145 139 135 127 125 76 56 50 49 45 17 12 6 
175 447 443 402 399 388 386 382 378 377 328 318 296 289 284 272 268 247 217 213 212 208 206 202 174 163 162 148 142 122 116 98 93 64 59 37 32 26 22 17 
346 434 429 419 390 385 383 379 377 374 372 369 368 319 314 313 303 298 282 275 264 223 218 208 192 188 184 165 160 154 149 144 102 94 89 88 50 38 34 12 
150 432 427 423 418 404 396 368 347 337 313 306 303 294 289 277 272 258 257 216 203 198 193 188 182 179 153 143 138 127 126 87 83 72 69 64 62 37 36 13 
124 448 412 407 402 401 396 382 375 347 342 338 333 316 306 297 296 292 287 285 223 211 206 195 141 136 127 117 116 108 105 72 62 52 41 36 31 17 15 2 
148 446 425 424 415 367 362 355 345 341 340 335 334 286 266 260 255 252 250 246 244 196 186 175 165 160 155 154 142 137 131 101 80 76 75 64 50 36 27 
178 446 441 436 402 389 385 380 341 331 299 295 292 287 276 266 255 225 210 209 205 200 177 161 156 151 130 125 120 119 115 86 67 62 61 45 30 29 25 
67 448 394 389 380 376 375 358 316 309 304 299 294 286 284 268 266 261 260 255 235 209 204 200 178 153 151 114 90 88 85 80 63 41 39 36 35 24 14 
244 440 431 426 422 373 372 350 336 317 312 311 307 263 262 260 258 257 247 242 241 236 231 226 216 202 192 170 148 141 137 80 61 47 41 38 36 33 32 
321 443 414 409 398 395 390 382 364 353 348 343 314 304 299 292 285 280 273 268 249 239 202 189 170 168 132 112 93 88 79 78 74 73 60 55 47 24 22 
370 438 432 427 422 421 419 414 383 347 331 327 318 309 304 262 257 241 223 218 213 194 189 163 162 151 122 113 103 97 84 79 78 62 61 57 53 32 7 
214 448 402 385 371 366 361 360 352 342 338 333 295 271 270 256 237 232 223 212 205 191 182 181 180 177 176 117 115 113 108 101 97 90 81 25 17 6 0 
25 448 447 446 439 434 433 422 418 413 402 398 393 392 356 338 332 324 322 266 262 257 228 214 209 178 176 168 167 157 137 123 113 99 86 68 8 3 2 
324 441 436 412 398 385 367 361 351 307 295 288 286 283 266 261 256 247 242 205 197 192 181 176 173 171 166 115 96 92 82 77 76 63 58 27 25 16 6 
307 445 414 405 373 336 331 329 324 295 290 283 274 265 260 249 244 240 239 226 211 193 180 139 130 119 116 111 103 99 64 59 54 49 36 30 13 10 1 
65 449 448 428 423 407 402 398 392 386 373 361 339 334 318 312 308 302 297 296 271 258 224 206 202 193 181 132 116 114 109 91 78 52 32 26 22 13 1 
80 443 438 433 422 417 401 398 383 382 373 372 354 337 323 317 312 311 247 244 242 239 221 148 137 134 131 129 112 97 93 88 67 47 43 41 33 19 14 
334 425 422 387 373 372 366 361 335 297 291 286 281 271 258 257 252 245 242 202 196 192 155 148 147 137 106 101 87 82 77 65 38 33 21 16 11 6 1 
297 444 423 405 404 366 361 340 334 333 309 251 243 235 234 230 224 180 153 141 139 136 134 129 125 124 105 104 75 65 63 60 55 54 49 39 26 10 0 
5 448 438 431 413 392 374 342 341 328 323 322 317 287 273 264 259 257 251 223 222 217 213 212 207 202 197 168 161 158 149 127 108 88 71 53 52 48 34 
299 422 403 402 401 397 395 347 342 337 326 321 306 305 293 288 287 237 231 227 226 221 215 178 146 126 125 122 112 92 72 68 67 63 57 56 51 36 35 
210 447 432 416 382 378 369 364 352 351 348 343 338 326 288 283 272 259 254 252 247 238 236 228 182 178 173 168 146 144 139 137 87 81 56 34 29 13 3 
399 445 436 402 396 391 386 378 376 357 355 352 347 342 302 291 268 265 263 242 211 202 201 196 175 153 127 126 121 116 102 85 43 38 26 17 16 12 
3 447 442 441 381 380 375 369 366 356 337 332 331 320 285 281 279 266 222 217 210 205 200 195 189 161 131 116 115 112 111 107 99 96 25 16 9 6 
418 429 425 420 405 367 366 362 339 335 330 306 271 256 252 249 246 245 235 196 190 159 150 145 142 137 136 131 111 110 86 69 50 45 31 27 25 21 
153 440 435 426 421 416 412 407 399 361 360 356 340 309 306 297 270 265 260 255 250 219 201 187 182 176 161 150 129 81 75 72 67 40 39 36 21 20 
420 437 418 413 404 401 368 363 332 322 313 311 294 289 268 247 237 232 221 198 184 179 162 157 152 147 142 133 131 97 78 69 64 62 52 41 33 28 
155 449 442 423 371 368 367 363 352 347 339 334 318 281 253 224 198 193 191 187 168 158 148 127 114 112 109 101 87 78 77 68 58 33 28 11 7 2 
30 437 421 417 403 398 369 364 362 343 331 322 307 293 288 257 254 252 242 241 238 233 227 178 173 162 152 151 147 144 139 97 77 68 61 29 13 8 
423 436 435 426 425 412 407 404 371 335 314 297 270 250 241 235 224 201 200 196 191 187 182 165 160 155 150 145 136 134 116 72 65 55 45 44 10 6 
219 407 402 378 376 372 360 357 356 352 286 276 270 268 266 263 197 187 181 180 176 153 122 90 81 77 76 72 62 43 38 17 16 11 7 6 1 0 
58 436 421 416 414 386 385 380 367 366 362 324 311 306 300 296 290 285 260 256 252 251 234 206 205 201 191 190 155 144 142 137 115 81 54 27 26 20 
19 447 440 428 406 402 401 397 392 350 342 318 313 311 287 260 236 232 231 227 226 203 191 170 166 162 146 136 112 107 93 88 81 80 62 51 46 7 
369 447 436 426 421 392 390 387 382 346 343 337 332 331 327 300 277 266 251 236 228 222 217 212 210 166 161 156 146 120 118 113 91 61 47 30 22 3 
444 446 442 438 433 382 372 361 360 332 323 322 317 316 297 287 286 276 271 270 213 208 202 191 186 181 180 157 147 102 98 96 90 47 37 16 1 0 
445 443 442 399 397 391 388 383 378 377 372 362 357 352 323 322 318 307 301 289 284 282 272 247 218 213 211 202 197 182 174 121 103 102 82 59 31 13 
116 443 423 407 400 399 397 393 388 378 373 372 307 293 290 285 284 268 259 247 224 217 192 175 174 127 124 108 102 98 65 60 59 54 37 17 9 3 
4 442 437 413 408 400 376 342 337 332 327 310 306 301 298 296 291 286 277 272 267 220 216 212 188 183 167 162 130 111 107 101 73 40 36 31 26 16 
224 425 423 407 386 381 352 335 313 308 301 297 292 276 245 242 232 201 198 192 191 187 182 155 127 126 122 116 101 88 83 77 71 65 21 17 7 6 
83 441 410 406 404 362 357 340 336 335 331 330 314 276 247 245 242 240 230 224 211 180 150 145 140 137 136 134 132 96 91 70 61 55 44 22 17 
195 448 447 412 401 398 388 387 349 333 332 311 302 278 273 242 239 234 232 221 217 173 163 157 142 132 131 124 113 108 63 57 48 41 14 9 3 
333 426 421 412 407 401 394 380 365 360 316 311 306 304 297 296 285 280 275 256 255 214 196 195 191 187 182 136 124 105 90 72 34 20 15 11 0 
393 439 406 396 380 375 372 349 295 290 286 280 262 261 259 257 241 236 205 185 181 171 169 147 116 115 95 81 79 71 61 37 32 26 25 15 6 
234 412 398 391 386 375 366 357 302 297 296 291 288 285 283 247 242 221 220 206 197 195 173 171 142 132 131 105 82 63 58 41 36 27 26 17 15 
258 436 435 431 427 426 424 396 381 376 371 350 334 326 317 312 271 266 255 250 244 240 202 165 160 154 150 111 101 92 87 75 65 64 61 60 41 
48 406 392 387 375 374 351 316 306 284 277 275 271 265 261 241 236 225 195 194 191 186 185 181 180 167 162 104 100 95 76 52 26 15 14 10 5 
310 442 427 401 376 348 344 339 337 332 303 293 286 282 273 252 243 238 229 196 188 183 142 133 131 128 119 114 112 106 78 68 52 41 27 16 4 
131 438 420 418 415 412 354 323 322 318 310 305 294 239 234 233 232 228 217 195 190 189 184 179 169 148 142 129 80 64 53 52 43 38 28 9 3 
59 445 443 438 417 381 376 355 328 307 291 286 282 265 247 218 213 211 201 200 192 175 142 132 121 116 110 103 101 87 85 82 77 31 22 20 16 
103 445 440 422 419 417 411 370 365 331 329 312 307 301 286 280 275 265 239 216 211 197 190 180 170 156 149 146 111 106 100 87 82 59 31 1 0 
264 446 441 438 433 432 430 382 372 365 346 340 331 323 322 317 275 256 251 250 213 208 207 192 185 160 157 152 121 117 98 95 91 87 86 70 5 
330 418 404 391 377 363 358 357 313 312 301 294 292 289 262 232 222 217 211 198 192 188 187 182 179 162 138 121 102 92 83 78 69 64 33 31 28 
354 440 438 437 433 427 401 382 372 350 337 323 317 316 311 272 260 241 236 231 226 216 213 208 170 147 146 141 131 126 98 97 80 41 36 12 
412 423 401 398 365 356 333 324 320 319 314 308 305 284 250 246 243 241 234 221 195 153 131 130 129 128 124 85 63 54 44 38 34 21 20 16 
100 447 438 419 416 414 408 383 372 362 338 328 326 309 304 287 277 272 236 218 213 194 189 177 168 167 146 117 103 92 84 79 56 48 43 23 
328 419 367 366 365 362 361 360 350 336 329 316 280 256 252 251 239 196 185 176 175 170 149 142 141 137 100 95 90 71 59 56 27 15 10 5 
358 415 405 402 384 381 376 365 351 331 330 325 320 316 294 292 287 245 240 235 225 220 211 204 177 161 151 141 114 96 67 62 60 50 40 24 
51 448 409 395 392 377 368 323 309 299 288 287 285 283 280 278 239 197 189 184 170 165 134 129 113 107 98 93 84 79 74 60 55 23 19 17 
199 447 435 428 421 416 392 387 345 342 336 332 318 313 306 296 255 252 246 232 227 203 177 172 165 156 117 97 93 88 76 75 66 61 57 7 
343 395 390 387 385 382 380 375 371 369 321 316 311 305 300 296 285 279 272 210 200 196 189 166 162 157 156 141 120 99 91 47 45 30 26 9 
345 448 431 424 402 392 378 377 373 352 341 323 314 309 292 287 252 251 213 208 202 199 187 161 148 143 112 93 92 89 84 71 42 38 22 17 
318 445 421 410 406 396 392 387 379 370 296 289 277 265 251 250 246 221 199 191 176 175 167 162 155 136 131 109 106 85 81 65 52 31 19 11 
102 449 445 444 399 388 380 359 356 349 346 341 330 298 284 279 274 231 208 194 191 184 174 170 145 135 121 118 116 115 55 28 20 11 6 0 
154 446 436 430 427 417 373 367 361 351 346 340 312 296 271 266 263 262 258 250 247 197 192 166 160 151 148 142 87 82 76 70 38 33 32 22 
384 447 446 441 405 392 371 363 358 340 337 315 271 266 261 248 227 225 222 186 181 167 157 138 135 133 96 91 86 70 62 57 45 23 7 6 
186 444 428 419 408 392 384 379 372 367 362 353 340 335 302 277 225 218 213 212 198 187 169 148 138 115 110 109 97 49 48 44 43 32 7 0 
368 449 436 425 420 415 401 381 377 359 356 346 340 335 271 269 267 262 255 250 179 170 165 161 155 152 151 150 89 75 70 56 51 42 37 16 
253 449 436 430 426 416 410 382 365 359 356 335 325 285 272 269 267 266 261 256 250 206 179 171 162 157 155 151 141 89 66 60 47 40 36 31 
35 447 442 427 414 413 409 408 396 372 352 348 347 331 322 306 299 298 293 257 233 228 216 212 189 184 173 162 151 126 123 93 74 67 61 36 
42 449 439 411 405 395 386 381 368 345 336 309 300 295 280 278 271 269 266 245 190 188 163 161 156 139 125 98 94 84 79 74 70 46 10 8 
269 446 442 432 430 387 382 368 363 361 356 351 340 332 327 253 250 212 207 181 176 171 162 160 157 152 143 138 86 70 42 37 28 27 6 
350 447 406 397 392 383 378 354 328 317 316 312 258 244 239 227 226 217 207 203 158 142 136 132 129 127 122 118 93 77 46 38 33 19 14 
0 444 439 438 377 372 366 333 329 297 287 278 276 268 263 238 219 214 213 212 208 202 197 186 163 158 109 104 103 102 96 82 53 27 6 
55 423 411 388 382 377 364 363 359 353 327 321 298 297 287 249 243 231 202 192 187 141 139 137 134 102 98 97 83 78 73 51 47 24 23 
248 446 426 425 415 384 371 342 337 335 331 315 306 294 261 256 240 235 227 206 205 204 196 145 140 136 135 121 117 114 112 50 45 24 2 
259 437 432 431 426 393 388 365 351 336 331 322 317 278 275 246 227 210 207 185 168 166 163 161 157 152 126 116 95 92 86 81 53 37 5 
325 442 437 416 413 367 364 363 362 359 358 357 353 326 313 303 298 292 277 272 253 249 236 222 217 207 146 139 138 134 88 77 56 24 18 
2 428 426 396 385 375 374 371 366 338 289 270 261 256 248 215 209 194 190 189 185 160 158 155 146 124 119 105 99 68 36 31 25 10 9 
26 404 400 399 393 387 344 343 297 294 290 288 285 283 242 234 213 207 175 174 169 158 119 117 65 64 63 60 58 54 48 37 27 9 4 
359 442 440 416 415 401 377 368 363 362 357 326 325 277 272 262 260 253 241 236 235 222 167 162 146 145 143 138 136 117 102 97 56 55 28 
394 448 407 397 380 376 342 338 333 292 291 290 286 242 227 223 206 201 200 196 187 182 113 110 108 101 96 67 62 21 20 17 12 11 1 
329 443 441 438 427 417 372 367 360 357 351 328 312 307 302 271 270 218 213 202 196 180 176 156 132 103 101 90 87 86 82 81 32 1 0 
449 442 437 426 425 387 381 377 368 363 335 332 281 276 253 245 226 217 206 201 155 152 143 138 126 111 107 106 102 65 52 47 42 28 16 
193 446 436 429 422 421 405 391 386 339 335 331 312 307 301 249 235 230 197 191 171 161 159 155 151 150 140 106 87 82 69 65 56 50 
8 441 436 434 430 411 395 385 380 377 361 344 341 331 290 281 267 262 254 251 226 205 166 164 152 120 106 86 74 42 37 30 25 20 
149 443 438 436 431 422 365 357 346 341 336 328 302 275 257 256 252 251 218 217 213 197 192 185 166 142 103 95 82 81 66 27 22 5 
357 445 443 441 436 414 404 399 390 359 353 330 329 326 325 309 286 263 234 219 216 215 211 173 166 149 144 134 129 101 90 83 45 39 
107 449 400 391 386 379 364 363 349 340 285 284 280 276 275 273 261 230 183 166 165 161 130 120 111 104 94 93 90 51 19 14 4 3 
44 446 436 430 423 412 402 362 361 356 351 347 340 313 308 271 250 247 242 198 186 182 181 160 156 122 96 91 88 83 72 70 17 6 
404 423 420 407 406 357 352 330 313 308 306 301 297 240 221 211 201 198 187 182 150 137 136 127 122 88 83 60 36 31 27 26 22 12 
326 447 440 438 435 424 419 414 397 363 359 357 325 304 299 293 278 268 267 258 247 222 218 215 210 177 173 144 134 100 87 39 24 
308 430 425 417 412 404 386 356 351 335 331 320 314 302 301 291 241 224 220 192 187 145 140 134 126 121 77 75 66 65 50 44 21 
371 438 423 389 384 380 362 343 339 284 272 270 265 258 248 243 214 182 168 159 158 155 108 92 78 73 68 63 54 49 45 40 2 
409 411 395 391 362 353 352 321 316 311 305 301 252 247 243 238 231 226 215 197 196 192 137 132 128 126 125 82 60 51 35 18 13 
118 442 437 401 385 380 369 350 327 305 281 279 254 231 226 217 215 212 205 200 191 189 181 176 170 102 99 81 71 61 20 15 9 
28 449 442 437 430 420 401 359 351 341 330 327 320 286 269 245 240 226 217 212 181 179 176 160 155 145 136 131 121 115 102 89 66 
105 443 437 403 391 352 349 342 338 337 333 301 297 278 273 262 239 234 211 197 163 157 133 132 124 121 87 53 31 14 9 7 2 
279 442 380 376 356 343 338 327 296 291 290 282 281 277 276 228 212 201 200 196 191 167 118 113 112 110 102 76 52 21 20 16 3 
400 408 403 397 386 377 353 344 339 302 298 296 277 243 238 237 229 206 183 137 128 123 122 119 116 114 107 72 43 26 18 17 4 
110 443 418 403 394 389 366 362 347 292 288 283 279 277 276 242 233 223 211 202 197 186 169 168 164 132 97 96 87 59 54 31 6 
159 432 418 413 405 391 377 372 371 367 340 315 303 287 276 271 225 202 193 188 176 147 142 135 101 92 91 81 78 45 36 32 27 
344 427 400 396 381 367 348 322 312 310 306 301 296 267 257 238 233 220 216 202 201 196 156 130 123 106 92 40 32 27 26 13 8 
68 401 395 389 375 371 366 342 337 336 310 306 305 300 299 274 270 231 227 220 215 209 201 155 135 120 119 117 112 30 29 25 2 
60 443 411 409 404 392 386 382 377 358 321 297 296 294 289 287 258 253 207 206 203 197 179 172 141 116 69 64 51 33 27 26 22 
430 441 379 378 363 351 337 313 308 282 269 267 264 262 261 253 203 177 171 162 157 154 127 88 81 57 44 39 38 33 28 8 
267 441 436 433 430 375 368 349 344 326 278 274 270 265 253 216 211 205 188 165 164 163 135 101 99 98 94 89 84 45 8 4 
415 426 401 377 368 363 359 358 336 313 311 303 302 292 249 248 246 237 232 222 221 156 148 142 139 134 131 128 66 47 32 24 
130 412 407 381 367 353 344 339 317 312 307 291 287 283 243 238 229 201 183 178 138 128 119 111 107 73 57 52 47 21 13 4 
46 438 414 402 373 350 312 304 263 240 235 223 222 194 184 183 179 164 132 125 113 88 74 73 57 42 19 15 13 10 9 7 
208 444 442 437 401 375 354 351 346 345 336 327 320 264 246 235 226 217 212 175 174 170 126 121 102 90 84 75 56 0 
69 432 420 418 413 391 377 372 330 312 303 301 296 262 240 221 216 207 197 193 188 150 147 142 141 82 78 62 60 41 

