78 127 126 125 124 122 121 120 119 118 117 116 115 114 113 112 111 110 109 108 107 106 105 104 102 101 100 99 98 97 96 95 94 93 92 91 90 89 88 87 86 85 83 82 81 79 77 75 74 73 72 71 70 69 68 67 66 65 64 63 61 60 59 57 56 55 54 52 51 50 47 46 45 44 43 42 40 38 37 36 35 34 33 32 31 30 29 27 26 24 23 22 21 19 18 15 13 12 11 9 7 6 5 4 2 1 0 
107 127 126 125 124 122 121 120 119 118 117 116 115 114 113 112 111 110 109 108 106 105 104 102 101 100 99 98 97 96 95 94 93 92 91 90 89 88 87 86 85 83 82 81 79 78 77 75 74 73 72 71 70 69 68 67 66 65 64 63 61 60 59 57 56 55 54 52 51 50 47 46 45 44 43 42 40 38 37 36 35 34 33 32 31 30 29 27 26 24 23 22 21 19 18 15 13 12 11 9 7 6 5 4 2 1 0 
109 127 126 125 124 122 121 120 119 118 117 116 115 114 113 112 111 110 108 107 106 105 104 102 101 100 99 98 97 96 95 94 93 92 91 90 89 88 87 86 85 83 82 81 79 78 77 75 74 73 72 71 70 69 68 67 66 65 64 63 61 60 59 57 56 55 54 52 51 50 47 46 45 44 43 42 40 38 37 36 35 34 33 32 31 30 29 27 26 24 23 22 21 19 18 15 13 12 11 9 7 6 5 4 2 1 0 
108 127 126 125 124 122 121 120 119 118 116 115 114 113 112 111 110 109 107 106 105 104 102 101 100 99 98 97 96 95 94 93 92 91 90 89 88 87 86 83 82 81 79 78 77 76 75 74 73 72 71 70 69 68 67 66 65 64 63 61 60 59 57 56 55 54 53 52 51 50 47 46 45 44 43 42 40 38 37 36 34 33 32 31 30 29 28 27 26 24 23 22 19 18 15 13 12 11 9 7 6 5 4 2 1 0 
26 127 126 125 124 122 121 120 119 118 117 116 115 114 113 112 111 110 109 108 107 106 105 104 102 101 100 99 98 97 96 95 94 93 92 91 90 89 88 87 86 85 83 82 81 79 78 77 75 74 73 72 71 70 69 68 67 66 65 64 63 61 60 59 57 56 55 54 52 51 50 47 46 45 44 43 42 40 38 37 36 35 34 33 32 31 30 29 27 24 23 22 21 19 18 15 13 12 11 9 7 6 5 4 1 0 
89 127 126 125 124 122 121 120 119 118 117 116 115 114 113 112 111 110 109 108 107 106 104 102 101 100 99 98 97 96 95 94 93 92 91 90 88 87 86 85 83 82 81 79 78 77 75 74 73 72 71 70 69 68 67 66 65 64 63 61 60 59 57 56 55 54 52 51 50 47 46 45 44 43 42 40 38 37 36 35 34 33 32 31 30 29 27 26 24 23 22 19 18 15 13 12 11 9 7 6 5 4 2 1 0 
104 127 126 125 124 122 121 120 119 118 117 116 115 114 113 112 111 110 109 108 107 106 102 101 100 99 98 97 96 95 93 92 91 90 89 88 87 86 85 83 82 81 80 79 78 77 75 74 73 72 71 70 69 68 67 66 65 64 63 62 61 60 57 56 54 52 51 50 49 47 46 45 44 43 42 41 40 38 37 36 34 33 32 31 30 29 27 26 24 23 22 19 18 15 13 12 11 9 7 6 5 4 2 1 0 
73 127 126 125 124 122 121 120 119 118 117 116 115 114 113 112 111 110 109 108 107 106 104 102 101 100 99 98 97 96 95 93 92 91 90 89 88 87 86 85 83 82 81 79 78 77 75 74 72 71 70 69 68 67 66 65 64 63 62 61 60 59 57 56 54 52 51 50 47 46 45 44 43 42 40 38 37 36 35 34 33 32 31 30 29 27 26 24 23 22 21 19 18 15 13 12 11 9 7 6 5 4 2 1 0 
38 127 126 125 124 122 121 120 119 118 117 116 115 114 113 112 110 109 108 107 106 104 102 101 100 99 98 97 96 95 93 92 91 90 89 88 87 86 85 83 82 81 79 78 77 75 74 73 72 71 70 69 68 67 66 65 64 63 62 61 60 59 57 56 55 54 52 51 50 47 46 45 44 43 42 40 37 36 35 34 33 32 31 30 29 27 26 24 23 22 21 19 18 15 13 12 11 9 7 6 5 4 2 1 0 
79 127 126 125 124 122 121 120 119 118 116 115 114 113 112 111 110 109 108 107 106 104 102 101 100 99 98 97 96 95 94 93 92 91 90 89 88 87 86 83 82 81 78 77 76 75 74 73 72 71 70 69 68 67 66 65 64 63 61 59 57 56 55 54 53 52 51 50 47 46 45 44 43 42 40 38 37 36 34 33 32 31 30 29 28 27 26 24 23 22 19 18 15 14 13 12 11 9 7 6 5 4 2 1 0 
113 127 126 125 124 122 121 120 119 118 117 116 115 114 112 110 109 108 107 106 104 102 101 100 99 98 97 96 95 94 93 92 91 90 89 88 87 86 85 83 82 81 79 78 77 75 74 73 72 71 70 69 68 67 66 65 64 63 61 60 59 57 56 55 54 52 51 50 47 46 45 44 43 42 40 38 37 36 35 34 33 32 31 30 29 27 26 24 23 22 21 19 18 15 13 12 11 9 7 6 5 4 2 1 0 
116 127 126 125 124 122 121 120 119 118 117 115 114 113 112 111 110 109 108 107 106 104 102 101 100 99 98 97 96 95 93 92 91 90 89 88 87 86 85 83 82 81 80 79 78 77 75 74 73 72 71 70 69 68 67 66 65 64 63 62 61 60 57 56 54 52 51 50 49 47 46 45 44 43 42 40 38 37 36 34 33 32 31 30 29 27 26 24 23 22 19 18 15 13 12 11 9 8 7 6 5 4 2 1 0 
127 126 125 124 122 121 120 119 118 117 116 115 114 113 112 110 109 108 107 106 105 104 102 101 100 99 98 97 96 95 94 93 92 91 90 89 88 87 86 85 83 82 81 79 78 77 75 74 73 72 71 70 69 68 67 66 65 64 63 61 60 59 57 56 55 54 52 51 50 47 46 45 44 43 42 40 38 37 36 35 34 33 32 31 30 29 27 26 24 23 22 21 19 18 15 13 12 11 9 7 6 5 4 1 0 
42 127 126 125 124 122 121 120 119 118 117 116 115 114 113 112 110 109 108 107 106 105 104 102 101 100 99 98 97 96 95 94 93 92 91 90 89 88 87 86 85 83 82 81 79 78 77 75 74 73 72 71 70 69 68 67 66 65 64 63 61 60 59 57 56 55 54 52 51 50 46 45 44 43 40 38 37 36 35 34 33 32 31 30 29 27 26 24 23 22 21 19 18 15 13 12 11 9 7 6 5 4 1 0 
0 127 126 125 124 122 121 120 119 118 116 115 114 113 112 111 110 109 108 107 106 105 104 102 101 100 99 98 97 96 95 94 93 92 91 90 89 88 87 86 83 82 79 78 77 76 75 74 73 72 71 70 69 68 67 66 65 64 63 61 59 57 56 55 54 53 52 51 50 47 46 45 44 43 42 40 38 37 36 34 33 32 31 30 29 28 27 26 24 23 22 19 18 15 13 12 11 9 7 6 5 4 2 1 
101 127 126 125 124 122 121 120 119 118 116 115 114 113 112 111 110 109 108 107 106 104 102 100 99 98 97 96 95 93 92 91 90 89 88 87 86 83 82 81 79 78 77 76 75 74 73 72 71 70 69 68 67 66 65 64 63 61 60 59 57 56 55 54 53 52 51 50 47 46 45 44 43 42 40 38 37 36 34 33 32 31 30 29 28 27 26 24 23 22 19 18 15 13 12 11 9 7 6 5 4 2 1 0 
77 127 126 125 124 122 121 120 119 118 117 116 115 114 113 112 110 109 108 107 106 104 102 101 100 99 98 97 96 95 93 92 91 90 89 88 87 86 85 83 82 81 79 78 75 74 73 72 71 70 69 68 67 66 65 64 63 62 61 60 59 57 56 54 52 51 50 47 46 45 44 43 42 40 38 37 36 35 34 33 32 31 30 29 27 26 24 23 22 21 19 18 15 13 12 11 9 7 6 5 4 2 1 0 
124 127 126 125 122 121 120 119 118 117 116 115 114 113 112 110 109 108 107 106 104 102 101 100 99 98 97 96 95 93 92 91 90 89 88 87 86 85 83 82 81 80 79 78 77 75 74 73 72 71 70 69 68 67 66 65 64 63 62 61 60 57 56 54 52 51 50 47 46 45 44 43 42 40 38 37 36 35 34 33 32 31 30 29 27 26 24 23 22 21 19 18 15 13 12 11 9 7 6 5 4 2 1 0 
7 127 126 125 124 122 121 120 119 118 117 116 115 114 113 112 110 109 108 107 106 105 104 102 101 100 99 98 97 96 95 94 93 92 91 90 89 88 87 86 85 83 82 81 79 78 77 75 74 73 72 71 70 69 68 67 66 65 64 63 61 60 59 57 56 55 54 52 51 50 46 45 44 43 42 40 38 37 36 35 34 33 32 31 30 29 27 26 24 23 22 21 19 18 15 13 12 11 9 6 5 4 1 0 
72 127 126 125 124 122 121 120 119 118 117 116 115 114 113 112 110 109 108 107 106 104 102 101 100 99 98 97 96 95 94 93 92 91 90 89 88 87 86 85 83 82 81 79 78 77 75 74 73 71 70 69 68 67 66 65 64 63 61 60 59 57 56 55 54 52 51 50 46 45 44 43 42 40 38 37 36 35 34 33 32 31 30 29 27 26 24 23 22 21 19 18 15 13 12 11 9 7 6 5 4 1 0 
61 127 126 125 124 122 121 120 119 118 117 116 115 114 113 112 110 109 108 107 106 105 104 102 101 100 99 98 97 96 95 94 93 92 91 90 89 88 87 86 85 83 82 81 79 78 77 75 74 73 72 71 70 69 68 67 66 65 64 63 60 59 57 56 55 54 52 51 50 46 45 44 43 42 40 38 37 36 35 34 33 32 31 30 29 27 26 24 23 22 21 19 18 15 13 12 11 9 7 6 5 1 0 
87 127 126 125 124 122 121 120 119 118 117 116 115 114 113 112 110 109 108 107 106 105 104 102 101 100 99 98 97 96 95 94 93 92 91 90 89 88 86 85 83 82 81 79 78 77 75 74 73 72 71 70 69 68 67 66 65 64 63 61 60 59 57 56 55 54 52 51 50 46 45 44 43 42 40 38 37 36 35 34 33 32 31 30 29 27 26 24 23 22 21 19 18 15 13 12 11 9 7 6 5 1 0 
75 127 126 125 124 122 121 120 119 118 117 116 115 114 113 112 110 109 108 107 106 105 104 102 101 100 99 98 97 96 95 94 93 92 91 90 89 88 87 86 85 83 82 81 79 78 77 74 73 72 71 70 69 68 67 66 65 64 63 61 60 59 57 56 55 54 52 51 50 46 45 44 43 42 40 38 37 36 35 34 33 32 31 30 29 27 26 24 23 22 21 19 18 15 13 12 11 9 7 6 5 1 0 
90 127 126 125 124 122 121 120 119 118 117 116 115 114 113 112 110 109 108 107 106 105 104 102 101 100 99 98 97 96 95 94 93 92 91 89 88 87 86 85 83 82 81 79 78 77 75 74 73 72 71 70 69 68 67 66 65 64 63 61 60 59 57 56 55 54 52 51 50 46 45 44 43 42 40 38 37 36 35 34 33 32 31 30 29 27 26 24 23 22 21 19 18 15 13 12 11 9 7 6 5 1 0 
91 127 126 125 124 122 121 120 119 118 117 116 115 114 113 112 110 109 108 107 106 105 104 102 101 100 99 98 97 96 95 94 93 92 90 89 88 87 86 85 83 82 81 79 78 77 75 74 73 72 71 70 69 68 67 66 65 64 63 61 60 59 57 56 55 54 52 51 50 46 45 44 43 42 40 38 37 36 35 34 33 32 31 30 29 27 26 24 23 22 21 19 18 15 13 12 11 9 7 6 5 1 0 
99 127 126 125 124 122 121 120 119 118 117 116 115 114 113 112 110 109 108 107 106 104 102 101 100 98 97 96 95 94 93 92 91 90 89 88 87 86 85 83 82 81 79 78 77 75 74 73 72 71 70 69 68 67 66 65 64 63 61 60 59 57 56 55 54 52 51 50 46 45 44 43 42 40 38 37 36 35 34 33 32 31 30 29 27 26 24 23 22 21 19 18 15 13 12 11 9 7 6 5 4 1 0 
67 127 126 125 124 122 121 120 119 118 117 116 115 114 113 112 110 109 108 107 106 105 104 102 101 100 99 98 97 96 95 94 93 92 91 90 89 88 87 86 85 83 82 81 79 78 77 75 74 73 72 71 70 69 68 66 65 64 63 61 60 59 57 56 55 54 52 51 50 46 45 44 43 42 40 38 37 36 35 34 33 32 31 30 29 27 26 24 23 22 21 19 18 15 13 12 11 9 7 6 5 1 0 
18 127 126 125 124 122 121 120 119 118 117 116 115 114 113 112 110 109 108 107 106 104 102 101 100 99 98 97 96 95 93 92 91 90 89 88 87 86 85 83 82 81 79 78 77 75 74 73 72 71 70 69 68 67 66 65 64 63 61 60 59 57 56 55 54 52 51 50 46 45 44 43 42 40 38 37 36 35 34 33 32 31 30 29 27 26 24 23 22 21 19 15 13 12 11 9 7 6 5 4 1 0 
27 127 126 125 124 122 121 120 119 118 117 116 115 114 113 112 110 109 108 107 106 105 104 102 101 100 99 98 97 96 95 94 93 92 91 90 89 88 87 86 85 83 82 81 79 78 77 75 74 73 72 71 70 69 68 67 66 65 64 63 61 60 59 57 56 55 54 52 51 50 46 45 44 43 42 40 38 37 35 34 33 32 31 30 29 26 24 23 22 21 19 18 15 13 12 11 9 7 6 5 1 0 
100 127 126 125 124 122 121 120 119 118 117 116 115 114 113 112 110 109 108 107 106 104 102 101 99 98 97 96 95 93 92 91 90 89 88 87 86 85 83 82 81 79 78 77 75 74 73 72 71 70 69 68 67 66 65 64 63 61 60 59 57 56 54 52 51 50 46 45 44 43 42 40 38 37 36 35 34 33 32 31 30 29 27 26 24 23 22 21 19 18 15 13 12 11 9 7 6 5 4 1 0 
98 127 126 125 124 122 121 120 119 118 117 116 115 114 113 112 110 109 108 107 106 105 104 102 101 100 99 97 96 95 94 93 92 91 90 89 88 87 85 83 82 81 79 78 77 75 74 73 72 71 70 69 68 67 66 65 64 63 61 60 59 57 56 55 54 52 51 50 45 44 43 42 40 38 37 35 34 33 32 31 30 29 27 26 24 23 22 21 19 18 15 13 12 11 9 7 6 5 1 0 
51 127 126 125 124 122 121 120 119 118 117 116 115 114 113 112 110 109 108 107 106 105 104 102 101 100 99 98 97 96 95 94 93 92 91 90 89 88 87 85 83 82 81 79 78 77 75 74 73 72 71 70 69 68 67 66 65 64 63 61 60 59 57 56 55 54 52 50 45 44 43 42 40 38 37 35 34 33 32 31 30 29 27 26 24 23 22 21 19 18 15 13 12 11 9 7 6 5 1 0 
66 127 126 125 124 122 121 119 118 117 116 115 114 113 112 111 110 109 108 107 106 105 104 102 101 100 99 98 97 96 95 94 93 92 91 90 89 88 87 85 83 82 81 79 78 77 75 74 73 72 71 70 69 68 67 65 64 63 61 60 59 57 56 55 54 52 51 50 46 45 44 43 42 40 38 37 36 35 32 31 30 29 27 26 24 23 22 19 18 15 13 12 11 9 7 6 5 1 0 
63 127 126 125 124 122 121 119 118 117 116 115 114 113 112 110 109 108 107 106 105 104 102 101 100 99 98 97 96 95 94 93 92 91 90 89 88 87 85 83 82 81 79 78 77 75 74 73 72 71 70 69 68 67 66 65 64 61 60 59 57 56 55 54 52 51 50 46 45 44 43 42 40 38 37 36 35 32 31 30 29 27 26 24 23 22 21 19 18 15 13 12 11 9 7 6 5 1 0 
56 127 126 125 124 122 121 119 118 116 115 114 113 112 111 110 109 108 107 106 105 104 102 101 100 99 98 97 96 95 94 93 92 91 90 89 88 87 86 83 82 79 78 77 75 74 73 72 71 70 69 68 67 66 65 64 63 61 59 57 55 54 52 51 50 47 46 45 44 43 42 40 38 37 36 34 32 31 30 29 27 26 24 23 22 19 18 15 13 12 11 9 7 6 5 4 1 0 
69 127 126 125 124 122 121 119 118 117 116 115 114 113 112 110 109 108 107 106 105 104 102 101 100 99 98 97 96 95 94 93 92 91 90 89 88 87 85 83 82 81 79 78 77 75 74 73 72 71 70 68 67 66 65 64 63 61 60 59 57 56 55 54 52 51 46 45 44 43 42 40 38 37 36 35 32 31 30 29 27 26 24 23 22 21 19 18 15 13 12 11 9 7 6 5 1 0 
121 127 126 125 124 122 119 118 117 116 115 114 113 112 110 109 108 107 106 105 104 102 101 100 99 98 97 96 95 94 93 92 91 90 89 88 87 85 83 82 81 79 78 77 75 74 73 72 71 70 69 68 67 66 65 64 63 61 60 59 57 56 55 54 52 51 46 45 44 43 42 40 38 37 36 35 32 31 30 29 27 26 24 23 22 21 19 18 15 13 12 11 9 7 6 5 1 0 
65 127 126 125 124 122 121 120 119 118 117 116 115 114 113 112 110 109 108 107 106 105 104 102 101 100 99 98 97 96 95 94 93 92 91 90 89 88 87 85 83 82 81 79 78 77 75 74 73 72 71 70 69 68 67 66 64 63 61 60 59 57 56 55 54 52 51 50 45 44 43 42 40 38 37 35 32 31 30 29 27 26 24 23 22 21 19 18 15 13 12 11 9 7 6 5 1 0 
54 127 126 125 124 122 121 119 118 116 115 114 113 112 111 110 109 108 107 106 105 104 102 101 100 99 98 97 96 95 94 93 92 91 90 89 88 87 86 83 82 79 78 77 75 74 73 72 71 70 69 68 67 66 65 64 63 61 59 57 56 55 52 51 50 47 46 45 44 43 42 40 38 37 36 34 32 31 30 29 27 26 24 23 22 19 18 15 13 12 11 9 7 6 5 4 1 0 
122 127 126 125 124 121 119 118 117 116 115 114 113 112 110 109 108 107 106 105 104 102 101 100 99 98 97 96 95 94 93 92 91 90 89 88 87 85 83 82 81 79 78 77 75 74 73 72 71 70 69 68 67 66 65 64 63 61 60 59 57 56 55 54 52 51 50 45 44 43 42 40 38 37 35 32 31 30 29 27 26 24 23 22 21 19 18 15 13 12 11 9 7 6 5 1 0 
97 127 126 125 124 122 121 120 119 118 116 114 113 112 111 110 109 108 107 106 105 104 102 101 100 99 98 96 95 94 93 92 91 90 89 88 87 86 83 82 79 78 77 76 75 74 73 72 71 70 69 68 67 66 65 64 63 61 59 57 56 55 54 53 51 50 47 46 44 43 42 38 36 34 32 31 30 29 28 27 26 23 22 19 18 15 13 12 11 9 7 6 5 4 2 1 0 
106 127 126 125 124 122 121 119 118 117 116 115 114 113 112 110 109 108 107 105 104 102 101 100 99 98 97 96 95 94 93 92 91 90 89 88 87 85 83 82 81 79 78 77 75 74 73 72 71 70 69 68 67 66 65 64 63 61 60 59 57 56 55 54 52 51 50 45 44 43 42 40 38 37 35 32 31 30 29 27 26 24 23 22 21 19 18 15 13 12 11 9 7 6 5 1 0 
114 127 126 125 124 122 121 120 118 117 116 115 113 112 110 109 108 107 106 105 104 102 101 100 99 98 97 96 95 94 93 92 91 90 89 88 87 85 83 82 81 79 78 77 75 74 73 72 71 70 69 68 67 66 65 64 63 61 60 59 57 56 55 54 52 51 50 45 44 43 42 40 38 37 35 32 30 29 27 26 24 23 22 21 19 18 15 13 12 11 9 7 6 5 1 0 
96 127 126 125 124 122 121 120 119 118 116 115 114 113 112 109 108 107 106 104 102 101 100 99 98 97 95 93 92 91 90 89 87 86 82 81 80 79 78 77 75 74 73 72 71 70 69 68 67 66 65 64 63 62 61 57 56 54 52 51 50 49 47 46 45 44 43 42 41 40 38 37 36 34 33 32 31 30 29 27 26 24 23 19 18 15 13 11 10 9 7 6 4 2 1 0 
125 127 126 124 122 121 119 118 117 116 115 114 113 112 110 109 108 107 106 105 104 102 101 100 99 98 97 96 95 94 93 92 91 90 89 88 87 85 83 82 81 79 78 77 75 74 73 72 71 70 69 68 67 66 65 64 63 61 60 59 57 56 55 54 52 51 50 45 44 43 42 40 38 37 35 32 30 29 27 26 24 23 22 21 19 18 15 13 12 11 9 7 6 5 1 0 
6 127 126 125 124 122 121 120 117 116 115 114 113 112 110 109 108 107 106 104 102 101 100 99 98 97 96 95 94 93 92 91 90 89 88 87 85 83 82 81 79 78 77 75 74 73 72 70 69 68 67 66 65 64 63 61 60 59 57 56 55 54 52 51 50 45 44 43 42 40 38 37 35 34 33 32 31 30 29 27 26 24 23 22 21 19 18 15 13 12 11 9 7 5 1 0 
102 127 126 125 124 122 121 119 118 116 114 113 112 111 110 109 108 107 106 105 104 101 100 99 98 97 96 95 94 93 92 91 90 89 88 87 86 83 82 79 78 77 75 74 73 72 71 70 69 68 67 66 65 64 63 61 59 56 55 54 53 52 51 50 47 46 44 43 42 40 38 36 34 32 31 30 29 28 27 26 23 22 19 18 15 13 12 11 9 7 6 5 4 1 0 
30 127 126 125 124 122 121 120 119 118 116 114 113 112 111 110 109 108 107 106 105 104 102 101 100 99 98 97 96 95 94 92 91 90 89 88 87 86 83 82 79 78 77 76 75 74 73 72 71 70 69 68 67 66 65 64 63 61 59 56 55 54 53 51 50 47 46 44 43 42 38 36 34 33 32 31 28 27 26 22 19 18 15 14 13 12 11 9 7 6 5 4 2 1 0 
32 127 125 124 123 122 121 120 119 118 116 114 113 111 109 108 107 106 104 103 102 101 100 99 98 97 96 93 91 90 89 87 86 84 82 80 79 78 77 76 75 74 73 72 71 69 68 67 66 65 64 63 62 61 58 56 54 53 51 50 49 48 47 46 44 43 42 41 39 38 36 34 33 31 30 28 27 26 25 20 18 17 15 14 13 11 10 8 7 6 4 3 2 0 
15 127 125 124 123 122 121 120 119 118 116 114 113 111 109 108 107 106 104 103 102 101 100 99 98 97 96 91 90 89 87 86 84 82 80 79 78 77 76 75 73 72 71 69 68 67 66 65 64 63 62 61 58 56 54 53 51 50 49 48 47 46 44 43 42 41 39 38 36 34 33 32 31 30 28 27 26 25 20 18 17 16 14 13 11 10 8 7 6 4 3 2 0 
74 127 126 125 124 122 121 119 118 117 116 115 114 113 112 110 109 108 107 106 105 104 102 101 100 99 98 97 96 95 94 93 92 91 90 89 88 87 85 83 82 81 79 78 77 75 73 72 71 70 69 68 67 66 65 64 63 61 60 59 57 56 55 54 52 51 45 44 43 42 40 38 37 35 32 30 29 27 26 24 23 22 21 19 18 13 12 9 7 6 5 1 0 
44 127 126 125 124 122 121 118 117 116 115 114 113 112 110 109 108 107 106 105 104 102 101 100 99 98 97 96 95 94 93 92 91 90 89 88 87 85 83 82 81 79 78 77 75 74 73 72 70 69 68 67 66 65 64 63 61 60 59 57 56 55 54 52 51 50 45 43 42 40 38 37 35 32 30 29 27 26 24 23 22 21 19 18 15 13 12 9 7 6 5 1 0 
70 127 126 125 124 122 121 119 118 117 116 115 114 113 112 110 109 108 107 106 105 104 102 101 100 99 98 97 96 95 94 93 92 91 90 89 88 87 85 83 82 81 79 78 77 75 74 73 72 71 69 68 67 66 65 63 61 60 59 57 56 55 54 52 51 46 45 44 43 42 40 38 37 35 30 29 27 26 24 23 22 21 19 18 13 12 9 7 6 5 1 0 
22 127 126 125 124 122 121 119 118 117 116 115 114 113 112 110 109 108 107 106 105 104 102 101 100 99 98 97 95 94 93 92 91 90 89 88 87 85 83 82 81 79 78 77 75 74 73 72 71 70 69 68 67 66 65 63 61 60 59 57 56 55 54 52 51 46 45 44 43 42 40 38 37 35 30 29 27 26 24 23 21 19 18 13 12 11 9 7 6 5 1 0 
68 127 126 125 124 122 121 117 116 115 114 113 112 110 109 108 107 106 105 104 102 101 100 99 98 97 96 95 94 93 92 91 90 89 88 87 85 83 82 81 79 78 77 75 74 73 72 70 69 67 66 65 64 63 61 60 59 57 56 55 54 52 51 50 45 44 43 42 40 38 37 35 32 30 29 27 26 24 23 22 21 19 18 15 13 12 9 7 6 5 1 0 
126 127 125 124 122 121 119 118 117 116 115 114 113 112 110 109 108 107 106 105 104 102 101 100 99 98 97 96 95 94 93 92 91 90 89 88 87 85 83 82 81 79 78 77 75 74 73 72 71 70 69 68 67 66 65 64 63 61 60 59 57 56 55 54 52 51 45 44 43 42 40 38 37 35 30 29 27 26 24 23 22 21 19 18 13 12 9 7 6 5 1 0 
64 127 126 125 124 122 121 120 119 118 116 115 114 113 112 109 108 107 106 104 102 101 100 99 98 97 96 93 92 91 90 89 87 86 84 82 80 79 78 77 75 74 73 72 71 69 68 67 66 65 63 62 61 57 56 54 52 51 50 49 47 46 45 44 43 42 41 38 36 34 33 32 31 30 29 27 26 24 23 19 18 15 13 11 10 9 7 6 4 2 1 0 
1 127 126 125 124 122 121 118 117 116 115 114 113 112 110 109 108 107 106 105 104 102 101 100 99 98 97 96 95 94 93 92 91 90 89 88 87 85 83 82 81 79 78 77 75 74 73 72 71 70 69 68 67 66 65 64 63 61 60 59 57 56 55 54 52 51 45 44 43 42 40 38 37 35 30 29 27 26 24 23 22 21 19 18 13 12 9 7 6 5 0 
5 127 126 125 124 122 121 119 118 117 116 115 114 113 112 110 109 108 107 106 105 104 102 101 100 99 98 97 95 94 93 92 91 90 89 88 87 85 83 82 81 79 78 77 75 74 73 72 71 70 69 68 67 66 65 63 61 60 59 57 56 55 54 52 51 46 45 44 43 42 40 38 37 35 30 29 27 26 24 23 22 21 19 18 13 12 9 7 6 1 0 
13 127 126 125 124 122 121 120 117 116 115 114 113 112 110 109 108 107 106 104 102 101 100 99 98 97 96 95 93 92 91 90 89 88 87 85 83 82 81 79 78 77 75 74 73 72 70 69 68 67 66 65 64 63 61 60 59 57 56 54 52 51 50 45 44 42 40 38 37 35 34 33 32 30 29 27 26 24 23 22 21 19 18 15 12 9 7 6 5 1 0 
95 127 126 125 124 122 121 119 118 117 116 115 114 113 112 110 109 108 107 106 105 104 102 101 100 99 98 97 96 94 93 92 91 90 89 88 87 85 83 82 81 79 78 77 75 74 73 72 71 70 69 68 67 66 65 63 61 60 59 57 56 55 54 52 51 45 44 43 42 40 38 37 35 30 29 27 26 24 23 22 21 19 18 13 12 9 7 6 5 1 0 
88 127 126 125 124 122 121 119 118 117 116 115 114 113 112 110 109 108 107 106 105 104 102 101 100 99 98 97 95 94 93 92 91 90 89 87 85 83 82 81 79 78 77 75 74 73 72 71 70 69 68 67 66 65 63 61 60 59 57 56 55 54 52 51 46 45 44 43 42 40 38 37 35 30 29 27 26 24 23 22 21 19 18 13 12 9 7 6 5 1 0 
82 127 126 125 124 122 121 117 116 115 114 113 112 110 109 108 107 106 104 102 101 100 99 98 97 96 95 94 93 92 91 90 89 88 87 85 83 81 79 78 77 75 74 73 72 70 69 68 67 66 65 64 63 61 60 59 57 56 55 54 52 51 50 45 44 42 40 38 37 35 32 30 29 27 26 24 23 22 21 19 18 15 13 12 9 7 6 5 1 0 
12 127 126 125 124 122 121 119 118 117 116 115 114 113 112 110 109 108 107 106 105 104 102 101 100 99 98 97 95 94 93 92 91 90 89 88 87 85 83 82 81 79 78 77 75 74 73 72 71 70 69 68 67 66 65 63 61 60 59 57 56 55 54 52 51 45 44 43 42 40 38 37 35 30 29 27 26 24 23 22 21 19 18 13 9 7 6 5 1 0 
112 127 126 125 124 122 121 117 116 115 114 113 110 109 108 107 106 105 104 102 101 100 99 98 97 96 95 94 93 92 91 90 89 88 87 85 83 82 81 79 78 77 75 74 73 72 70 69 68 67 66 65 64 63 61 60 59 57 56 55 54 52 51 45 44 43 42 40 38 37 35 30 29 27 26 24 23 22 21 19 18 13 12 9 7 6 5 1 0 
9 127 126 125 124 122 121 117 116 115 114 113 112 110 109 108 107 106 105 104 102 101 100 99 98 97 96 95 94 93 92 91 90 89 88 87 85 83 82 81 79 78 77 75 74 73 72 70 69 68 67 66 65 64 63 61 60 59 57 56 55 54 52 51 45 44 43 42 40 38 37 35 30 29 27 26 24 23 22 21 19 18 13 12 7 6 5 1 0 
92 127 126 125 124 122 121 117 116 115 114 113 112 110 109 108 107 106 105 104 102 101 100 99 98 97 96 95 94 93 91 90 89 88 87 85 83 82 81 79 78 77 75 74 73 72 70 69 68 67 66 65 64 63 61 60 59 57 56 55 54 52 51 45 44 43 42 40 38 37 35 30 29 27 26 24 23 22 21 19 18 13 12 9 7 6 5 1 0 
93 127 126 125 124 122 121 117 116 115 114 113 112 110 109 108 107 106 105 104 102 101 100 99 98 97 96 95 94 92 91 90 89 88 87 85 83 82 81 79 78 77 75 74 73 72 70 69 68 67 66 65 64 63 61 60 59 57 56 55 54 52 51 50 45 44 42 40 38 37 35 32 29 27 26 24 23 22 21 19 18 13 12 9 7 6 5 1 0 
83 127 126 125 124 122 121 118 117 116 115 114 113 112 110 109 108 107 106 105 104 102 101 100 99 98 97 95 94 93 92 91 90 89 88 87 85 82 81 79 78 77 75 74 73 72 71 70 69 68 67 66 65 63 61 60 59 57 56 55 54 52 51 45 44 43 42 40 38 37 35 30 29 27 26 24 23 22 21 19 18 13 12 9 7 6 5 1 0 
43 127 126 125 124 122 121 119 118 116 114 113 112 111 110 109 108 107 106 105 104 102 101 100 99 98 97 96 95 94 92 91 90 89 88 87 86 83 79 78 77 76 75 74 73 72 71 70 69 68 67 66 65 64 63 61 59 56 55 54 53 51 50 47 46 44 42 38 36 34 32 31 30 28 27 26 22 18 15 12 11 9 7 6 5 4 1 0 
110 127 126 125 124 122 121 118 117 116 115 114 113 112 109 108 107 106 105 104 102 101 100 99 98 97 95 94 93 92 91 90 89 88 87 85 83 82 81 79 78 77 75 74 73 72 70 69 68 67 66 65 63 61 60 59 57 56 55 54 52 51 45 44 43 42 40 38 37 35 30 29 27 26 24 23 22 21 19 18 13 12 9 7 6 5 1 0 
19 127 126 125 124 122 121 117 116 115 114 113 112 110 109 108 107 106 105 104 102 101 100 99 98 97 96 95 94 93 92 91 90 89 88 87 85 83 82 81 79 78 77 75 74 73 72 70 69 68 67 66 65 64 63 61 60 59 57 56 55 54 52 51 45 44 42 40 38 37 35 30 29 27 26 24 23 22 21 18 13 12 9 7 6 5 1 0 
23 127 126 125 124 122 121 117 116 115 114 113 112 110 109 108 107 106 105 104 102 101 100 99 98 97 96 95 94 93 92 91 90 89 88 87 85 83 82 81 79 78 77 75 74 73 72 70 69 68 67 66 65 64 63 61 60 59 57 56 55 54 52 51 45 44 42 40 38 37 35 29 27 26 24 22 21 19 18 13 12 9 7 6 5 1 0 
59 127 126 125 122 121 119 118 117 115 114 113 112 110 109 108 107 106 105 102 101 100 99 98 97 95 94 93 92 91 90 89 88 87 85 83 82 81 79 78 77 75 74 73 72 71 70 69 68 67 66 65 63 61 60 57 56 55 54 52 51 45 44 43 42 40 38 37 35 30 29 27 26 24 23 22 21 19 18 13 12 9 7 6 5 1 0 
29 127 126 125 124 122 121 117 116 115 114 113 112 110 109 108 107 106 105 104 102 101 100 99 98 97 96 95 94 93 92 91 90 89 88 87 85 83 82 81 79 78 77 75 74 73 72 70 69 68 67 66 65 64 63 61 60 59 57 56 55 54 52 51 45 44 42 40 38 37 35 27 26 24 23 22 21 19 18 13 12 9 7 6 5 1 0 
31 127 124 123 122 121 120 119 118 116 113 111 109 108 107 106 104 103 102 101 100 99 98 97 96 91 90 89 87 86 84 80 79 78 77 76 75 73 72 71 69 67 66 65 64 63 62 61 58 56 54 53 51 50 49 48 47 46 43 42 41 39 38 36 34 33 32 30 28 27 26 25 20 18 17 15 14 11 10 8 7 6 4 3 2 0 
57 127 126 125 124 122 121 117 116 115 114 113 112 110 109 108 107 106 105 104 101 100 99 98 97 96 95 94 93 92 91 90 89 88 87 85 83 82 81 79 78 77 75 74 73 72 70 69 68 67 66 65 64 63 61 60 59 56 55 54 52 51 45 44 42 40 38 37 35 29 27 26 24 23 22 21 19 18 13 12 9 7 6 5 1 0 
52 127 126 125 124 122 121 117 116 115 114 113 112 110 109 108 107 106 105 104 102 101 100 99 98 96 95 94 93 92 91 90 89 88 87 85 83 82 81 79 78 77 75 74 73 72 70 69 68 67 66 65 64 63 61 60 59 57 56 55 54 51 45 44 42 40 38 37 35 29 27 26 24 23 22 21 19 18 13 12 9 7 6 5 1 0 
11 127 125 124 123 122 121 120 119 118 116 114 113 111 109 108 107 106 104 103 102 101 100 99 98 97 96 91 90 89 87 86 80 79 78 77 76 75 73 72 71 69 67 66 65 64 63 62 61 58 56 54 53 51 50 48 47 46 43 42 41 39 38 36 34 33 32 31 30 28 27 26 25 22 20 18 17 15 14 8 7 6 4 3 2 0 
115 127 126 125 124 122 121 117 116 114 113 112 110 109 108 107 106 105 104 101 100 99 98 96 95 94 93 92 91 90 89 88 87 85 83 82 81 79 78 77 75 74 73 72 70 69 68 67 66 65 64 63 61 60 59 57 56 55 54 52 51 45 44 42 40 38 37 35 29 27 26 24 23 22 21 19 18 13 12 9 7 6 5 1 0 
40 127 126 125 124 122 121 117 116 115 114 113 112 110 109 108 107 106 105 104 102 101 100 99 98 96 95 94 93 92 91 90 89 88 87 85 83 82 81 79 78 77 75 74 73 72 70 69 68 67 66 65 63 61 60 59 57 56 55 54 52 51 45 44 42 38 37 35 29 27 26 24 23 22 21 19 18 13 12 9 7 6 5 1 0 
24 127 126 125 124 122 121 117 116 115 114 113 112 110 109 108 107 106 105 104 101 100 99 98 96 95 94 93 92 91 90 89 88 87 85 83 82 81 79 78 77 75 74 73 72 70 69 68 67 66 65 64 63 61 60 59 57 56 55 54 52 51 45 44 42 40 38 37 35 29 27 26 23 22 21 19 18 13 12 9 7 6 5 1 0 
45 127 126 125 124 122 121 117 116 115 114 113 112 110 109 108 107 106 105 104 101 100 99 98 96 95 94 93 92 91 90 89 88 87 85 83 82 81 79 78 77 75 74 73 72 70 69 68 67 66 65 64 63 61 60 59 57 56 55 54 52 51 44 42 40 38 37 35 29 27 26 24 23 22 21 19 18 13 12 9 7 6 5 1 0 
37 127 126 125 124 122 121 117 116 115 114 113 112 110 109 108 107 106 105 104 101 100 99 98 96 95 94 93 92 91 90 89 88 87 85 83 82 81 79 78 77 75 74 73 72 70 69 68 67 66 65 63 61 60 59 57 56 55 54 52 51 45 44 42 40 38 35 29 27 26 24 23 22 21 19 18 13 12 9 7 6 5 1 0 
55 127 126 125 122 121 119 118 117 115 114 113 112 110 109 108 107 106 105 102 101 99 98 97 95 94 93 92 91 90 89 88 87 85 83 82 81 79 78 75 74 72 71 70 69 68 67 66 65 63 61 60 59 57 56 54 52 51 45 44 43 42 40 38 37 35 30 29 27 26 24 23 22 21 19 18 12 9 7 6 5 1 0 
118 127 126 125 124 122 121 119 116 114 113 111 110 109 108 107 106 105 104 102 101 100 99 98 97 96 95 94 91 90 89 88 87 86 83 79 78 77 76 75 74 73 72 71 70 69 67 66 65 64 63 61 59 56 55 54 53 51 47 46 44 43 42 38 36 34 32 31 30 28 27 26 22 18 15 12 11 7 5 4 1 0 
81 127 126 125 124 122 121 117 116 115 114 113 112 110 109 108 107 106 105 104 101 100 99 98 96 95 94 93 92 91 90 89 88 87 85 83 82 79 78 77 75 74 73 72 70 69 68 67 66 65 63 61 60 59 57 55 52 51 45 44 42 40 38 37 35 29 27 26 24 23 22 21 19 18 13 12 9 7 6 5 1 
71 127 126 125 124 122 121 119 118 116 114 113 111 109 108 107 106 105 104 102 101 100 99 98 97 96 95 94 91 90 89 88 87 86 83 79 78 77 76 75 74 73 72 70 69 67 66 65 64 63 61 59 56 55 54 53 51 47 46 43 42 38 36 34 32 31 30 28 27 26 22 18 15 14 12 11 7 5 4 1 0 
34 127 124 123 120 119 118 116 113 111 109 108 107 104 103 102 101 100 99 98 97 96 91 90 89 87 86 84 80 79 78 77 76 75 73 72 71 67 64 62 61 58 56 54 53 51 50 49 48 47 46 43 42 41 39 38 36 33 32 31 30 28 27 26 25 20 18 17 16 15 14 13 11 10 8 7 6 4 3 2 0 
94 127 126 125 122 121 119 118 117 115 114 113 112 110 109 108 107 106 105 102 99 98 97 95 93 92 91 90 89 88 87 85 83 82 81 79 78 75 74 72 71 70 69 68 67 66 65 63 61 60 59 57 56 55 54 52 51 45 44 43 42 40 37 35 30 29 27 26 24 23 22 21 19 12 9 7 6 5 1 0 
119 127 126 125 124 122 121 120 118 116 113 111 109 108 107 106 104 102 101 100 99 98 97 96 95 94 91 90 89 88 87 86 79 78 77 76 75 74 73 72 71 70 69 67 66 65 64 63 61 59 56 55 54 53 51 50 47 46 43 42 38 36 34 32 31 30 28 27 26 22 18 15 14 12 11 7 5 4 2 0 
60 127 126 125 124 122 121 117 116 115 114 113 112 110 109 108 107 106 105 104 101 100 99 98 95 94 93 92 91 90 89 88 87 85 83 82 81 78 77 75 74 73 72 70 69 68 67 66 65 63 61 59 57 55 52 51 45 44 42 40 38 37 35 29 27 26 24 23 22 21 19 18 13 12 9 7 6 5 1 
86 127 124 123 120 119 118 116 113 111 109 108 107 104 103 102 101 100 99 97 96 91 90 89 87 84 80 79 78 77 76 75 73 72 71 67 64 62 61 58 56 54 53 50 49 48 47 46 43 42 41 39 38 36 34 33 32 31 30 28 27 26 25 20 18 17 16 15 14 11 10 8 7 4 3 2 0 
46 127 124 123 121 120 119 118 116 113 111 109 108 107 104 103 102 101 100 99 97 96 91 90 89 88 87 86 80 79 78 77 76 75 73 72 71 70 69 67 66 64 63 61 56 54 53 50 47 43 42 39 38 36 34 33 32 31 30 28 27 26 25 22 20 18 17 15 14 11 8 7 5 4 3 2 0 
85 127 126 125 124 122 121 117 116 115 114 113 112 110 109 107 106 105 104 100 99 98 95 94 93 92 91 90 89 88 87 83 82 81 78 77 75 74 73 72 70 69 68 67 66 65 63 61 60 59 57 55 52 51 45 44 42 40 38 37 35 29 27 26 24 23 22 21 19 18 13 12 9 7 6 5 1 
36 127 124 123 121 120 119 118 116 113 111 109 108 107 104 103 102 101 100 99 97 96 91 90 89 87 86 80 79 78 77 76 75 73 72 71 69 67 66 64 63 62 61 58 56 54 53 50 48 47 46 43 42 41 39 38 34 33 32 31 30 28 26 25 20 18 17 15 14 11 8 7 4 3 2 0 
117 127 126 125 124 122 121 116 115 114 113 112 110 109 107 106 104 100 99 98 95 94 93 92 91 90 89 88 87 85 83 82 81 78 77 75 74 73 72 70 69 68 67 66 65 63 61 60 59 57 55 52 51 45 44 42 40 38 37 35 29 27 26 24 23 22 21 19 18 13 12 9 7 6 5 1 
35 127 126 125 124 122 121 117 115 114 113 112 110 109 107 106 105 100 99 98 95 94 93 92 91 90 89 88 87 85 83 82 81 78 77 75 74 73 72 70 69 68 67 66 65 63 61 60 59 57 55 52 51 45 44 42 40 38 37 29 27 26 24 23 22 21 19 18 13 12 9 7 6 5 1 
21 127 126 125 124 122 121 117 115 114 113 112 110 109 107 106 100 99 98 95 94 93 92 91 90 88 87 85 83 82 81 78 77 75 74 73 72 70 69 68 67 65 63 61 60 59 57 55 52 51 45 44 42 40 38 37 35 29 27 26 24 23 22 19 18 13 12 9 7 6 5 1 
50 127 125 124 122 120 119 116 114 113 109 108 107 106 104 102 101 100 99 98 97 96 93 91 90 89 87 86 82 80 79 78 77 75 73 72 68 67 66 65 64 63 62 61 56 54 51 49 47 46 44 43 42 41 38 36 34 33 32 31 30 27 26 18 15 13 11 7 6 4 2 0 
105 127 126 125 122 121 118 115 114 112 110 109 108 107 106 102 98 97 95 94 93 92 91 90 88 87 85 83 81 78 75 74 71 70 69 68 67 66 65 63 61 60 59 57 56 55 54 52 51 45 44 43 42 40 37 35 30 29 27 26 24 23 22 19 12 9 7 5 1 0 
4 127 124 123 120 119 118 116 113 111 109 108 107 104 103 102 101 100 99 97 96 89 86 84 80 79 78 77 76 73 72 71 64 62 58 56 54 53 50 49 48 47 46 43 42 41 39 38 36 34 33 32 31 30 28 26 25 20 18 17 16 15 14 11 10 8 7 3 2 0 
120 127 124 119 116 114 113 109 108 107 104 101 100 99 98 97 96 91 90 89 87 86 84 80 79 78 77 75 73 72 67 65 64 62 61 58 51 50 49 48 47 46 42 41 38 36 34 33 32 31 30 27 26 20 18 16 15 13 11 10 8 7 6 4 2 0 
47 127 124 123 120 119 118 116 113 111 109 108 107 104 103 102 101 97 96 89 86 84 80 79 78 77 76 73 71 64 62 58 56 54 53 50 49 48 46 43 41 39 38 36 34 33 32 31 30 28 26 25 20 17 16 15 14 11 10 8 4 3 2 0 
33 127 124 120 116 113 109 108 107 104 101 100 99 98 96 91 90 89 87 86 84 80 79 78 77 75 73 72 67 64 62 61 58 51 50 49 48 47 46 42 41 38 36 34 32 31 30 27 26 18 16 15 13 11 10 8 7 6 4 2 0 
2 124 123 120 119 116 113 111 109 108 107 104 103 101 97 96 89 86 84 80 79 78 77 76 73 64 62 58 53 50 49 48 47 46 41 39 38 36 34 33 32 31 30 28 25 20 17 16 15 14 11 10 8 4 3 0 
111 123 119 118 116 109 108 107 104 103 102 101 97 89 86 80 79 78 76 73 71 66 58 56 54 53 48 47 46 43 39 36 34 32 31 30 28 26 25 20 17 15 14 11 8 4 3 2 0 
53 123 119 118 111 108 103 102 101 97 86 84 80 79 76 71 62 58 49 48 47 46 43 41 39 36 34 32 31 30 28 25 20 17 16 15 14 11 10 8 4 3 2 0 
28 123 119 118 111 108 103 102 101 97 86 84 80 79 76 71 62 58 53 49 48 47 46 43 41 39 36 34 32 31 30 25 20 17 16 15 14 11 10 8 4 3 2 0 
76 123 119 118 111 108 103 101 97 86 84 80 79 71 62 58 53 49 48 47 46 43 41 39 36 34 32 31 30 28 25 20 17 16 15 14 11 10 8 4 3 2 0 
62 124 123 120 116 104 103 96 86 84 80 77 76 73 64 58 53 50 49 48 47 41 39 38 36 34 33 32 31 28 25 20 17 16 15 14 11 10 8 4 3 2 
80 124 123 120 116 111 104 103 96 86 84 76 64 62 58 53 50 49 48 47 46 41 39 36 34 33 32 31 28 25 20 17 16 15 14 11 10 8 4 3 2 
14 123 119 111 103 86 84 80 79 76 71 62 58 53 49 48 47 46 41 39 36 34 32 31 30 28 25 20 17 16 15 11 10 8 4 3 2 
41 123 120 104 103 96 86 84 80 76 64 62 58 53 50 49 48 47 39 36 34 33 32 31 28 25 20 17 16 15 14 11 10 8 4 3 2 
8 123 120 116 111 103 86 84 80 76 62 58 53 49 48 47 46 41 39 36 34 33 32 31 28 25 20 17 16 15 14 11 10 4 3 2 
49 123 120 116 104 103 96 86 84 80 76 64 62 58 53 50 48 47 41 39 34 33 32 31 28 25 20 17 16 15 14 10 8 4 3 2 
48 123 120 111 103 86 84 80 76 62 58 53 49 47 41 39 36 34 33 32 31 28 25 20 17 16 15 14 11 10 8 4 3 2 
20 123 120 111 103 86 84 80 76 62 58 53 49 48 47 46 41 39 36 34 32 31 28 25 17 16 15 14 11 10 8 4 3 2 
58 123 120 111 103 86 84 80 76 62 53 49 48 47 41 39 36 34 33 32 31 28 25 20 17 16 15 14 11 10 8 4 3 2 
103 123 111 86 84 80 76 62 58 53 49 48 47 46 41 39 36 34 32 31 28 25 20 17 16 15 14 11 10 8 4 3 2 
25 123 111 103 86 84 80 76 62 58 53 49 48 47 46 41 39 36 34 32 31 28 20 17 16 15 14 11 10 8 4 3 2 
123 111 103 86 84 80 76 62 58 53 49 48 47 46 41 39 36 34 32 31 28 25 20 17 16 15 14 11 10 8 4 3 2 
3 123 111 103 86 84 80 76 62 58 53 49 48 47 46 41 39 36 34 32 31 28 25 20 17 16 15 14 11 10 8 4 2 
39 123 111 103 86 84 80 76 62 58 53 49 48 47 46 41 36 34 32 31 28 25 20 17 16 15 14 11 10 8 4 3 2 
17 123 111 103 86 84 80 76 62 58 53 49 48 47 46 41 39 36 34 32 31 28 25 20 16 15 14 11 10 8 4 3 2 
10 123 120 103 96 86 84 80 76 64 62 58 53 49 48 47 41 39 34 33 32 31 28 25 20 17 16 15 14 8 4 3 2 
84 123 120 103 86 80 76 64 62 58 53 49 48 47 41 39 34 33 32 31 28 25 20 17 16 15 14 10 8 4 3 2 
16 123 120 103 86 84 80 76 62 58 53 49 48 47 41 39 34 33 28 25 20 17 15 14 10 8 4 3 2 

