0 108 97 79 54 30 
1 126 122 112 110 92 74 44 9 
2 4 
3 123 103 39 25 20 17 8 
4 86 47 2 
5 88 70 59 22 12 
6 98 90 13 
7 127 99 90 87 72 61 42 18 
8 123 103 20 17 3 
9 115 112 110 92 74 52 44 40 37 29 23 19 1 
10 84 58 49 41 16 
11 36 31 
12 95 88 70 59 5 
13 6 
14 76 53 39 28 
15 32 
16 84 49 10 
17 123 103 39 25 20 8 3 
18 100 99 77 72 42 38 7 
19 125 115 114 112 93 81 68 57 52 45 44 37 29 24 23 9 
20 123 103 48 39 25 17 8 3 
21 117 85 81 60 35 
22 88 70 59 55 5 
23 115 112 92 60 52 40 37 29 19 9 
24 117 115 93 85 81 60 57 52 45 37 35 29 19 
25 123 103 39 20 17 3 
26 127 109 107 87 75 
27 125 122 114 98 91 90 67 65 61 51 
28 76 53 14 
29 115 112 92 81 60 57 52 40 37 24 23 19 9 
30 119 102 97 43 0 
31 36 11 
32 15 
33 120 
34 
35 117 85 81 60 37 24 21 
36 46 31 11 
37 115 112 85 81 60 52 40 35 29 24 23 19 9 
38 124 113 104 99 77 72 18 
39 123 25 20 17 14 3 
40 115 52 37 29 23 9 
41 84 80 62 58 49 10 
42 127 113 99 90 72 61 18 7 
43 119 118 102 97 71 56 30 
44 125 122 114 112 91 68 65 51 19 9 1 
45 117 93 82 81 57 52 24 19 
46 36 
47 4 
48 103 20 
49 84 80 62 41 16 10 
50 
51 125 122 114 98 91 90 68 67 65 61 44 27 
52 115 112 93 85 81 68 60 57 45 40 37 29 24 23 19 9 
53 76 28 14 
54 102 97 66 56 0 
55 105 94 88 59 22 
56 102 97 66 54 43 
57 117 115 93 85 82 81 68 60 52 45 29 24 19 
58 84 41 10 
59 105 94 88 70 55 22 12 5 
60 117 115 85 81 57 52 37 35 29 24 23 21 
61 98 91 90 87 75 67 51 42 27 7 
62 80 49 41 
63 121 69 66 
64 124 96 
65 125 122 114 91 68 67 51 44 27 
66 121 63 56 54 
67 122 91 90 87 75 65 61 51 27 
68 125 122 114 93 82 65 57 52 51 44 19 
69 121 63 
70 95 88 59 22 12 5 
71 119 118 43 
72 100 99 77 42 38 18 7 
73 116 113 104 96 78 
74 126 112 110 106 92 9 1 
75 127 91 87 67 61 26 
76 53 28 14 
77 124 113 104 100 99 96 72 38 18 
78 109 107 101 89 73 
79 108 101 89 0 
80 62 49 41 
81 117 115 93 85 60 57 52 45 37 35 29 24 21 19 
82 93 68 57 45 
83 126 110 95 92 
84 58 49 41 16 10 
85 117 115 81 60 57 52 37 35 24 21 
86 4 
87 127 91 90 75 67 61 26 7 
88 70 59 55 22 12 5 
89 109 108 107 101 79 78 
90 98 91 87 67 61 51 42 27 7 6 
91 125 122 114 106 90 87 75 67 65 61 51 44 27 
92 126 112 110 83 74 29 23 9 1 
93 115 82 81 68 57 52 45 24 19 
94 105 59 55 
95 126 110 83 70 12 
96 124 116 104 77 73 64 
97 108 102 56 54 43 30 0 
98 90 61 51 27 6 
99 113 100 77 72 42 38 18 7 
100 99 77 72 18 
101 89 79 78 
102 97 56 54 43 30 
103 123 48 25 20 17 8 3 
104 124 116 96 77 73 38 
105 94 59 55 
106 126 91 74 
107 109 108 89 78 26 
108 107 97 89 79 0 
109 107 89 78 26 
110 126 95 92 83 74 9 1 
111 
112 125 122 115 114 92 74 52 44 37 29 23 19 9 1 
113 99 77 73 42 38 
114 125 122 112 91 68 65 51 44 27 19 
115 112 93 85 81 60 57 52 40 37 29 24 23 19 9 
116 104 96 73 
117 85 81 60 57 45 35 24 21 
118 71 43 
119 71 43 30 
120 33 
121 69 66 63 
122 125 114 112 91 68 67 65 51 44 27 1 
123 103 39 25 20 17 8 3 
124 104 96 77 64 38 
125 122 114 112 91 68 65 51 44 27 19 
126 110 106 95 92 83 74 1 
127 87 75 42 26 7 

