125 126 122 115 114 112 110 106 98 93 92 91 90 87 82 81 75 74 68 67 65 61 60 57 52 51 45 44 40 37 29 27 24 23 19 9 7 6 1 
122 127 126 125 115 114 112 110 106 98 93 92 91 90 87 82 75 74 68 67 65 61 57 52 51 45 44 40 37 29 27 24 23 19 9 7 6 1 
114 126 125 122 115 112 106 98 93 92 91 90 87 82 81 75 74 68 67 65 61 57 52 51 45 44 42 40 37 29 27 24 23 19 9 7 6 1 
112 126 125 122 117 115 114 110 106 95 93 92 91 85 83 82 81 74 68 67 65 60 57 52 51 45 44 40 37 35 29 27 24 23 19 9 1 
44 126 125 122 115 114 112 110 106 98 93 92 91 90 87 82 81 75 74 68 67 65 61 60 57 52 51 45 40 37 29 27 24 23 19 9 1 
51 127 125 122 115 114 112 106 99 98 93 91 90 87 82 75 74 68 67 65 61 57 52 45 44 42 29 27 26 24 23 19 13 9 7 6 1 
65 125 122 115 114 112 106 98 93 92 91 90 87 82 81 75 74 68 67 61 57 52 51 45 44 42 40 37 29 27 24 23 19 9 7 6 1 
68 125 122 117 115 114 112 106 98 93 92 91 90 85 82 81 74 67 65 61 60 57 52 51 45 44 40 37 35 29 27 24 23 19 9 1 
29 126 125 122 117 115 114 112 110 93 92 91 85 83 82 81 74 68 65 60 57 52 51 45 44 40 37 35 27 24 23 21 19 9 1 
9 126 125 122 117 115 114 112 110 106 95 93 92 91 85 83 81 74 68 65 60 57 52 51 45 44 40 37 35 29 27 24 23 19 1 
19 126 125 122 117 115 114 112 110 93 92 91 85 82 81 74 68 67 65 60 57 52 51 45 44 40 37 35 29 27 24 23 21 9 1 
27 127 125 122 114 112 106 99 98 93 91 90 87 82 75 74 72 68 67 65 61 57 52 51 44 42 29 26 19 13 9 7 6 1 
23 126 125 122 117 115 114 112 110 93 92 85 83 82 81 74 68 65 60 57 52 51 45 44 40 37 35 29 24 21 19 9 1 
93 125 122 117 115 114 112 98 92 91 85 82 81 68 67 65 60 57 52 51 45 44 40 37 35 29 27 24 23 21 19 9 1 
52 125 122 117 115 114 112 110 93 92 85 82 81 74 68 65 60 57 51 45 44 40 37 35 29 27 24 23 21 19 9 1 
1 126 125 122 115 114 112 110 106 95 93 92 91 83 81 74 68 67 65 60 57 52 51 44 40 37 29 27 24 23 19 9 
40 126 125 122 117 115 114 112 110 95 93 92 85 83 81 74 68 65 60 57 52 45 44 37 35 29 24 23 19 9 1 
67 127 126 125 122 114 112 109 106 99 98 93 91 90 87 82 75 74 72 68 65 61 51 44 42 27 26 19 7 6 1 
37 126 125 122 117 115 114 112 110 93 92 85 82 81 74 68 65 60 57 52 45 44 40 35 29 24 23 21 19 9 1 
115 125 122 117 114 112 110 93 92 85 82 81 74 68 65 60 57 52 51 45 44 40 37 35 29 24 23 21 19 9 1 
82 125 122 117 115 114 112 98 93 91 90 85 81 68 67 65 61 60 57 52 51 45 44 37 29 27 24 23 21 19 6 
91 127 126 125 122 114 112 106 99 98 93 90 87 82 75 74 68 67 65 61 51 44 42 29 27 26 19 9 7 6 1 
57 125 122 117 115 114 112 93 92 85 82 81 68 65 60 52 51 45 44 40 37 35 29 27 24 23 21 19 9 1 
42 127 124 116 114 113 109 104 100 99 98 91 90 87 78 77 75 73 72 67 65 61 51 38 27 26 18 13 7 6 
92 126 125 122 115 114 112 110 106 95 93 85 83 81 74 68 65 60 57 52 44 40 37 29 24 23 19 12 9 1 
74 126 125 122 115 114 112 110 106 95 92 91 83 70 68 67 65 52 51 44 40 37 29 27 23 19 12 9 1 
24 125 122 117 115 114 112 93 92 85 82 81 68 65 60 57 52 51 45 44 40 37 35 29 23 21 19 9 1 
87 127 125 122 114 113 109 107 106 99 98 91 90 89 78 75 72 67 65 63 61 51 44 42 27 26 18 7 6 
90 127 125 122 114 113 106 100 99 98 91 87 82 75 72 68 67 65 61 51 44 42 38 27 26 18 13 7 6 
7 127 125 124 122 114 113 109 100 99 98 91 90 87 77 75 73 72 67 65 61 51 42 38 27 26 18 13 6 
61 127 125 122 114 113 106 100 99 98 91 90 87 82 75 72 68 67 65 51 44 42 38 27 26 18 13 7 6 
127 122 113 109 107 101 100 99 98 91 90 89 87 78 77 75 73 72 67 63 61 51 42 38 27 26 18 7 6 
75 127 125 122 121 114 113 109 107 106 99 98 91 90 89 87 78 72 67 65 63 61 51 44 42 27 26 7 
45 125 122 117 115 114 112 93 85 82 81 68 65 60 57 52 51 44 40 37 35 29 24 23 21 19 9 
81 125 117 115 114 112 93 92 85 82 68 65 60 57 52 45 44 40 37 35 29 24 23 21 19 9 1 
99 127 124 116 113 104 100 98 96 91 90 87 78 77 75 73 72 67 61 51 42 38 27 26 18 13 7 
113 127 124 116 109 107 104 101 100 99 96 90 89 87 78 77 75 73 72 64 61 42 38 26 18 7 
106 126 125 122 114 112 110 98 95 92 91 90 87 83 75 74 70 68 67 65 61 51 44 27 9 1 
26 127 121 113 109 108 107 101 99 91 90 89 87 79 78 75 72 67 63 61 51 42 38 27 7 
60 125 117 115 112 93 92 85 82 81 68 57 52 45 44 40 37 35 29 24 23 21 19 9 1 
126 125 122 114 112 110 106 95 92 91 88 83 74 70 67 44 40 37 29 23 19 12 9 5 1 
73 127 124 116 113 109 108 107 104 101 100 99 96 89 79 78 77 72 64 42 38 32 18 15 7 
98 127 125 122 114 106 99 93 91 90 87 82 75 68 67 65 61 51 44 42 27 13 7 6 
109 127 116 113 108 107 104 101 97 89 87 79 78 77 75 73 67 63 54 42 38 26 7 0 
110 126 125 122 115 112 106 95 92 83 74 70 52 44 40 37 29 23 19 12 9 5 1 
78 127 124 116 113 109 108 107 104 101 99 97 96 89 87 79 77 75 73 42 38 26 0 
72 127 124 113 104 100 99 96 90 87 77 75 73 67 61 42 38 27 26 18 13 7 6 
38 127 124 116 113 109 104 100 99 96 90 89 78 77 73 72 64 61 42 26 18 7 
85 117 115 112 93 92 82 81 68 60 57 52 45 40 37 35 29 24 23 21 19 9 
89 127 116 113 109 108 107 104 101 97 96 87 79 78 75 73 38 32 30 26 0 
6 127 125 122 114 100 98 91 90 87 82 72 67 65 61 51 42 27 18 13 7 
107 127 113 109 108 102 101 97 89 87 79 78 75 73 66 63 56 54 30 26 0 
117 115 112 93 85 82 81 68 60 57 52 45 40 37 35 29 24 23 21 19 9 
35 117 115 112 93 85 81 68 60 57 52 45 40 37 29 24 23 21 19 9 
101 127 116 113 109 108 107 104 97 96 89 79 78 73 32 30 26 15 11 0 
104 124 116 113 109 101 100 99 96 89 79 78 77 73 72 64 50 42 38 18 
18 127 124 113 104 100 99 96 90 87 77 73 72 64 61 42 38 13 7 6 
100 127 124 113 104 99 96 90 77 73 72 64 61 42 38 18 13 7 6 
95 126 121 112 110 106 92 88 83 74 70 69 59 40 22 12 9 5 1 
79 116 109 108 107 104 102 101 97 89 78 73 54 43 32 30 26 11 0 
77 127 124 116 113 109 104 100 99 96 78 73 72 64 50 42 38 18 7 
70 126 121 110 106 105 95 94 88 83 74 69 63 59 55 22 12 5 
54 121 119 118 109 108 107 102 97 79 71 69 66 63 56 43 30 0 
97 119 118 109 108 107 102 101 89 79 78 71 66 56 54 43 30 0 
83 126 112 110 106 95 92 88 74 70 59 40 29 23 12 9 5 1 
116 124 113 109 104 101 99 96 89 79 78 77 73 64 42 38 32 15 
30 119 118 108 107 102 101 97 89 79 71 56 54 46 43 11 0 
21 117 115 93 85 82 81 60 57 52 45 37 35 29 24 23 19 
124 116 113 104 100 99 96 78 77 73 72 64 50 42 38 18 7 
0 119 109 108 107 102 101 97 89 79 78 71 66 56 54 43 30 
12 126 121 110 105 95 94 92 88 83 74 70 69 59 55 22 5 
96 124 116 113 104 101 100 99 89 78 77 73 72 64 50 38 18 
56 121 119 118 108 107 102 97 71 69 66 63 54 43 30 0 
108 109 107 102 101 97 89 79 78 73 56 54 43 30 26 0 
63 127 121 109 107 102 88 87 75 70 69 66 56 54 26 22 
102 119 118 108 107 97 79 71 66 63 56 54 43 30 0 
5 126 121 110 105 95 94 88 83 70 69 59 55 22 12 
88 126 121 105 95 94 83 70 69 63 59 55 22 12 5 
121 95 88 75 70 69 66 63 56 54 26 22 12 5 
22 121 105 95 94 88 70 69 66 63 59 55 12 5 
64 124 120 116 113 104 100 96 77 73 50 38 33 18 
13 100 99 98 90 72 61 51 42 27 18 7 6 
25 123 103 76 53 48 39 28 20 17 14 8 3 
69 121 95 88 70 66 63 59 56 54 22 12 5 
43 119 118 108 102 97 79 71 66 56 54 30 0 
3 123 103 76 53 48 39 28 25 20 17 14 8 
39 123 103 76 53 48 28 25 20 17 14 8 3 
123 103 76 48 39 28 25 20 17 14 8 3 
59 105 95 94 88 83 70 69 55 22 12 5 
20 123 103 76 48 39 28 25 17 14 8 3 
32 116 101 89 86 79 73 36 34 31 15 11 
66 121 107 102 97 69 63 56 54 43 22 0 
8 123 103 48 39 28 25 20 17 3 2 
17 123 103 76 48 39 25 20 14 8 3 
119 118 102 97 71 56 54 46 43 30 0 
28 123 111 76 53 39 25 20 14 8 3 
48 123 103 80 58 39 25 20 17 8 3 
14 123 76 53 39 28 25 20 17 3 
71 119 118 102 97 56 54 43 30 0 
58 103 84 80 62 49 48 41 16 10 
103 123 58 48 39 25 20 17 8 3 
80 84 62 58 49 48 41 16 10 2 
76 123 53 39 28 25 20 17 14 3 
55 105 94 88 70 59 22 12 5 
31 86 47 46 36 32 15 11 4 
11 101 79 46 36 32 31 30 15 
15 116 101 86 73 34 32 31 11 
94 105 88 70 59 55 22 12 5 
118 119 102 97 71 56 54 43 30 
105 94 88 70 59 55 22 12 5 
10 84 80 62 58 49 41 16 
49 84 80 62 58 41 16 10 
62 84 80 58 49 41 16 10 
84 80 62 58 49 41 16 10 
50 124 120 104 96 77 64 33 
86 47 34 32 31 15 4 2 
41 84 80 62 58 49 16 10 
16 84 80 62 58 49 41 10 
53 111 76 39 28 25 14 3 
46 119 111 36 31 30 11 
2 86 80 47 8 4 
4 86 47 31 2 
36 46 32 31 11 
47 86 31 4 2 
120 64 50 33 
111 53 46 28 
33 120 64 50 
34 86 32 15 

