0 127 124 121 119 118 116 113 109 108 107 104 102 101 99 97 96 91 90 89 87 79 78 77 75 73 72 71 69 67 66 64 63 61 56 54 46 43 42 38 36 32 31 30 27 26 22 18 15 11 7 
1 127 126 125 122 121 117 115 114 113 112 110 109 107 106 105 100 99 98 95 94 93 92 91 90 88 87 85 83 82 81 75 74 72 70 69 68 67 66 65 63 61 60 59 57 55 52 51 45 44 42 40 37 35 29 27 26 24 23 22 21 19 18 13 12 9 7 6 5 
2 123 120 103 86 84 80 76 62 58 53 49 48 47 41 39 36 34 33 32 31 28 25 20 17 16 15 14 11 10 8 4 3 
3 123 111 103 86 84 80 76 62 58 53 49 48 47 41 39 28 25 20 17 16 14 10 8 4 2 
4 123 120 116 111 103 101 86 84 80 76 73 62 58 53 49 48 47 46 41 39 36 34 32 31 28 25 20 17 15 14 11 10 8 3 2 
5 127 126 125 122 121 115 114 112 110 109 107 106 105 102 97 95 94 92 91 90 88 87 83 75 74 70 69 68 67 66 65 63 61 59 56 55 54 52 51 44 40 37 29 27 26 23 22 19 12 9 7 1 
6 127 126 125 124 122 121 117 116 115 114 113 112 110 109 107 106 104 101 100 99 98 96 93 92 91 90 89 87 85 82 81 78 77 75 74 73 72 68 67 65 64 63 61 60 57 52 51 50 45 44 42 40 38 37 35 29 27 26 24 23 21 19 18 13 9 7 1 
7 127 126 125 124 122 121 117 116 115 114 113 112 110 109 108 107 106 104 102 101 100 99 98 97 96 95 93 92 91 90 89 88 87 85 83 82 81 79 78 77 75 74 73 72 70 69 68 67 66 65 64 63 61 60 57 56 54 52 51 50 45 44 42 40 38 37 35 32 29 27 26 24 23 19 18 15 13 12 9 6 5 1 0 
8 123 111 103 86 84 80 76 62 58 53 49 48 47 41 39 28 25 20 17 16 14 10 4 3 2 
9 127 126 125 122 121 117 115 114 113 112 110 109 106 99 98 95 93 92 91 90 88 87 85 83 82 81 75 74 72 70 69 68 67 65 63 61 60 59 57 55 52 51 45 44 42 40 37 35 29 27 26 24 23 22 21 19 18 13 12 7 6 5 1 
10 123 103 84 80 62 58 49 48 41 39 34 25 20 17 16 8 4 3 2 
11 127 124 120 119 118 116 113 111 109 108 107 104 102 101 97 96 89 86 79 78 77 73 71 66 56 54 47 46 43 38 36 34 32 31 30 28 26 15 4 2 0 
12 127 126 125 122 121 115 114 112 110 107 106 105 102 95 94 93 92 91 90 88 87 85 83 81 75 74 70 69 68 67 66 65 63 61 60 59 57 56 55 54 52 51 44 40 37 29 27 26 24 23 22 19 9 7 5 1 
13 127 126 125 124 122 117 116 115 114 113 112 109 107 106 104 100 99 98 96 93 92 91 90 89 87 85 82 81 78 77 75 74 73 72 68 67 65 64 61 57 52 51 50 45 44 42 38 37 29 27 26 24 23 19 18 9 7 6 1 
14 123 111 103 76 58 53 48 47 39 36 28 25 20 17 8 4 3 2 
15 127 124 120 119 116 113 109 108 107 104 101 100 99 97 96 89 86 79 78 77 73 72 64 50 47 46 43 42 38 36 34 33 32 31 30 26 18 11 7 4 2 0 
16 103 84 80 62 58 49 48 41 20 10 8 3 2 
17 123 111 103 86 84 80 76 62 58 53 49 48 47 41 39 28 25 20 14 10 8 4 3 2 
18 127 125 124 122 121 120 116 114 113 112 109 108 107 106 104 101 100 99 98 96 93 91 90 89 87 82 79 78 77 75 74 73 72 68 67 66 65 64 63 61 57 51 50 44 42 38 33 32 29 27 26 19 15 13 9 7 6 1 0 
19 127 126 125 122 121 117 115 114 113 112 110 109 106 100 99 98 95 93 92 91 90 88 87 85 83 82 81 75 74 72 70 68 67 65 63 61 60 57 52 51 45 44 42 40 38 37 35 29 27 26 24 23 21 18 13 12 9 7 6 5 1 
20 123 111 103 86 84 80 76 62 58 53 49 48 47 41 39 28 25 17 16 14 10 8 4 3 2 
21 126 125 122 117 115 114 112 110 106 98 93 92 91 90 85 83 82 81 74 68 67 65 61 60 57 52 51 45 44 40 37 35 29 27 24 23 19 9 6 1 
22 127 126 125 122 121 118 112 110 109 108 107 106 105 102 97 95 94 92 91 90 88 87 83 75 74 71 70 69 67 66 65 63 61 59 56 55 54 51 44 43 40 27 26 23 12 9 5 1 0 
23 127 126 125 122 121 117 115 114 112 110 106 99 98 95 93 92 91 90 88 87 85 83 82 81 75 74 72 70 69 68 67 65 63 61 60 59 57 52 51 45 44 42 40 37 35 29 27 26 24 22 21 19 13 12 9 7 6 5 1 
24 127 126 125 122 117 115 114 112 110 106 99 98 95 93 92 91 90 87 85 83 82 81 75 74 72 70 68 67 65 61 60 57 52 51 45 44 42 40 37 35 29 27 26 23 21 19 13 12 9 7 6 1 
25 123 111 103 86 84 80 76 62 58 53 49 48 47 41 39 28 20 17 14 10 8 4 3 2 
26 127 126 125 124 122 121 119 118 116 115 114 113 112 110 109 108 107 106 104 102 101 100 99 98 97 96 95 93 92 91 90 89 88 87 83 82 79 78 77 75 74 73 72 71 70 69 68 67 66 65 64 63 61 59 57 56 54 52 51 45 44 43 42 40 38 37 32 31 30 29 27 24 23 22 19 18 15 13 12 11 9 7 6 5 1 0 
27 127 126 125 124 122 121 117 116 115 114 113 112 110 109 108 107 106 104 101 100 99 98 96 95 93 92 91 90 89 88 87 85 83 82 81 79 78 77 75 74 73 72 70 69 68 67 66 65 64 63 61 60 57 54 52 51 45 44 42 40 38 37 35 29 26 24 23 22 21 19 18 13 12 9 7 6 5 1 0 
28 123 111 103 86 76 58 53 48 47 46 39 36 31 25 20 17 14 11 8 4 3 2 
29 127 126 125 122 121 117 115 114 113 112 110 106 99 98 95 93 92 91 90 88 87 85 83 82 81 75 74 72 70 69 68 67 65 63 61 60 59 57 52 51 45 44 42 40 37 35 27 26 24 23 21 19 18 13 12 9 7 6 5 1 
30 127 124 121 119 118 116 113 111 109 108 107 104 102 101 97 96 89 87 79 78 77 75 73 71 69 66 63 56 54 46 43 42 38 36 32 31 26 15 11 0 
31 127 120 119 116 113 111 109 108 107 104 102 101 97 96 89 86 79 78 73 71 64 56 54 47 46 43 38 36 34 32 30 28 26 15 11 4 2 0 
32 127 124 120 119 116 113 111 109 108 107 104 102 101 100 99 97 96 90 89 87 86 79 78 77 75 73 72 71 64 61 56 54 50 47 46 43 42 38 36 34 33 31 30 26 18 15 11 7 4 2 0 
33 124 120 116 113 104 100 96 86 80 77 73 72 64 62 50 49 38 34 32 18 15 2 
34 124 120 116 113 104 101 96 89 86 80 79 78 77 73 64 62 50 49 47 46 41 38 36 33 32 31 15 11 10 4 2 
35 126 125 122 117 115 114 112 110 106 98 95 93 92 91 90 87 85 83 82 81 74 68 67 65 61 60 57 52 51 45 44 40 37 29 27 24 23 21 19 9 7 6 1 
36 119 118 116 111 109 108 107 104 102 101 97 89 86 79 78 76 73 71 56 54 53 47 46 43 34 32 31 30 28 15 14 11 4 2 0 
37 127 126 125 122 121 117 115 114 112 110 106 99 98 95 93 92 91 90 88 87 85 83 82 81 75 74 70 68 67 65 61 60 59 57 52 51 45 44 42 40 35 29 27 26 24 23 21 19 13 12 9 7 6 5 1 
38 127 125 124 122 121 120 116 114 113 112 109 108 107 106 104 102 101 100 99 98 97 96 93 91 90 89 87 82 79 78 77 75 73 72 68 67 65 64 63 61 56 54 51 50 44 42 34 33 32 31 30 27 26 19 18 15 13 11 7 6 0 
39 123 111 103 84 80 76 58 53 48 47 41 28 25 20 17 14 10 8 4 3 2 
40 127 126 125 122 121 117 115 114 112 110 106 98 95 93 92 91 90 88 87 85 83 82 81 75 74 70 69 68 67 65 61 60 59 57 55 52 51 45 44 42 37 35 29 27 26 24 23 22 21 19 12 9 7 6 5 1 
41 123 103 86 84 80 62 58 49 48 47 39 34 25 20 17 16 10 8 4 3 2 
42 127 126 125 124 122 121 117 116 115 114 113 112 110 109 108 107 106 104 102 101 100 99 98 97 96 95 93 92 91 90 89 87 85 82 81 79 78 77 75 74 73 72 70 69 68 67 66 65 64 63 61 57 56 54 52 51 50 45 44 40 38 37 32 30 29 27 26 24 23 19 18 15 13 9 7 6 1 0 
43 127 121 119 118 116 113 111 109 108 107 104 102 101 97 89 88 87 79 78 75 73 71 70 69 66 63 56 54 46 36 32 31 30 26 22 15 11 0 
44 127 126 125 124 122 121 117 115 114 113 112 110 109 107 106 100 99 98 95 93 92 91 90 89 88 87 85 83 82 81 78 77 75 74 73 72 70 69 68 67 65 63 61 60 59 57 52 51 45 42 40 38 37 35 29 27 26 24 23 22 21 19 18 13 12 9 7 6 5 1 
45 127 126 125 122 117 115 114 112 110 106 99 98 95 93 92 91 90 87 85 83 82 81 75 74 72 68 67 65 61 60 57 52 51 44 42 40 37 35 29 27 26 24 23 21 19 13 9 7 6 1 
46 119 118 116 111 109 108 107 102 101 97 89 86 79 78 76 73 71 66 56 54 53 47 43 36 34 32 31 30 28 15 11 4 0 
47 123 111 103 86 80 76 62 53 48 46 41 39 36 34 32 31 28 25 20 17 15 14 11 8 4 3 2 
48 123 103 84 80 76 62 58 53 49 47 41 39 28 25 20 17 16 14 10 8 4 3 2 
49 123 103 86 84 80 62 58 48 41 34 33 25 20 17 16 10 8 4 3 2 
50 127 124 120 116 113 109 104 101 100 99 96 90 89 79 78 77 73 72 64 61 42 38 34 33 32 18 15 13 7 6 
51 127 126 125 124 122 121 117 116 115 114 113 112 110 109 108 107 106 104 101 100 99 98 96 95 93 92 91 90 89 88 87 85 83 82 81 79 78 77 75 74 73 72 70 69 68 67 66 65 63 61 60 57 54 52 45 44 42 40 38 37 35 29 27 26 24 23 22 21 19 18 13 12 9 7 6 5 1 
52 127 126 125 122 117 115 114 113 112 110 106 99 98 95 93 92 91 90 87 85 83 82 81 75 74 72 70 68 67 65 61 60 57 51 45 44 42 40 37 35 29 27 26 24 23 21 19 13 12 9 7 6 5 1 
53 123 111 103 86 76 48 47 46 39 36 28 25 20 17 14 8 4 3 2 
54 127 126 121 119 118 116 113 109 108 107 106 104 102 101 99 97 96 95 91 90 89 88 87 79 78 77 75 74 73 72 71 70 69 67 66 63 61 59 56 55 51 46 43 42 38 36 32 31 30 27 26 22 12 11 7 5 0 
55 126 121 112 110 106 105 95 94 92 88 83 75 74 70 69 66 63 59 56 54 40 22 12 9 5 1 
56 127 126 121 119 118 116 113 109 108 107 106 104 102 101 99 97 95 94 91 90 89 88 87 79 78 75 73 71 70 69 67 66 63 61 59 55 54 46 43 42 38 36 32 31 30 26 22 12 11 7 5 0 
57 127 126 125 122 117 115 114 113 112 110 106 99 98 95 93 92 91 90 87 85 83 82 81 75 74 72 70 68 67 65 61 60 52 51 45 44 42 40 37 35 29 27 26 24 23 21 19 18 13 12 9 7 6 1 
58 123 103 86 84 80 76 62 49 48 41 39 28 25 20 17 16 14 10 8 4 3 2 
59 127 126 125 122 121 112 110 106 105 102 95 94 92 91 88 87 83 75 74 70 69 67 66 63 56 55 54 44 40 37 29 26 23 22 12 9 5 1 
60 126 125 122 117 115 114 112 110 106 98 95 93 92 91 90 87 85 83 82 81 75 74 70 68 67 65 61 57 52 51 45 44 40 37 35 29 27 24 23 21 19 12 9 7 6 1 
61 127 126 125 124 122 121 117 116 115 114 113 112 110 109 108 107 106 104 102 101 100 99 98 97 96 95 93 92 91 90 89 88 87 85 83 82 81 79 78 77 75 74 73 72 70 69 68 67 66 65 64 63 60 57 56 54 52 51 50 45 44 42 40 38 37 35 32 29 27 26 24 23 22 21 19 18 13 12 9 7 6 5 1 0 
62 123 120 103 86 84 80 58 49 48 47 41 34 33 25 20 17 16 10 8 4 3 2 
63 127 126 125 124 122 121 119 118 116 114 113 112 110 109 108 107 106 105 104 102 101 100 99 98 97 95 94 92 91 90 89 88 87 83 79 78 77 75 74 73 72 71 70 69 68 67 66 65 61 59 56 55 54 51 44 43 42 38 30 29 27 26 23 22 19 18 12 9 7 6 5 1 0 
64 127 124 120 116 113 109 108 107 104 101 100 99 98 96 90 89 87 86 79 78 77 75 73 72 67 61 50 42 38 34 33 32 31 27 26 18 15 13 7 6 0 
65 127 126 125 124 122 121 117 116 115 114 113 112 110 109 108 107 106 104 101 100 99 98 96 95 93 92 91 90 89 88 87 85 83 82 81 78 77 75 74 73 72 70 69 68 67 66 63 61 60 57 52 51 45 44 42 40 38 37 35 29 27 26 24 23 22 21 19 18 13 12 9 7 6 5 1 
66 127 126 125 122 121 119 118 116 114 113 110 109 108 107 106 105 102 101 99 98 97 95 94 91 90 89 88 87 83 79 78 75 74 73 72 71 70 69 67 65 63 61 59 56 55 54 51 46 43 42 30 27 26 22 18 12 11 7 5 1 0 
67 127 126 125 124 122 121 117 116 115 114 113 112 110 109 108 107 106 104 102 101 100 99 98 97 96 95 93 92 91 90 89 88 87 85 83 82 81 79 78 77 75 74 73 72 70 69 68 66 65 64 63 61 60 59 57 56 54 52 51 45 44 42 40 38 37 35 29 27 26 24 23 22 21 19 18 13 12 9 7 6 5 1 0 
68 127 126 125 124 122 121 117 115 114 113 112 110 109 107 106 100 99 98 95 93 92 91 90 87 85 83 82 81 78 77 75 74 73 72 70 69 67 65 63 61 60 57 52 51 45 44 42 40 38 37 35 29 27 26 24 23 21 19 18 13 12 9 7 6 5 1 
69 127 126 125 122 121 119 118 114 113 112 110 109 108 107 106 105 102 101 99 98 97 95 94 92 91 90 89 88 87 83 79 78 75 74 71 70 68 67 66 65 63 61 59 56 55 54 51 44 43 42 40 30 29 27 26 23 22 12 9 7 5 1 0 
70 127 126 125 122 121 115 114 112 110 109 107 106 105 102 98 97 95 94 93 92 91 90 88 87 85 83 75 74 69 68 67 66 65 63 61 60 59 57 56 55 54 52 51 44 43 42 40 37 29 27 26 24 23 22 19 12 9 7 5 1 
71 121 119 118 111 109 108 107 102 101 97 89 79 78 69 66 63 56 54 46 43 36 32 31 30 26 22 11 0 
72 127 126 125 124 122 121 120 116 115 114 113 112 109 108 107 106 104 101 100 99 98 96 93 91 90 89 87 82 79 78 77 75 74 73 68 67 66 65 64 63 61 57 54 52 51 50 45 44 42 38 33 32 29 27 26 24 23 19 18 15 13 9 7 6 1 0 
73 127 125 124 122 120 119 116 114 113 109 108 107 104 102 101 100 99 98 97 96 91 90 89 87 86 79 78 77 75 72 68 67 66 65 64 63 61 56 54 51 50 46 44 43 42 38 36 34 33 32 31 30 27 26 18 15 13 11 7 6 4 0 
74 127 126 125 122 121 117 115 114 113 112 110 109 107 106 105 100 99 98 95 94 93 92 91 90 88 87 85 83 82 81 78 75 72 70 69 68 67 66 65 63 61 60 59 57 55 54 52 51 45 44 42 40 37 35 29 27 26 24 23 22 21 19 18 13 12 9 7 6 5 1 
75 127 126 125 124 122 121 117 116 115 114 113 112 110 109 108 107 106 104 102 101 100 99 98 97 96 95 94 93 92 91 90 89 88 87 85 83 82 81 79 78 77 74 73 72 70 69 68 67 66 65 64 63 61 60 59 57 56 55 54 52 51 45 44 43 42 40 38 37 32 30 29 27 26 24 23 22 19 18 13 12 9 7 6 5 1 0 
76 123 111 103 86 58 53 48 47 46 39 36 28 25 20 17 14 8 4 3 2 
77 127 125 124 122 120 116 114 113 109 108 107 106 104 101 100 99 98 97 96 91 90 89 87 82 79 78 75 73 72 68 67 65 64 63 61 54 51 50 44 42 38 34 33 32 30 27 26 18 15 13 11 7 6 0 
78 127 125 124 122 121 120 119 118 116 114 113 109 108 107 106 104 102 101 100 99 98 97 96 91 90 89 87 86 82 79 77 75 74 73 72 71 69 68 67 66 65 64 63 61 56 54 51 50 46 44 43 42 38 36 34 32 31 30 27 26 18 15 13 11 7 6 0 
79 127 124 121 119 118 116 113 109 108 107 104 102 101 100 99 98 97 96 91 90 89 87 86 78 77 75 73 72 71 69 67 66 64 63 61 56 54 51 50 46 43 42 38 36 34 32 31 30 27 26 18 15 11 7 0 
80 123 103 86 84 62 58 49 48 47 41 39 34 33 25 20 17 16 10 8 4 3 2 
81 127 126 125 122 117 115 114 112 110 106 98 95 93 92 91 90 87 85 83 82 75 74 68 67 65 61 60 57 52 51 45 44 42 40 37 35 29 27 24 23 21 19 13 12 9 7 6 1 
82 127 126 125 124 122 117 115 114 113 112 110 109 107 106 100 99 98 95 93 92 91 90 87 85 83 81 78 77 75 74 72 68 67 65 61 60 57 52 51 45 44 42 40 38 37 35 29 27 26 24 23 21 19 18 13 9 7 6 1 
83 127 126 125 122 121 117 115 114 112 110 106 105 98 95 94 93 92 91 90 88 87 85 82 81 75 74 70 69 68 67 66 65 63 61 60 59 57 55 52 51 45 44 40 37 35 29 27 26 24 23 22 21 19 12 9 7 5 1 
84 123 103 80 62 58 49 48 41 39 25 20 17 16 10 8 4 3 2 
85 126 125 122 117 115 114 112 110 106 98 95 93 92 91 90 87 83 82 81 75 74 70 68 67 65 61 60 57 52 51 45 44 42 40 37 35 29 27 24 23 21 19 13 12 9 7 6 1 
86 123 120 116 111 104 103 101 96 89 80 79 78 76 73 64 62 58 53 49 47 46 41 36 34 33 32 31 28 25 20 17 15 11 8 4 3 2 
87 127 126 125 124 122 121 117 116 115 114 113 112 110 109 108 107 106 104 102 101 100 99 98 97 96 95 93 92 91 90 89 88 85 83 82 81 79 78 77 75 74 73 72 70 69 68 67 66 65 64 63 61 60 59 57 56 54 52 51 45 44 43 42 40 38 37 35 32 30 29 27 26 24 23 22 19 18 13 12 9 7 6 5 1 0 
88 127 126 125 122 121 118 115 114 112 110 109 107 106 105 102 97 95 94 92 91 90 87 83 75 74 70 69 67 66 65 63 61 59 56 55 54 51 44 43 40 37 29 27 26 23 22 19 12 9 7 5 1 
89 127 125 124 122 121 120 119 118 116 114 113 109 108 107 106 104 102 101 100 99 98 97 96 91 90 87 86 79 78 77 75 73 72 71 69 67 66 65 64 63 61 56 54 51 50 46 44 43 42 38 36 34 32 31 30 27 26 18 15 13 11 7 6 0 
90 127 126 125 124 122 121 117 116 115 114 113 112 110 109 108 107 106 104 101 100 99 98 97 96 95 93 92 91 89 88 87 85 83 82 81 79 78 77 75 74 73 72 70 69 68 67 66 65 64 63 61 60 57 56 54 52 51 50 45 44 42 40 38 37 35 32 29 27 26 24 23 22 21 19 18 13 12 9 7 6 5 1 0 
91 127 126 125 124 122 121 117 116 115 114 113 112 110 109 108 107 106 104 101 100 99 98 97 96 95 93 92 90 89 88 87 85 83 82 81 79 78 77 75 74 73 72 70 69 68 67 66 65 63 61 60 59 57 56 54 52 51 45 44 42 40 38 37 35 29 27 26 24 23 22 21 19 18 13 12 9 7 6 5 1 0 
92 127 126 125 122 121 117 115 114 112 110 106 105 99 98 95 94 93 91 90 88 87 85 83 82 81 75 74 70 69 68 67 65 63 61 60 59 57 55 52 51 45 44 42 40 37 35 29 27 26 24 23 22 21 19 13 12 9 7 6 5 1 
93 127 126 125 122 117 115 114 113 112 110 109 106 100 99 98 95 92 91 90 87 85 83 82 81 75 74 72 70 68 67 65 61 60 57 52 51 45 44 42 40 38 37 35 29 27 26 24 23 21 19 18 13 12 9 7 6 1 
94 126 121 110 106 105 95 92 88 83 75 74 70 69 66 63 59 56 55 22 12 5 1 
95 127 126 125 122 121 117 115 114 112 110 109 107 106 105 98 94 93 92 91 90 88 87 85 83 82 81 75 74 70 69 68 67 66 65 63 61 60 59 57 56 55 54 52 51 45 44 42 40 37 35 29 27 26 24 23 22 19 12 9 7 5 1 
96 127 124 120 116 113 109 108 107 104 101 100 99 98 97 91 90 89 87 86 79 78 77 75 73 72 67 65 64 61 54 51 50 42 38 34 33 32 31 30 27 26 18 15 13 11 7 6 0 
97 127 124 121 119 118 116 113 111 109 108 107 104 102 101 99 96 91 90 89 88 87 79 78 77 75 73 71 70 69 67 66 63 61 56 54 46 43 42 38 36 32 31 30 26 22 15 11 7 5 0 
98 127 126 125 124 122 121 117 116 115 114 113 112 110 109 108 107 106 104 101 100 99 96 95 93 92 91 90 89 87 85 83 82 81 79 78 77 75 74 73 72 70 69 68 67 66 65 64 63 61 60 57 52 51 45 44 42 40 38 37 35 29 27 26 24 23 21 19 18 13 9 7 6 1 
99 127 126 125 124 122 121 120 116 115 114 113 112 109 108 107 106 104 101 100 98 97 96 93 92 91 90 89 87 82 79 78 77 75 74 73 72 69 68 67 66 65 64 63 61 57 56 54 52 51 50 45 44 42 38 37 32 29 27 26 24 23 19 18 15 13 9 7 6 1 0 
100 127 125 124 122 120 116 114 113 112 109 108 107 106 104 101 99 98 96 93 91 90 89 87 82 79 78 77 75 74 73 72 68 67 65 64 63 61 51 50 44 42 38 33 32 27 26 19 18 15 13 7 6 1 
101 127 125 124 122 121 120 119 118 116 113 109 108 107 106 104 102 100 99 98 97 96 91 90 89 87 86 79 78 77 75 73 72 71 69 67 66 65 64 63 61 56 54 51 50 46 43 42 38 36 34 32 31 30 27 26 18 15 11 7 6 4 0 
102 127 121 119 118 116 113 109 108 107 104 101 97 89 88 87 79 78 75 73 71 70 69 67 66 63 61 59 56 54 46 43 42 38 36 32 31 30 26 22 12 11 7 5 0 
103 123 86 84 80 76 62 58 53 49 48 47 41 39 28 25 20 17 16 14 10 8 4 3 2 
104 127 125 124 122 120 116 114 113 109 108 107 102 101 100 99 98 97 96 91 90 89 87 86 79 78 77 75 73 72 67 65 64 63 61 56 54 51 50 43 42 38 36 34 33 32 31 30 27 26 18 15 13 11 7 6 0 
105 126 121 110 106 95 94 92 88 83 74 70 69 66 63 59 55 22 12 5 1 
106 127 126 125 122 121 117 115 114 113 112 110 109 108 107 105 101 100 99 98 95 94 93 92 91 90 89 88 87 85 83 82 81 78 77 75 74 72 70 69 68 67 66 65 63 61 60 59 57 56 55 54 52 51 45 44 42 40 38 37 35 29 27 26 24 23 22 21 19 18 13 12 9 7 6 5 1 
107 127 126 125 124 122 121 119 118 116 114 113 112 109 108 106 104 102 101 100 99 98 97 96 95 91 90 89 88 87 82 79 78 77 75 74 73 72 71 70 69 68 67 66 65 64 63 61 56 54 51 46 44 43 42 38 36 32 31 30 27 26 22 18 15 13 12 11 7 6 5 1 0 
108 127 125 124 122 121 119 118 116 113 109 107 106 104 102 101 100 99 98 97 96 91 90 89 87 79 78 77 75 73 72 71 69 67 66 65 64 63 61 56 54 51 46 43 42 38 36 32 31 30 27 26 22 18 15 11 7 0 
109 127 126 125 124 122 121 119 118 116 114 113 112 108 107 106 104 102 101 100 99 98 97 96 95 93 91 90 89 88 87 82 79 78 77 75 74 73 72 71 70 69 68 67 66 65 64 63 61 56 54 51 50 46 44 43 42 38 36 32 31 30 27 26 22 19 18 15 13 11 9 7 6 5 1 0 
110 127 126 125 122 121 117 115 114 112 106 105 98 95 94 93 92 91 90 88 87 85 83 82 81 75 74 70 69 68 67 66 65 63 61 60 59 57 55 52 51 45 44 42 40 37 35 29 27 26 24 23 22 21 19 12 9 7 6 5 1 
111 123 119 97 86 76 71 53 47 46 43 39 36 32 31 30 28 25 20 17 14 11 8 4 3 
112 127 126 125 122 121 117 115 114 113 110 109 107 106 100 99 98 95 93 92 91 90 88 87 85 83 82 81 75 74 72 70 69 68 67 65 63 61 60 59 57 55 52 51 45 44 42 40 38 37 35 29 27 26 24 23 22 21 19 18 13 12 9 7 6 5 1 
113 127 126 125 124 122 121 120 116 114 112 109 108 107 106 104 102 101 100 99 98 97 96 93 91 90 89 87 82 79 78 77 75 74 73 72 69 68 67 66 65 64 63 61 57 56 54 52 51 50 44 43 42 38 34 33 32 31 30 29 27 26 19 18 15 13 11 9 7 6 1 0 
114 127 126 125 124 122 121 117 116 115 113 112 110 109 107 106 104 100 99 98 95 93 92 91 90 89 88 87 85 83 82 81 78 77 75 74 73 72 70 69 68 67 66 65 63 61 60 57 52 51 45 44 42 40 38 37 35 29 27 26 24 23 21 19 18 13 12 9 7 6 5 1 
115 127 126 125 122 117 114 112 110 106 99 98 95 93 92 91 90 88 87 85 83 82 81 75 74 72 70 68 67 65 61 60 57 52 51 45 44 42 40 37 35 29 27 26 24 23 21 19 13 12 9 7 6 5 1 
116 127 125 124 122 120 119 114 113 109 108 107 104 102 101 100 99 98 97 96 91 90 89 87 86 79 78 77 75 73 72 67 66 65 64 63 61 56 54 51 50 46 43 42 38 36 34 33 32 31 30 27 26 18 15 13 11 7 6 4 0 
117 126 125 122 115 114 112 110 106 98 95 93 92 91 90 87 85 83 82 81 75 74 68 67 65 61 60 57 52 51 45 44 42 40 37 35 29 27 24 23 21 19 13 9 7 6 1 
118 121 119 109 108 107 102 101 97 89 88 79 78 71 69 66 63 56 54 46 43 36 30 26 22 11 0 
119 121 118 116 111 109 108 107 102 101 97 89 79 78 73 71 69 66 63 56 54 46 43 36 32 31 30 26 15 11 0 
120 124 116 113 104 101 100 99 96 89 86 78 77 73 72 64 62 50 38 34 33 32 31 18 15 11 4 2 
121 127 126 125 122 119 118 114 113 112 110 109 108 107 106 105 102 101 99 98 97 95 94 92 91 90 89 88 87 83 79 78 75 74 72 71 70 69 68 67 66 65 63 61 59 56 55 54 51 44 43 42 40 38 37 30 29 27 26 23 22 19 18 12 9 7 6 5 1 0 
122 127 126 125 124 121 117 116 115 114 113 112 110 109 108 107 106 104 101 100 99 98 95 93 92 91 90 89 88 87 85 83 82 81 78 77 75 74 73 72 70 69 68 67 66 65 63 61 60 59 57 52 51 45 44 42 40 38 37 35 29 27 26 24 23 22 21 19 18 13 12 9 7 6 5 1 
123 111 103 86 84 80 76 62 58 53 49 48 47 41 39 28 25 20 17 14 10 8 4 3 2 
124 127 125 122 120 116 114 113 109 108 107 104 101 100 99 98 97 96 91 90 89 87 82 79 78 77 75 73 72 68 67 65 64 63 61 51 50 44 42 38 34 33 32 30 27 26 18 15 13 11 7 6 0 
125 127 126 124 122 121 117 116 115 114 113 112 110 109 108 107 106 104 101 100 99 98 95 93 92 91 90 89 88 87 85 83 82 81 78 77 75 74 73 72 70 69 68 67 66 65 63 61 60 59 57 52 51 45 44 42 40 38 37 35 29 27 26 24 23 22 21 19 18 13 12 9 7 6 5 1 
126 127 125 122 121 117 115 114 113 112 110 109 107 106 105 99 98 95 94 93 92 91 90 88 87 85 83 82 81 75 74 72 70 69 68 67 66 65 63 61 60 59 57 56 55 54 52 51 45 44 42 40 37 35 29 27 26 24 23 22 21 19 13 12 9 7 6 5 1 
127 126 125 124 122 121 116 115 114 113 112 110 109 108 107 106 104 102 101 100 99 98 97 96 95 93 92 91 90 89 88 87 83 82 81 79 78 77 75 74 73 72 70 69 68 67 66 65 64 63 61 59 57 56 54 52 51 50 45 44 43 42 40 38 37 32 31 30 29 27 26 24 23 22 19 18 15 13 12 11 9 7 6 5 1 0 

