0 127 121 119 118 116 113 109 108 107 104 102 101 97 89 87 79 78 75 73 71 69 66 63 56 54 46 43 36 32 31 30 26 11 
1 127 126 125 122 121 117 115 114 112 110 106 98 95 93 92 91 90 88 87 85 83 82 81 75 74 70 69 68 67 65 63 61 60 59 57 52 51 45 44 40 37 35 29 27 24 23 22 21 19 12 9 7 6 5 
2 123 103 86 84 80 62 58 49 48 47 41 34 31 25 20 17 15 10 8 4 3 
3 123 103 76 58 53 48 47 39 28 25 20 17 14 8 4 2 
4 103 86 80 76 62 47 36 34 32 31 28 20 15 11 8 3 2 
5 126 121 112 110 106 105 95 94 92 88 83 75 74 70 69 66 63 59 55 40 22 12 9 1 
6 127 125 124 122 114 113 112 109 106 100 99 98 93 91 90 87 82 77 75 72 68 67 65 61 57 51 45 44 42 38 27 26 24 19 18 13 7 1 
7 127 125 124 122 121 116 114 113 112 109 107 106 104 101 100 99 98 96 93 91 90 89 87 82 78 77 75 74 73 72 68 67 65 64 63 61 57 51 44 42 38 27 26 19 18 13 9 6 1 
8 123 103 86 84 80 76 58 53 48 47 41 39 28 25 20 17 14 4 3 2 
9 126 125 122 117 115 114 112 110 106 98 95 93 92 91 90 87 85 83 82 81 75 74 70 68 67 65 61 60 57 52 51 45 44 40 37 35 29 27 24 23 21 19 12 7 5 1 
10 103 84 80 62 58 49 48 41 16 2 
11 119 116 111 109 108 107 102 101 97 89 86 79 78 73 54 47 46 43 36 34 32 31 30 15 4 0 
12 126 122 121 112 110 106 105 95 94 92 88 83 75 74 70 69 66 63 59 55 44 40 29 23 22 9 5 1 
13 127 125 124 122 114 113 100 99 98 96 93 91 90 87 82 77 75 72 68 67 65 64 61 51 44 42 38 27 26 18 7 6 
14 123 111 103 76 53 48 47 39 28 25 20 17 8 3 
15 124 120 116 113 109 104 101 96 89 86 79 78 73 64 47 46 36 34 32 31 11 4 2 
16 84 80 62 58 49 48 41 10 
17 123 103 76 58 53 48 39 28 25 20 14 8 3 2 
18 127 125 124 122 116 114 113 109 107 104 100 99 98 96 91 90 89 87 78 77 75 73 72 67 65 64 61 51 50 42 38 27 26 13 7 6 
19 127 126 125 122 117 115 114 112 110 106 98 95 93 92 91 90 87 85 83 82 81 75 74 68 67 65 61 60 57 52 51 45 44 42 40 37 35 29 27 24 23 21 9 7 6 1 
20 123 103 80 76 58 53 48 47 41 39 28 25 17 14 8 4 3 2 
21 125 122 117 115 114 112 93 92 85 82 81 68 65 60 57 52 51 45 44 40 37 35 29 24 23 19 9 1 
22 126 121 110 106 105 95 94 88 83 75 74 70 69 66 63 59 56 55 54 12 5 1 
23 126 125 122 117 115 114 112 110 106 98 95 93 92 91 90 87 85 83 82 81 74 70 68 67 65 61 60 57 52 51 45 44 40 37 35 29 27 24 21 19 12 9 1 
24 126 125 122 117 115 114 112 110 106 98 93 92 91 90 85 83 82 81 74 68 67 65 61 60 57 52 51 45 44 40 37 35 29 27 23 21 19 9 6 1 
25 123 103 76 58 53 48 39 28 20 17 14 8 3 2 
26 127 126 125 124 122 121 116 114 113 112 109 108 107 106 104 102 101 100 99 98 97 96 91 90 89 87 82 79 78 77 75 74 73 72 69 68 67 66 65 63 61 56 54 51 44 42 38 30 27 18 13 7 6 0 
27 127 126 125 124 122 117 115 114 113 112 110 109 107 106 100 99 98 95 93 92 91 90 87 85 82 81 78 77 75 74 73 72 68 67 65 63 61 60 57 52 51 45 44 42 40 38 37 35 29 26 24 23 19 18 13 9 7 6 1 
28 123 111 103 76 53 48 47 39 25 20 17 14 8 4 3 
29 126 125 122 117 115 114 112 110 106 98 95 93 92 91 90 87 85 83 82 81 75 74 68 67 65 61 60 57 52 51 45 44 40 37 35 27 24 23 21 19 12 9 1 
30 121 119 118 116 109 108 107 102 101 97 89 79 78 73 71 66 63 56 54 46 43 36 32 31 26 11 0 
31 119 116 111 108 101 97 89 86 79 78 73 47 46 36 34 32 30 15 11 4 2 0 
32 124 120 119 116 113 109 108 107 104 101 96 89 86 79 78 77 73 64 47 46 38 36 34 31 30 15 11 4 0 
33 124 120 96 64 50 34 
34 120 116 104 96 86 73 64 62 47 33 32 31 15 11 4 2 
35 126 125 122 117 115 114 112 110 93 92 85 82 81 74 68 65 60 57 52 51 45 44 40 37 29 27 24 23 21 19 9 1 
36 119 111 108 102 101 97 86 79 71 47 46 43 32 31 30 15 11 4 0 
37 126 125 122 117 115 114 112 110 106 98 95 93 92 91 90 85 83 82 81 74 68 67 65 61 60 57 52 51 45 44 40 35 29 27 24 23 21 19 9 1 
38 127 124 120 116 113 109 108 107 104 101 100 99 98 96 91 90 89 87 79 78 77 75 73 72 67 65 64 61 51 50 42 32 27 26 18 13 7 6 
39 123 103 76 58 53 48 28 25 20 17 14 8 3 
40 126 125 122 117 115 114 112 110 106 98 95 93 92 91 85 83 82 81 74 70 68 67 65 60 57 52 51 45 44 37 35 29 27 24 23 21 19 12 9 5 1 
41 103 84 80 62 58 49 48 20 16 10 8 2 
42 127 125 124 122 121 116 114 113 112 109 108 107 106 104 101 100 99 98 96 93 91 90 89 87 82 79 78 77 75 73 72 68 67 65 64 63 61 51 44 38 27 26 19 18 13 7 6 
43 121 119 118 109 108 107 102 101 97 89 79 78 71 69 66 63 56 54 46 36 30 11 0 
44 127 126 125 122 117 115 114 112 110 106 99 98 95 93 92 91 90 87 85 83 82 81 75 74 72 70 68 67 65 61 60 57 52 51 45 42 40 37 35 29 27 26 24 23 21 19 13 12 9 7 6 1 
45 126 125 122 117 115 114 112 110 106 98 93 92 91 90 85 82 81 74 68 67 65 61 60 57 52 51 44 40 37 35 29 27 24 23 21 19 9 6 1 
46 119 118 111 108 102 101 97 79 71 56 54 43 36 32 31 30 15 11 0 
47 111 86 76 53 36 34 32 31 28 20 15 14 11 8 4 3 2 
48 123 103 84 80 76 62 58 53 49 41 39 28 25 20 17 16 14 10 8 3 2 
49 103 84 80 62 58 48 41 16 10 2 
50 124 120 116 113 104 100 99 96 77 73 72 64 38 33 18 
51 127 126 125 122 117 115 114 113 112 110 109 107 106 100 99 98 95 93 92 91 90 87 85 83 82 81 78 77 75 74 72 68 67 65 63 61 60 57 52 45 44 42 40 38 37 35 29 27 26 24 23 21 19 18 13 9 7 6 1 
52 126 125 122 117 115 114 112 110 106 98 95 93 92 91 90 87 85 83 82 81 74 68 67 65 61 60 57 51 45 44 40 37 35 29 27 24 23 21 19 9 1 
53 123 111 103 76 48 47 39 28 25 20 17 14 8 3 
54 127 121 119 118 109 108 107 102 101 97 89 87 79 78 75 71 69 66 63 56 46 43 30 26 22 11 0 
55 126 121 110 105 95 94 88 83 70 69 66 63 59 22 12 5 
56 127 121 119 118 109 108 107 102 101 97 89 88 87 79 78 75 71 69 66 63 54 46 43 30 26 22 0 
57 126 125 122 117 115 114 112 110 106 98 93 92 91 90 87 85 83 82 81 74 68 67 65 61 60 52 51 45 44 40 37 35 29 27 24 23 21 19 9 7 6 1 
58 123 103 84 80 62 49 48 41 39 25 20 17 16 10 8 3 2 
59 126 121 110 106 105 95 94 92 88 83 74 70 69 66 63 55 22 12 5 1 
60 126 125 122 117 115 114 112 110 106 93 92 91 85 83 82 81 74 68 67 65 57 52 51 45 44 40 37 35 29 27 24 23 21 19 9 1 
61 127 126 125 124 122 121 116 115 114 113 112 109 107 106 104 100 99 98 96 93 92 91 90 89 87 82 81 78 77 75 74 73 72 68 67 65 63 57 52 51 45 44 42 38 37 29 27 26 24 23 19 18 13 9 7 6 1 
62 103 84 80 58 49 48 41 34 16 10 4 2 
63 127 126 122 121 118 113 109 108 107 106 102 99 97 95 91 90 89 88 87 83 79 78 75 74 70 69 67 66 61 59 56 55 54 51 43 42 30 27 26 22 12 7 5 1 0 
64 124 120 116 113 104 101 100 99 96 89 78 77 73 72 50 42 38 34 33 32 18 15 13 7 
65 127 126 125 122 117 115 114 113 112 110 109 106 100 99 98 95 93 92 91 90 87 85 83 82 81 75 74 72 68 67 61 60 57 52 51 45 44 42 40 38 37 35 29 27 26 24 23 21 19 18 13 9 7 6 1 
66 127 121 119 118 109 108 107 102 97 95 89 88 87 79 78 75 71 70 69 67 63 59 56 55 54 43 30 26 22 12 5 0 
67 127 126 125 124 122 121 115 114 113 112 110 109 108 107 106 101 100 99 98 95 93 92 91 90 89 87 83 82 81 78 77 75 74 73 72 70 69 68 66 65 63 61 60 57 52 51 45 44 42 40 38 37 29 27 26 24 23 19 18 13 9 7 6 1 
68 127 126 125 122 117 115 114 112 110 106 99 98 95 93 92 91 90 87 85 83 82 81 75 74 72 67 65 61 60 57 52 51 45 44 42 40 37 35 29 27 26 24 23 21 19 13 9 7 6 1 
69 127 126 121 110 109 108 107 106 105 102 97 95 94 91 88 87 83 75 74 70 67 66 63 59 56 55 54 43 26 22 12 5 1 0 
70 126 125 122 121 112 110 106 105 95 94 92 91 88 87 83 75 74 69 67 66 63 59 55 44 40 23 22 12 9 5 1 
71 119 118 108 107 102 101 97 79 66 56 54 46 43 36 30 0 
72 127 125 124 122 116 114 113 109 107 104 100 99 98 96 91 90 89 87 82 78 77 75 73 68 67 65 64 61 51 50 44 42 38 27 26 18 13 7 6 
73 127 124 120 116 113 109 108 107 104 101 100 99 97 96 90 89 87 79 78 77 75 72 67 64 61 50 42 38 34 32 31 30 27 26 18 15 11 7 0 
74 127 126 125 122 121 117 115 114 112 110 106 98 95 93 92 91 90 88 87 85 83 82 81 75 70 69 68 67 65 63 61 60 59 57 52 51 45 44 40 37 35 29 27 26 24 23 22 19 12 9 7 5 1 
75 127 126 125 124 122 121 116 114 113 112 110 109 108 107 106 104 101 100 99 98 95 93 92 91 90 89 88 87 82 79 78 77 74 73 72 70 69 68 67 66 65 63 61 56 54 51 44 42 38 29 27 26 22 19 18 13 12 9 7 6 5 1 0 
76 123 111 103 53 48 47 39 28 25 20 17 14 8 4 3 
77 127 124 120 116 113 109 108 107 104 101 100 99 98 96 91 90 89 87 79 78 75 73 72 67 64 61 51 50 42 38 32 27 26 18 13 7 6 
78 127 124 116 113 109 108 107 104 102 101 100 99 98 97 96 91 90 89 87 79 77 75 73 72 67 66 64 63 61 56 54 51 43 42 38 32 31 30 27 26 18 15 11 7 0 
79 127 124 119 118 116 113 109 108 107 104 102 101 99 97 96 89 87 78 77 75 73 71 66 63 56 54 46 43 42 38 36 32 31 30 26 15 11 0 
80 103 84 62 58 49 48 41 20 16 10 8 4 2 
81 126 125 122 117 115 114 112 110 98 93 92 91 85 83 82 74 68 67 65 61 60 57 52 51 45 44 40 37 35 29 27 24 23 21 19 9 1 
82 127 126 125 122 117 115 114 112 110 106 99 98 93 92 91 90 87 85 81 75 74 72 68 67 65 61 60 57 52 51 45 44 42 40 37 35 29 27 26 24 23 21 19 13 9 7 6 1 
83 126 125 122 121 115 114 112 110 106 105 95 94 93 92 91 88 85 81 74 70 69 68 67 65 63 60 59 57 55 52 51 44 40 37 29 24 23 22 19 12 9 5 1 
84 103 80 62 58 49 48 41 16 10 8 2 
85 126 125 122 117 115 114 112 110 93 92 91 83 82 81 74 68 65 60 57 52 51 45 44 40 37 35 29 27 24 23 21 19 9 1 
86 47 36 34 32 31 15 11 8 4 2 
87 127 126 125 124 122 121 116 115 114 113 112 109 108 107 106 104 101 100 99 98 95 93 92 91 90 89 82 79 78 77 75 74 73 72 70 69 68 67 66 65 63 61 57 56 54 52 51 44 42 38 29 27 26 23 19 18 13 9 7 6 1 0 
88 126 121 110 106 105 95 94 92 83 75 74 70 69 66 63 59 56 55 22 12 5 1 
89 127 124 119 116 113 109 108 107 104 102 101 100 99 97 96 91 90 87 79 78 77 75 73 72 67 66 64 63 61 56 54 43 42 38 32 31 30 26 18 15 11 7 0 
90 127 126 125 124 122 121 116 115 114 113 112 109 107 106 104 100 99 98 96 93 92 91 89 87 82 78 77 75 74 73 72 68 67 65 63 61 57 52 51 45 44 42 38 37 29 27 26 24 23 19 18 13 9 7 6 1 
91 127 126 125 122 121 117 115 114 113 112 110 109 107 106 100 99 98 95 93 92 90 89 87 85 83 82 81 78 77 75 74 72 70 69 68 67 65 63 61 60 57 52 51 45 44 42 40 38 37 29 27 26 24 23 19 18 13 9 7 6 1 
92 126 125 122 117 115 114 112 110 106 98 95 93 91 90 88 87 85 83 82 81 75 74 70 68 67 65 61 60 59 57 52 51 45 44 40 37 35 29 27 24 23 21 19 12 9 5 1 
93 127 126 125 122 117 115 114 112 110 106 98 92 91 90 87 85 83 82 81 75 74 68 67 65 61 60 57 52 51 45 44 42 40 37 35 29 27 24 23 21 19 13 9 7 6 1 
94 126 121 105 95 88 83 70 69 59 55 22 12 5 
95 126 125 122 121 115 114 112 110 106 105 94 92 91 88 87 83 75 74 70 69 68 67 66 65 63 59 55 52 51 44 40 37 29 27 23 22 19 12 9 5 1 
96 127 124 120 116 113 109 108 107 104 101 100 99 90 89 79 78 77 73 72 64 61 50 42 38 34 33 32 26 18 15 13 7 
97 127 121 119 118 109 108 107 102 101 89 79 78 73 71 69 66 63 56 54 46 43 36 31 30 26 11 0 
98 127 126 125 122 117 115 114 113 112 109 106 100 99 93 92 91 90 87 82 81 78 77 75 74 72 68 67 65 61 57 52 51 45 44 42 40 38 37 29 27 26 24 23 19 18 13 9 7 6 1 
99 127 125 124 122 116 114 113 109 107 106 104 101 100 98 96 91 90 89 87 82 79 78 77 75 73 72 68 67 65 64 63 61 51 50 44 42 38 27 26 18 13 7 6 
100 127 124 116 114 113 109 104 99 98 96 91 90 89 87 78 77 75 73 72 67 65 64 61 51 50 42 38 27 26 18 13 7 6 
101 127 124 119 116 113 109 108 107 104 102 99 97 96 89 87 79 78 77 75 73 71 67 64 56 54 46 43 42 38 36 32 31 30 26 15 11 7 0 
102 121 119 118 109 108 107 101 97 89 79 78 71 69 66 63 56 54 46 43 36 30 26 11 0 
103 123 84 80 76 62 58 53 49 48 41 39 28 25 20 17 14 10 8 4 3 2 
104 127 124 120 116 113 109 108 107 101 100 99 96 90 89 87 79 78 77 75 73 72 64 61 50 42 38 34 32 26 18 15 7 0 
105 95 94 88 83 70 69 59 55 22 12 5 
106 127 126 125 122 121 115 114 112 110 109 99 98 95 93 92 91 90 88 87 83 82 75 74 70 69 68 67 65 63 61 60 59 57 52 51 45 44 42 40 37 29 27 26 24 23 22 19 12 9 7 6 5 1 
107 127 124 121 119 116 113 109 108 104 102 101 99 97 96 91 90 89 87 79 78 77 75 73 72 71 69 67 66 63 61 56 54 51 43 42 38 32 30 27 26 18 11 7 0 
108 127 121 119 118 116 113 109 107 104 102 101 97 96 89 87 79 78 77 75 73 71 69 67 66 63 56 54 46 43 42 38 36 32 31 30 26 11 0 
109 127 125 124 122 121 116 113 108 107 106 104 102 101 100 99 98 97 96 91 90 89 87 79 78 77 75 73 72 69 67 66 65 63 61 56 54 51 43 42 38 32 30 27 26 18 15 11 7 6 0 
110 126 125 122 121 117 115 114 112 106 95 93 92 91 88 85 83 82 81 75 74 70 69 68 67 65 60 59 57 55 52 51 45 44 40 37 35 29 27 24 23 22 19 12 9 5 1 
111 119 76 53 47 46 36 31 28 14 11 
112 127 126 125 122 117 115 114 110 106 98 95 93 92 91 90 87 85 83 82 81 75 74 70 68 67 65 61 60 57 52 51 45 44 42 40 37 35 29 27 26 24 23 21 19 12 9 7 6 5 1 
113 127 125 124 122 116 114 109 108 107 104 101 100 99 98 96 91 90 89 87 79 78 77 75 73 72 67 65 64 63 61 51 50 42 38 32 27 26 18 15 13 7 6 0 
114 127 126 125 122 117 115 113 112 110 106 100 99 98 95 93 92 91 90 87 85 83 82 81 75 74 72 68 67 65 61 60 57 52 51 45 44 42 40 37 35 29 27 26 24 23 21 19 18 13 9 7 6 1 
115 126 125 122 117 114 112 110 106 98 95 93 92 91 90 87 85 83 82 81 74 68 67 65 61 60 57 52 51 45 44 40 37 35 29 27 24 23 21 19 9 1 
116 127 124 120 113 109 108 107 104 101 100 99 96 90 89 87 79 78 77 75 73 72 64 61 50 42 38 34 32 31 30 26 18 15 11 7 0 
117 125 122 115 114 112 110 98 93 92 91 85 82 81 74 68 65 60 57 52 51 45 44 40 37 35 29 27 24 23 21 19 9 1 
118 121 119 108 102 97 79 71 66 63 56 54 46 43 30 0 
119 118 111 108 107 102 101 97 89 79 71 66 56 54 46 43 36 32 31 30 11 0 
120 124 116 104 96 77 73 64 50 38 34 33 32 15 
121 127 126 118 110 109 108 107 106 102 97 95 94 91 90 88 87 83 75 74 70 69 67 66 63 61 59 56 55 54 43 42 30 26 22 12 7 5 1 0 
122 127 126 125 117 115 114 113 112 110 109 106 99 98 95 93 92 91 90 87 85 83 82 81 75 74 72 70 68 67 65 63 61 60 57 52 51 45 44 42 40 37 35 29 27 26 24 23 21 19 18 13 12 9 7 6 1 
123 103 76 58 53 48 39 28 25 20 17 14 8 3 2 
124 127 120 116 113 109 107 104 101 100 99 96 90 89 87 79 78 77 75 73 72 67 64 61 50 42 38 33 32 27 26 18 15 13 7 6 
125 127 126 122 117 115 114 113 112 110 109 106 99 98 95 93 92 91 90 87 85 83 82 81 75 74 72 70 68 67 65 61 60 57 52 51 45 44 42 40 37 35 29 27 26 24 23 21 19 18 13 9 7 6 1 
126 125 122 121 115 114 112 110 106 98 95 94 93 92 91 90 88 87 85 83 82 81 75 74 70 69 68 67 65 63 61 60 59 57 55 52 51 45 44 40 37 35 29 27 26 24 23 22 19 12 9 5 1 
127 125 124 122 121 116 114 113 112 109 108 107 106 104 101 100 99 98 97 96 93 91 90 89 87 82 79 78 77 75 74 73 72 69 68 67 66 65 63 61 56 54 51 44 42 38 27 26 19 18 13 7 6 1 0 

