0 184 183 182 180 179 177 176 175 174 173 172 171 170 169 168 167 166 165 164 163 162 161 160 159 157 155 154 153 152 151 149 147 146 145 144 143 142 141 139 137 136 135 134 133 132 131 130 129 128 127 125 124 123 122 121 120 119 118 117 116 115 114 113 112 111 110 109 108 106 105 104 103 102 101 100 99 98 97 96 95 94 93 92 91 90 89 88 87 86 85 84 83 82 81 80 79 78 77 76 75 74 73 72 71 70 69 68 67 66 65 64 63 62 61 60 59 58 57 56 55 54 53 52 51 50 49 48 47 46 45 44 43 42 41 40 39 38 37 36 35 34 33 32 15 14 13 12 11 10 9 8 7 6 5 4 3 2 1 
1 184 183 182 180 179 177 176 175 174 173 172 171 170 169 168 167 166 165 164 163 162 161 160 159 157 155 154 153 152 151 149 147 146 145 144 143 142 141 139 137 136 135 134 133 132 131 130 129 128 127 125 124 123 122 121 120 119 118 117 116 115 114 113 112 111 110 109 108 106 105 104 103 102 101 100 99 98 97 96 95 94 93 92 91 90 89 88 87 86 85 84 83 82 81 80 79 78 77 76 75 74 73 72 71 70 69 68 67 66 65 64 63 62 61 60 59 58 57 56 55 54 53 52 51 50 49 48 47 46 45 44 43 42 41 40 39 38 37 36 35 34 33 32 15 14 13 12 11 10 9 8 7 6 5 4 3 2 0 
2 180 179 163 162 161 155 154 153 152 151 147 146 145 144 143 142 141 137 136 134 133 132 130 128 120 117 116 111 110 106 105 104 103 102 101 100 99 69 66 65 64 63 62 60 59 58 57 56 55 54 53 52 51 50 49 48 47 46 45 44 43 42 41 40 39 38 37 32 15 14 13 12 11 10 9 8 7 6 5 4 3 1 0 
3 180 179 163 162 161 155 154 153 152 151 147 146 145 144 143 142 141 137 136 134 133 132 130 128 120 117 116 111 110 106 105 104 103 102 101 100 99 69 66 65 64 63 62 60 53 52 51 50 49 48 47 46 45 32 15 14 13 12 11 10 9 8 7 6 5 4 2 1 0 
4 180 179 173 163 162 161 155 154 153 152 151 147 146 145 144 143 142 141 137 136 134 133 132 130 128 120 117 116 111 110 106 105 104 103 102 101 100 99 69 66 65 64 63 62 60 53 52 51 50 49 48 47 46 45 37 32 15 14 13 12 11 10 9 8 7 6 5 3 2 1 0 
5 180 179 173 172 163 162 161 155 154 153 152 151 147 146 145 144 143 142 141 137 136 134 133 132 130 128 120 117 116 111 110 106 105 104 103 102 101 100 99 69 66 65 64 63 62 60 53 52 51 50 49 48 47 46 45 38 37 32 15 14 13 12 11 10 9 8 7 6 4 3 2 1 0 
6 180 179 173 172 171 163 162 161 155 154 153 152 151 147 146 145 144 143 142 141 137 136 134 133 132 130 128 120 117 116 111 110 106 105 104 103 102 101 100 99 69 66 65 64 63 62 60 53 52 51 50 49 48 47 46 45 39 38 37 32 15 14 13 12 11 10 9 8 7 5 4 3 2 1 0 
7 180 179 173 172 171 170 163 162 161 155 154 153 152 151 147 146 145 144 143 142 141 137 136 134 133 132 130 128 120 117 116 111 110 106 105 104 103 102 101 100 99 69 66 65 64 63 62 60 53 52 51 50 49 48 47 46 45 40 39 38 37 32 15 14 13 12 11 10 9 8 6 5 4 3 2 1 0 
8 180 179 173 172 171 170 169 163 162 161 155 154 153 152 151 147 146 145 144 143 142 141 137 136 134 133 132 130 128 120 117 116 111 110 106 105 104 103 102 101 100 99 69 66 65 64 63 62 60 53 52 51 50 49 48 47 46 45 41 40 39 38 37 32 15 14 13 12 11 10 9 7 6 5 4 3 2 1 0 
9 180 179 173 172 171 170 169 168 163 162 161 155 154 153 152 151 147 146 145 144 143 142 141 137 136 134 133 132 130 128 120 117 116 111 110 106 105 104 103 102 101 100 99 69 66 65 64 63 62 60 53 52 51 50 49 48 47 46 45 42 41 40 39 38 37 32 15 14 13 12 11 10 8 7 6 5 4 3 2 1 0 
10 180 179 163 162 161 155 154 153 152 151 147 146 145 144 143 142 141 137 136 134 133 132 130 128 120 117 116 111 110 106 105 104 103 102 101 100 99 69 66 65 64 63 62 60 53 52 51 50 49 48 47 46 45 44 43 42 41 40 39 38 37 32 15 14 13 12 11 9 8 7 6 5 4 3 2 1 0 
11 180 179 163 162 161 155 154 153 152 151 147 146 145 144 143 142 141 137 136 134 133 132 130 128 120 117 116 111 110 106 105 104 103 102 101 100 99 69 66 65 64 63 62 60 55 54 53 52 51 50 49 48 47 46 45 44 43 42 41 40 39 38 37 32 15 14 13 12 10 9 8 7 6 5 4 3 2 1 0 
12 180 179 163 162 161 155 154 153 152 151 147 146 145 144 143 142 141 137 136 134 133 132 130 128 120 117 116 111 110 106 105 104 103 102 101 100 99 69 66 65 64 63 62 60 57 56 55 54 53 52 51 50 49 48 47 46 45 44 43 42 41 40 39 38 37 32 15 14 13 11 10 9 8 7 6 5 4 3 2 1 0 
13 180 179 163 162 161 155 154 153 152 151 147 146 145 144 143 142 141 137 136 134 133 132 130 128 120 117 116 111 110 106 105 104 103 102 101 100 99 69 66 65 64 63 62 60 58 57 56 55 54 53 52 51 50 49 48 47 46 45 44 43 42 41 40 39 38 37 32 15 14 12 11 10 9 8 7 6 5 4 3 2 1 0 
14 180 179 163 162 161 155 154 153 152 151 147 146 145 144 143 142 141 137 136 134 133 132 130 128 120 117 116 111 110 106 105 104 103 102 101 100 99 69 66 65 64 63 62 60 53 52 51 50 49 48 47 46 45 32 15 13 12 11 10 9 8 7 6 5 4 3 2 1 0 
15 180 179 173 172 171 170 169 168 167 163 162 161 155 154 153 152 151 147 146 145 144 143 142 141 137 136 134 133 132 130 128 120 117 116 111 110 106 105 104 103 102 101 100 99 69 66 65 64 63 62 60 53 52 51 50 49 48 47 46 45 43 42 41 40 39 38 37 32 14 13 12 11 10 9 8 7 6 5 4 3 2 1 0 
16 184 183 182 180 179 177 176 175 174 173 172 171 170 169 168 167 166 165 164 163 162 161 160 159 157 155 154 153 152 151 149 147 146 145 144 143 142 141 139 137 136 135 134 133 132 131 130 129 128 127 125 124 123 122 121 120 119 118 117 116 115 114 113 112 111 110 109 108 106 105 104 103 102 101 100 99 98 97 96 95 94 93 92 91 90 89 88 87 86 85 84 83 82 81 80 79 78 77 76 75 74 73 72 71 70 69 68 67 66 65 64 63 62 61 60 59 58 57 56 55 54 53 52 51 50 49 48 47 46 45 44 43 42 41 40 39 38 37 36 35 34 33 32 31 30 29 28 27 26 25 24 23 22 21 20 19 18 17 
17 184 183 182 177 176 175 174 173 172 171 170 169 168 167 166 165 164 160 159 157 149 139 135 131 129 127 125 124 123 122 121 119 118 115 114 113 112 109 108 98 97 96 95 94 93 92 91 90 89 88 87 86 85 84 83 82 81 80 79 78 77 76 75 74 73 72 71 70 68 67 61 59 58 57 56 55 54 44 43 42 41 40 39 38 37 36 35 34 33 31 30 29 28 27 26 25 24 23 22 21 20 19 18 16 
18 184 183 182 177 176 175 174 173 172 171 170 169 168 167 166 165 164 161 160 159 157 149 139 135 131 129 127 125 124 123 122 121 119 118 115 114 113 112 109 108 98 97 96 95 94 93 92 91 90 89 88 87 86 85 84 83 82 81 80 79 78 77 76 75 74 73 72 71 70 68 67 61 59 58 57 56 55 54 45 44 43 42 41 40 39 38 37 36 35 34 33 31 30 29 28 27 26 25 24 23 22 21 20 19 17 16 
19 184 183 182 177 176 175 174 173 172 171 170 169 168 167 166 165 164 162 161 160 159 157 149 139 135 131 129 127 125 124 123 122 121 119 118 115 114 113 112 109 108 98 97 96 95 94 93 92 91 90 89 88 87 86 85 84 83 82 81 80 79 78 77 76 75 74 73 72 71 70 68 67 61 59 58 57 56 55 54 46 45 44 43 42 41 40 39 38 37 36 35 34 33 31 30 29 28 27 26 25 24 23 22 21 20 18 17 16 
20 184 183 182 177 176 175 174 173 172 171 170 169 168 167 166 165 164 163 162 161 160 159 157 149 139 135 131 129 127 125 124 123 122 121 119 118 115 114 113 112 109 108 98 97 96 95 94 93 92 91 90 89 88 87 86 85 84 83 82 81 80 79 78 77 76 75 74 73 72 71 70 68 67 61 59 58 57 56 55 54 47 46 45 44 43 42 41 40 39 38 37 36 35 34 33 31 30 29 28 27 26 25 24 23 22 21 19 18 17 16 
21 184 183 182 177 176 175 174 173 172 171 170 169 168 167 166 165 164 163 162 161 160 159 157 149 139 135 131 129 127 125 124 123 122 121 119 118 115 114 113 112 109 108 98 97 96 95 94 93 92 91 90 89 88 87 86 85 84 83 82 81 80 79 78 77 76 75 74 73 72 71 70 68 67 61 59 58 57 56 55 54 48 47 46 45 44 43 42 41 40 39 38 37 36 35 34 33 31 30 29 28 27 26 25 24 23 22 20 19 18 17 16 
22 184 183 182 177 176 175 174 173 172 171 170 169 168 167 166 165 164 163 162 161 160 159 157 149 139 135 131 129 127 125 124 123 122 121 119 118 115 114 113 112 109 108 98 97 96 95 94 93 92 91 90 89 88 87 86 85 84 83 82 81 80 79 78 77 76 75 74 73 72 71 70 68 67 61 59 58 57 56 55 54 49 48 47 46 45 44 43 42 41 40 39 38 37 36 35 34 33 31 30 29 28 27 26 25 24 23 21 20 19 18 17 16 
23 184 183 182 177 176 175 174 173 172 171 170 169 168 167 166 165 164 163 162 161 160 159 157 149 139 135 131 129 127 125 124 123 122 121 119 118 115 114 113 112 109 108 98 97 96 95 94 93 92 91 90 89 88 87 86 85 84 83 82 81 80 79 78 77 76 75 74 73 72 71 70 68 67 61 59 58 57 56 55 54 50 49 48 47 46 45 44 43 42 41 40 39 38 37 36 35 34 33 31 30 29 28 27 26 25 24 22 21 20 19 18 17 16 
24 184 183 182 177 176 175 174 173 172 171 170 169 168 167 166 165 164 163 162 161 160 159 157 149 139 135 131 129 127 125 124 123 122 121 119 118 115 114 113 112 109 108 98 97 96 95 94 93 92 91 90 89 88 87 86 85 84 83 82 81 80 79 78 77 76 75 74 73 72 71 70 68 67 61 59 58 57 56 55 54 51 50 49 48 47 46 45 44 43 42 41 40 39 38 37 36 35 34 33 31 30 29 28 27 26 25 23 22 21 20 19 18 17 16 
25 184 183 182 177 176 175 174 173 172 171 170 169 168 167 166 165 164 163 162 161 160 159 157 149 139 135 131 129 127 125 124 123 122 121 119 118 115 114 113 112 109 108 98 97 96 95 94 93 92 91 90 89 88 87 86 85 84 83 82 81 80 79 78 77 76 75 74 73 72 71 70 68 67 61 59 58 57 56 55 54 52 51 50 49 48 47 46 45 44 43 42 41 40 39 38 37 36 35 34 33 31 30 29 28 27 26 24 23 22 21 20 19 18 17 16 
26 184 183 182 177 176 175 174 173 172 171 170 169 168 167 166 165 164 160 159 157 149 139 135 131 129 127 125 124 123 122 121 119 118 115 114 113 112 109 108 98 97 96 95 94 93 92 91 90 89 88 87 86 85 84 83 82 81 80 79 78 77 76 75 74 73 72 71 70 68 67 61 59 58 57 56 55 54 44 43 42 41 40 39 38 37 36 35 34 33 31 30 29 28 27 25 24 23 22 21 20 19 18 17 16 
27 184 183 182 177 176 175 174 173 172 171 170 169 168 167 166 165 164 160 159 157 149 139 135 131 129 127 125 124 123 122 121 119 118 115 114 113 112 109 108 98 97 96 95 94 93 92 91 90 89 88 87 86 85 84 83 82 81 80 79 78 77 76 75 74 73 72 71 70 68 67 61 59 58 57 56 55 54 44 43 42 41 40 39 38 37 36 35 34 33 31 30 29 28 26 25 24 23 22 21 20 19 18 17 16 
28 184 183 182 177 176 175 174 173 172 171 170 169 168 167 166 165 164 160 159 157 149 139 135 131 129 127 125 124 123 122 121 119 118 115 114 113 112 109 108 98 97 96 95 94 93 92 91 90 89 88 87 86 85 84 83 82 81 80 79 78 77 76 75 74 73 72 71 70 68 67 61 59 58 57 56 55 54 44 43 42 41 40 39 38 37 36 35 34 33 31 30 29 27 26 25 24 23 22 21 20 19 18 17 16 
29 184 183 182 177 176 175 174 173 172 171 170 169 168 167 166 165 164 160 159 157 149 139 135 131 129 127 125 124 123 122 121 119 118 115 114 113 112 109 108 98 97 96 95 94 93 92 91 90 89 88 87 86 85 84 83 82 81 80 79 78 77 76 75 74 73 72 71 70 68 67 61 59 58 57 56 55 54 44 43 42 41 40 39 38 37 36 35 34 33 31 30 28 27 26 25 24 23 22 21 20 19 18 17 16 
30 184 183 182 177 176 175 174 173 172 171 170 169 168 167 166 165 164 160 159 157 149 139 135 131 129 127 125 124 123 122 121 119 118 115 114 113 112 109 108 98 97 96 95 94 93 92 91 90 89 88 87 86 85 84 83 82 81 80 79 78 77 76 75 74 73 72 71 70 68 67 61 59 58 57 56 55 54 44 43 42 41 40 39 38 37 36 35 34 33 31 29 28 27 26 25 24 23 22 21 20 19 18 17 16 
31 184 183 182 177 176 175 174 173 172 171 170 169 168 167 166 165 164 160 159 157 149 139 135 131 129 127 125 124 123 122 121 119 118 115 114 113 112 109 108 98 97 96 95 94 93 92 91 90 89 88 87 86 85 84 83 82 81 80 79 78 77 76 75 74 73 72 71 70 68 67 61 59 58 57 56 55 54 44 43 42 41 40 39 38 37 36 35 34 33 30 29 28 27 26 25 24 23 22 21 20 19 18 17 16 
32 110 106 69 66 65 64 62 60 53 52 51 50 49 48 16 15 14 13 12 11 10 9 8 7 6 5 4 3 2 1 0 
33 139 135 131 129 127 95 94 92 91 89 88 85 84 82 70 59 31 30 29 28 27 26 25 24 23 22 21 20 19 18 17 16 1 0 
34 157 95 94 92 91 89 88 85 84 82 70 59 31 30 29 28 27 26 25 24 23 22 21 20 19 18 17 16 1 0 
35 149 95 94 92 91 89 88 85 84 82 70 59 31 30 29 28 27 26 25 24 23 22 21 20 19 18 17 16 1 0 
36 182 177 176 31 30 29 28 27 26 25 24 23 22 21 20 19 18 17 16 1 0 
37 31 30 29 28 27 26 25 24 23 22 21 20 19 18 17 16 15 13 12 11 10 9 8 7 6 5 4 2 1 0 
38 31 30 29 28 27 26 25 24 23 22 21 20 19 18 17 16 15 13 12 11 10 9 8 7 6 5 2 1 0 
39 31 30 29 28 27 26 25 24 23 22 21 20 19 18 17 16 15 13 12 11 10 9 8 7 6 2 1 0 
40 31 30 29 28 27 26 25 24 23 22 21 20 19 18 17 16 15 13 12 11 10 9 8 7 2 1 0 
41 31 30 29 28 27 26 25 24 23 22 21 20 19 18 17 16 15 13 12 11 10 9 8 2 1 0 
42 31 30 29 28 27 26 25 24 23 22 21 20 19 18 17 16 15 13 12 11 10 9 2 1 0 
43 31 30 29 28 27 26 25 24 23 22 21 20 19 18 17 16 15 13 12 11 10 2 1 0 
44 31 30 29 28 27 26 25 24 23 22 21 20 19 18 17 16 13 12 11 10 2 1 0 
45 25 24 23 22 21 20 19 18 16 15 14 13 12 11 10 9 8 7 6 5 4 3 2 1 0 
46 25 24 23 22 21 20 19 16 15 14 13 12 11 10 9 8 7 6 5 4 3 2 1 0 
47 25 24 23 22 21 20 16 15 14 13 12 11 10 9 8 7 6 5 4 3 2 1 0 
48 180 179 163 162 161 155 154 153 152 151 147 146 145 144 143 142 141 137 136 134 133 132 130 128 120 117 116 111 110 106 105 104 103 102 101 100 99 69 66 65 64 63 62 60 53 52 51 50 49 32 25 24 23 22 21 16 15 14 13 12 11 10 9 8 7 6 5 4 3 2 1 0 
49 180 179 163 162 161 155 154 153 152 151 147 146 145 144 143 142 141 137 136 134 133 132 130 128 120 117 116 111 110 106 105 104 103 102 101 100 99 69 66 65 64 63 62 60 53 52 51 50 48 32 25 24 23 22 16 15 14 13 12 11 10 9 8 7 6 5 4 3 2 1 0 
50 180 179 163 162 161 155 154 153 152 151 147 146 145 144 143 142 141 137 136 134 133 132 130 128 120 117 116 111 110 106 105 104 103 102 101 100 99 69 66 65 64 63 62 60 53 52 51 49 48 32 25 24 23 16 15 14 13 12 11 10 9 8 7 6 5 4 3 2 1 0 
51 180 179 163 162 161 155 154 153 152 151 147 146 145 144 143 142 141 137 136 134 133 132 130 128 120 117 116 111 110 106 105 104 103 102 101 100 99 69 66 65 64 63 62 60 53 52 50 49 48 32 25 24 16 15 14 13 12 11 10 9 8 7 6 5 4 3 2 1 0 
52 180 179 163 162 161 155 154 153 152 151 147 146 145 144 143 142 141 137 136 134 133 132 130 128 120 117 116 111 110 106 105 104 103 102 101 100 99 69 66 65 64 63 62 60 53 51 50 49 48 32 25 16 15 14 13 12 11 10 9 8 7 6 5 4 3 2 1 0 
53 180 179 163 162 161 155 154 153 152 151 147 146 145 144 143 142 141 137 136 134 133 132 130 128 120 117 116 111 110 106 105 104 103 102 101 100 99 69 66 65 64 63 62 60 52 51 50 49 48 32 16 15 14 13 12 11 10 9 8 7 6 5 4 3 2 1 0 
54 31 30 29 28 27 26 25 24 23 22 21 20 19 18 17 16 13 12 11 2 1 0 
55 31 30 29 28 27 26 25 24 23 22 21 20 19 18 17 16 13 12 11 2 1 0 
56 31 30 29 28 27 26 25 24 23 22 21 20 19 18 17 16 13 12 2 1 0 
57 31 30 29 28 27 26 25 24 23 22 21 20 19 18 17 16 13 12 2 1 0 
58 31 30 29 28 27 26 25 24 23 22 21 20 19 18 17 16 13 2 1 0 
59 157 149 139 135 131 129 127 124 123 122 121 119 118 115 114 113 112 109 108 98 97 96 95 94 93 92 91 90 89 88 87 86 85 84 83 82 81 80 79 78 77 76 75 74 73 72 71 70 68 67 61 35 34 33 31 30 29 28 27 26 25 24 23 22 21 20 19 18 17 16 2 1 0 
60 155 154 153 152 151 147 146 145 144 143 142 141 137 136 134 133 132 130 128 120 117 116 111 110 106 105 104 103 102 101 100 99 69 66 65 64 63 62 53 52 51 50 49 48 32 16 15 14 13 12 11 10 9 8 7 6 5 4 3 2 1 0 
61 59 31 30 29 28 27 26 25 24 23 22 21 20 19 18 17 16 1 0 
62 155 154 153 152 151 147 146 145 144 143 142 141 137 136 134 133 132 130 128 120 117 116 111 110 106 105 104 103 102 101 100 99 69 66 65 64 63 60 53 52 51 50 49 48 32 16 15 14 13 12 11 10 9 8 7 6 5 4 3 2 1 0 
63 62 60 53 52 51 50 49 48 16 15 14 13 12 11 10 9 8 7 6 5 4 3 2 1 0 
64 155 154 153 152 151 147 146 145 144 143 142 141 137 136 134 133 132 130 128 120 117 116 111 110 106 105 104 103 102 101 100 99 69 66 65 62 60 53 52 51 50 49 48 32 16 15 14 13 12 11 10 9 8 7 6 5 4 3 2 1 0 
65 155 154 153 152 151 147 146 145 144 143 142 141 137 136 134 133 132 130 128 120 117 116 111 110 106 105 104 103 102 101 100 99 69 66 64 62 60 53 52 51 50 49 48 32 16 15 14 13 12 11 10 9 8 7 6 5 4 3 2 1 0 
66 155 154 153 152 151 147 146 145 144 143 142 141 137 136 134 133 132 130 128 120 117 116 111 110 106 105 104 103 102 101 100 99 69 65 64 62 60 53 52 51 50 49 48 32 16 15 14 13 12 11 10 9 8 7 6 5 4 3 2 1 0 
67 59 31 30 29 28 27 26 25 24 23 22 21 20 19 18 17 16 1 0 
68 73 72 71 70 59 31 30 29 28 27 26 25 24 23 22 21 20 19 18 17 16 1 0 
69 155 154 153 152 151 147 146 145 144 143 142 141 137 136 134 133 132 130 128 120 117 116 111 110 106 105 104 103 102 101 100 99 66 65 64 62 60 53 52 51 50 49 48 32 16 15 14 13 12 11 10 9 8 7 6 5 4 3 2 1 0 
70 157 149 139 135 131 129 127 124 123 122 121 119 118 115 114 113 112 109 108 98 97 96 95 94 93 92 91 90 89 88 87 86 85 84 83 82 81 80 79 78 77 76 75 74 73 72 71 68 59 35 34 33 31 30 29 28 27 26 25 24 23 22 21 20 19 18 17 16 1 0 
71 70 68 59 31 30 29 28 27 26 25 24 23 22 21 20 19 18 17 16 1 0 
72 73 70 68 59 31 30 29 28 27 26 25 24 23 22 21 20 19 18 17 16 1 0 
73 72 70 68 59 31 30 29 28 27 26 25 24 23 22 21 20 19 18 17 16 1 0 
74 70 59 31 30 29 28 27 26 25 24 23 22 21 20 19 18 17 16 1 0 
75 70 59 31 30 29 28 27 26 25 24 23 22 21 20 19 18 17 16 1 0 
76 80 79 78 77 70 59 31 30 29 28 27 26 25 24 23 22 21 20 19 18 17 16 1 0 
77 82 81 80 79 78 76 70 59 31 30 29 28 27 26 25 24 23 22 21 20 19 18 17 16 1 0 
78 83 82 81 80 79 77 76 70 59 31 30 29 28 27 26 25 24 23 22 21 20 19 18 17 16 1 0 
79 84 83 82 81 80 78 77 76 70 59 31 30 29 28 27 26 25 24 23 22 21 20 19 18 17 16 1 0 
80 86 85 84 83 82 81 79 78 77 76 70 59 31 30 29 28 27 26 25 24 23 22 21 20 19 18 17 16 1 0 
81 88 87 86 85 84 83 82 80 79 78 77 70 59 31 30 29 28 27 26 25 24 23 22 21 20 19 18 17 16 1 0 
82 157 149 139 135 131 129 127 124 123 122 121 119 118 115 114 113 112 109 108 98 97 96 95 94 93 92 91 90 89 88 87 86 85 84 83 81 80 79 78 77 70 59 35 34 33 31 30 29 28 27 26 25 24 23 22 21 20 19 18 17 16 1 0 
83 85 84 82 81 80 79 78 70 59 31 30 29 28 27 26 25 24 23 22 21 20 19 18 17 16 1 0 
84 157 149 139 135 131 129 127 124 123 122 121 119 118 115 114 113 112 109 108 98 97 96 95 94 93 92 91 90 89 88 87 86 85 83 82 81 80 79 70 59 35 34 33 31 30 29 28 27 26 25 24 23 22 21 20 19 18 17 16 1 0 
85 157 149 139 135 131 129 127 124 123 122 121 119 118 115 114 113 112 109 108 98 97 96 95 94 93 92 91 90 89 88 87 86 84 83 82 81 80 70 59 35 34 33 31 30 29 28 27 26 25 24 23 22 21 20 19 18 17 16 1 0 
86 91 90 89 88 87 85 84 82 81 80 70 59 31 30 29 28 27 26 25 24 23 22 21 20 19 18 17 16 1 0 
87 94 93 92 91 90 89 88 86 85 84 82 81 70 59 31 30 29 28 27 26 25 24 23 22 21 20 19 18 17 16 1 0 
88 157 149 139 135 131 129 127 124 123 122 121 119 118 115 114 113 112 109 108 98 97 96 95 94 93 92 91 90 89 87 86 85 84 82 81 70 59 35 34 33 31 30 29 28 27 26 25 24 23 22 21 20 19 18 17 16 1 0 
89 157 149 139 135 131 129 127 124 123 122 121 119 118 115 114 113 112 109 108 98 97 96 95 94 93 92 91 90 88 87 86 85 84 82 70 59 35 34 33 31 30 29 28 27 26 25 24 23 22 21 20 19 18 17 16 1 0 
90 89 88 87 86 85 84 82 70 59 31 30 29 28 27 26 25 24 23 22 21 20 19 18 17 16 1 0 
91 157 149 139 135 131 129 127 124 123 122 121 119 118 115 114 113 112 109 108 98 97 96 95 94 93 92 89 88 87 86 85 84 82 70 59 35 34 33 31 30 29 28 27 26 25 24 23 22 21 20 19 18 17 16 1 0 
92 157 149 139 135 131 129 127 124 123 122 121 119 118 115 114 113 112 109 108 98 97 96 95 94 93 91 89 88 87 85 84 82 70 59 35 34 33 31 30 29 28 27 26 25 24 23 22 21 20 19 18 17 16 1 0 
93 92 91 89 88 87 85 84 82 70 59 31 30 29 28 27 26 25 24 23 22 21 20 19 18 17 16 1 0 
94 157 149 139 135 131 129 127 124 123 122 121 119 118 115 114 113 112 109 108 98 97 96 95 92 91 89 88 87 85 84 82 70 59 35 34 33 31 30 29 28 27 26 25 24 23 22 21 20 19 18 17 16 1 0 
95 157 149 139 135 131 129 127 124 123 122 121 119 118 115 114 113 112 109 108 98 97 96 94 92 91 89 88 85 84 82 70 59 35 34 33 31 30 29 28 27 26 25 24 23 22 21 20 19 18 17 16 1 0 
96 95 94 92 91 89 88 85 84 82 70 59 31 30 29 28 27 26 25 24 23 22 21 20 19 18 17 16 1 0 
97 98 95 94 92 91 89 88 85 84 82 70 59 31 30 29 28 27 26 25 24 23 22 21 20 19 18 17 16 1 0 
98 97 95 94 92 91 89 88 85 84 82 70 59 31 30 29 28 27 26 25 24 23 22 21 20 19 18 17 16 1 0 
99 69 66 65 64 62 60 53 52 51 50 49 48 16 15 14 13 12 11 10 9 8 7 6 5 4 3 2 1 0 
100 69 66 65 64 62 60 53 52 51 50 49 48 16 15 14 13 12 11 10 9 8 7 6 5 4 3 2 1 0 
101 69 66 65 64 62 60 53 52 51 50 49 48 16 15 14 13 12 11 10 9 8 7 6 5 4 3 2 1 0 
102 69 66 65 64 62 60 53 52 51 50 49 48 16 15 14 13 12 11 10 9 8 7 6 5 4 3 2 1 0 
103 69 66 65 64 62 60 53 52 51 50 49 48 16 15 14 13 12 11 10 9 8 7 6 5 4 3 2 1 0 
104 69 66 65 64 62 60 53 52 51 50 49 48 16 15 14 13 12 11 10 9 8 7 6 5 4 3 2 1 0 
105 69 66 65 64 62 60 53 52 51 50 49 48 16 15 14 13 12 11 10 9 8 7 6 5 4 3 2 1 0 
106 155 154 153 152 151 69 66 65 64 62 60 53 52 51 50 49 48 32 16 15 14 13 12 11 10 9 8 7 6 5 4 3 2 1 0 
107 
108 109 95 94 92 91 89 88 85 84 82 70 59 31 30 29 28 27 26 25 24 23 22 21 20 19 18 17 16 1 0 
109 108 95 94 92 91 89 88 85 84 82 70 59 31 30 29 28 27 26 25 24 23 22 21 20 19 18 17 16 1 0 
110 69 66 65 64 62 60 53 52 51 50 49 48 32 16 15 14 13 12 11 10 9 8 7 6 5 4 3 2 1 0 
111 69 66 65 64 62 60 53 52 51 50 49 48 16 15 14 13 12 11 10 9 8 7 6 5 4 3 2 1 0 
112 115 114 113 95 94 92 91 89 88 85 84 82 70 59 31 30 29 28 27 26 25 24 23 22 21 20 19 18 17 16 1 0 
113 115 114 112 95 94 92 91 89 88 85 84 82 70 59 31 30 29 28 27 26 25 24 23 22 21 20 19 18 17 16 1 0 
114 115 113 112 95 94 92 91 89 88 85 84 82 70 59 31 30 29 28 27 26 25 24 23 22 21 20 19 18 17 16 1 0 
115 119 118 114 113 112 95 94 92 91 89 88 85 84 82 70 59 31 30 29 28 27 26 25 24 23 22 21 20 19 18 17 16 1 0 
116 117 69 66 65 64 62 60 53 52 51 50 49 48 16 15 14 13 12 11 10 9 8 7 6 5 4 3 2 1 0 
117 116 69 66 65 64 62 60 53 52 51 50 49 48 16 15 14 13 12 11 10 9 8 7 6 5 4 3 2 1 0 
118 119 115 95 94 92 91 89 88 85 84 82 70 59 31 30 29 28 27 26 25 24 23 22 21 20 19 18 17 16 1 0 
119 118 115 95 94 92 91 89 88 85 84 82 70 59 31 30 29 28 27 26 25 24 23 22 21 20 19 18 17 16 1 0 
120 69 66 65 64 62 60 53 52 51 50 49 48 16 15 14 13 12 11 10 9 8 7 6 5 4 3 2 1 0 
121 95 94 92 91 89 88 85 84 82 70 59 31 30 29 28 27 26 25 24 23 22 21 20 19 18 17 16 1 0 
122 123 95 94 92 91 89 88 85 84 82 70 59 31 30 29 28 27 26 25 24 23 22 21 20 19 18 17 16 1 0 
123 122 95 94 92 91 89 88 85 84 82 70 59 31 30 29 28 27 26 25 24 23 22 21 20 19 18 17 16 1 0 
124 95 94 92 91 89 88 85 84 82 70 59 31 30 29 28 27 26 25 24 23 22 21 20 19 18 17 16 1 0 
125 31 30 29 28 27 26 25 24 23 22 21 20 19 18 17 16 1 0 
126 
127 135 131 129 95 94 92 91 89 88 85 84 82 70 59 33 31 30 29 28 27 26 25 24 23 22 21 20 19 18 17 16 1 0 
128 133 132 130 69 66 65 64 62 60 53 52 51 50 49 48 16 15 14 13 12 11 10 9 8 7 6 5 4 3 2 1 0 
129 127 95 94 92 91 89 88 85 84 82 70 59 33 31 30 29 28 27 26 25 24 23 22 21 20 19 18 17 16 1 0 
130 132 128 69 66 65 64 62 60 53 52 51 50 49 48 16 15 14 13 12 11 10 9 8 7 6 5 4 3 2 1 0 
131 127 95 94 92 91 89 88 85 84 82 70 59 33 31 30 29 28 27 26 25 24 23 22 21 20 19 18 17 16 1 0 
132 130 128 69 66 65 64 62 60 53 52 51 50 49 48 16 15 14 13 12 11 10 9 8 7 6 5 4 3 2 1 0 
133 128 69 66 65 64 62 60 53 52 51 50 49 48 16 15 14 13 12 11 10 9 8 7 6 5 4 3 2 1 0 
134 136 69 66 65 64 62 60 53 52 51 50 49 48 16 15 14 13 12 11 10 9 8 7 6 5 4 3 2 1 0 
135 127 95 94 92 91 89 88 85 84 82 70 59 33 31 30 29 28 27 26 25 24 23 22 21 20 19 18 17 16 1 0 
136 134 69 66 65 64 62 60 53 52 51 50 49 48 16 15 14 13 12 11 10 9 8 7 6 5 4 3 2 1 0 
137 69 66 65 64 62 60 53 52 51 50 49 48 16 15 14 13 12 11 10 9 8 7 6 5 4 3 2 1 0 
138 
139 95 94 92 91 89 88 85 84 82 70 59 33 31 30 29 28 27 26 25 24 23 22 21 20 19 18 17 16 1 0 
140 
141 144 143 142 69 66 65 64 62 60 53 52 51 50 49 48 16 15 14 13 12 11 10 9 8 7 6 5 4 3 2 1 0 
142 143 141 69 66 65 64 62 60 53 52 51 50 49 48 16 15 14 13 12 11 10 9 8 7 6 5 4 3 2 1 0 
143 142 141 69 66 65 64 62 60 53 52 51 50 49 48 16 15 14 13 12 11 10 9 8 7 6 5 4 3 2 1 0 
144 141 69 66 65 64 62 60 53 52 51 50 49 48 16 15 14 13 12 11 10 9 8 7 6 5 4 3 2 1 0 
145 146 69 66 65 64 62 60 53 52 51 50 49 48 16 15 14 13 12 11 10 9 8 7 6 5 4 3 2 1 0 
146 145 69 66 65 64 62 60 53 52 51 50 49 48 16 15 14 13 12 11 10 9 8 7 6 5 4 3 2 1 0 
147 69 66 65 64 62 60 53 52 51 50 49 48 16 15 14 13 12 11 10 9 8 7 6 5 4 3 2 1 0 
148 
149 95 94 92 91 89 88 85 84 82 70 59 35 31 30 29 28 27 26 25 24 23 22 21 20 19 18 17 16 1 0 
150 
151 106 69 66 65 64 62 60 53 52 51 50 49 48 16 15 14 13 12 11 10 9 8 7 6 5 4 3 2 1 0 
152 106 69 66 65 64 62 60 53 52 51 50 49 48 16 15 14 13 12 11 10 9 8 7 6 5 4 3 2 1 0 
153 106 69 66 65 64 62 60 53 52 51 50 49 48 16 15 14 13 12 11 10 9 8 7 6 5 4 3 2 1 0 
154 106 69 66 65 64 62 60 53 52 51 50 49 48 16 15 14 13 12 11 10 9 8 7 6 5 4 3 2 1 0 
155 106 69 66 65 64 62 60 53 52 51 50 49 48 16 15 14 13 12 11 10 9 8 7 6 5 4 3 2 1 0 
156 
157 95 94 92 91 89 88 85 84 82 70 59 34 31 30 29 28 27 26 25 24 23 22 21 20 19 18 17 16 1 0 
158 
159 160 31 30 29 28 27 26 25 24 23 22 21 20 19 18 17 16 1 0 
160 159 31 30 29 28 27 26 25 24 23 22 21 20 19 18 17 16 1 0 
161 163 162 53 52 51 50 49 48 25 24 23 22 21 20 19 18 16 15 14 13 12 11 10 9 8 7 6 5 4 3 2 1 0 
162 163 161 53 52 51 50 49 48 25 24 23 22 21 20 19 16 15 14 13 12 11 10 9 8 7 6 5 4 3 2 1 0 
163 162 161 53 52 51 50 49 48 25 24 23 22 21 20 16 15 14 13 12 11 10 9 8 7 6 5 4 3 2 1 0 
164 165 31 30 29 28 27 26 25 24 23 22 21 20 19 18 17 16 1 0 
165 164 31 30 29 28 27 26 25 24 23 22 21 20 19 18 17 16 1 0 
166 173 172 171 170 169 168 167 31 30 29 28 27 26 25 24 23 22 21 20 19 18 17 16 1 0 
167 173 172 171 170 169 168 166 31 30 29 28 27 26 25 24 23 22 21 20 19 18 17 16 15 1 0 
168 173 172 171 170 169 167 166 31 30 29 28 27 26 25 24 23 22 21 20 19 18 17 16 15 9 1 0 
169 173 172 171 170 168 167 166 31 30 29 28 27 26 25 24 23 22 21 20 19 18 17 16 15 9 8 1 0 
170 173 172 171 169 168 167 166 31 30 29 28 27 26 25 24 23 22 21 20 19 18 17 16 15 9 8 7 1 0 
171 173 172 170 169 168 167 166 31 30 29 28 27 26 25 24 23 22 21 20 19 18 17 16 15 9 8 7 6 1 0 
172 173 171 170 169 168 167 166 31 30 29 28 27 26 25 24 23 22 21 20 19 18 17 16 15 9 8 7 6 5 1 0 
173 172 171 170 169 168 167 166 31 30 29 28 27 26 25 24 23 22 21 20 19 18 17 16 15 9 8 7 6 5 4 1 0 
174 175 31 30 29 28 27 26 25 24 23 22 21 20 19 18 17 16 1 0 
175 176 174 31 30 29 28 27 26 25 24 23 22 21 20 19 18 17 16 1 0 
176 182 177 175 36 31 30 29 28 27 26 25 24 23 22 21 20 19 18 17 16 1 0 
177 182 176 36 31 30 29 28 27 26 25 24 23 22 21 20 19 18 17 16 1 0 
178 
179 53 52 51 50 49 48 16 15 14 13 12 11 10 9 8 7 6 5 4 3 2 1 0 
180 53 52 51 50 49 48 16 15 14 13 12 11 10 9 8 7 6 5 4 3 2 1 0 
181 
182 177 176 36 31 30 29 28 27 26 25 24 23 22 21 20 19 18 17 16 1 0 
183 31 30 29 28 27 26 25 24 23 22 21 20 19 18 17 16 1 0 
184 31 30 29 28 27 26 25 24 23 22 21 20 19 18 17 16 1 0 

