0 185 184 183 181 180 178 177 176 175 174 173 172 171 170 169 168 167 166 165 164 163 162 161 160 158 156 155 154 153 152 150 148 147 146 145 144 143 142 140 138 137 136 135 134 133 132 131 130 129 128 126 125 124 123 122 121 120 119 118 117 116 115 114 113 112 111 110 109 108 106 105 104 103 102 101 100 99 98 97 96 95 94 93 92 91 90 89 88 87 86 85 84 83 82 81 80 79 78 77 76 75 74 73 72 71 70 69 68 67 66 65 64 63 62 61 60 59 58 57 56 55 54 53 52 51 50 49 48 47 46 45 44 43 42 41 40 39 38 37 36 35 34 33 32 15 14 13 12 11 10 9 8 7 6 5 4 3 2 1 
1 185 184 183 181 180 178 177 176 175 174 173 172 171 170 169 168 167 166 165 164 163 162 161 160 158 156 155 154 153 152 150 148 147 146 145 144 143 142 140 138 137 136 135 134 133 132 131 130 129 128 126 125 124 123 122 121 120 119 118 117 116 115 114 113 112 111 110 109 108 106 105 104 103 102 101 100 99 98 97 96 95 94 93 92 91 90 89 88 87 86 85 84 83 82 81 80 79 78 77 76 75 74 73 72 71 70 69 68 67 66 65 64 63 62 61 60 59 58 57 56 55 54 53 52 51 50 49 48 47 46 45 44 43 42 41 40 39 38 37 36 35 34 33 32 15 14 13 12 11 10 9 8 7 6 5 4 3 2 0 
16 185 184 183 181 180 178 177 176 175 174 173 172 171 170 169 168 167 166 165 164 163 162 161 160 158 156 155 154 153 152 150 148 147 146 145 144 143 142 140 138 137 136 135 134 133 132 131 130 129 128 126 125 124 123 122 121 120 119 118 117 116 115 114 113 112 111 110 109 108 106 105 104 103 102 101 100 99 98 97 96 95 94 93 92 91 90 89 88 87 86 85 84 83 82 81 80 79 78 77 76 75 74 73 72 71 70 69 68 67 66 65 64 63 62 61 60 59 58 57 56 55 54 53 52 51 50 49 48 47 46 45 44 43 42 41 40 39 38 37 36 35 34 33 32 31 30 29 28 27 26 25 24 23 22 21 20 19 18 17 
25 185 184 183 178 177 176 175 174 173 172 171 170 169 168 167 166 165 164 163 162 161 160 158 150 140 136 132 130 128 126 125 124 123 122 120 119 117 115 114 113 112 109 108 98 97 96 95 94 93 92 91 90 89 88 87 86 85 84 83 82 81 80 79 78 77 76 75 74 73 72 71 70 68 67 61 59 58 57 56 55 54 52 51 50 49 48 47 46 45 44 43 42 41 40 39 38 37 36 35 34 33 31 30 29 28 27 26 24 23 22 21 20 19 18 17 16 
24 185 184 183 178 177 176 175 174 173 172 171 170 169 168 167 166 165 164 163 162 161 160 158 150 140 136 132 130 128 126 125 124 123 122 120 119 117 115 114 113 112 109 108 98 97 96 95 94 93 92 91 90 89 88 87 86 85 84 83 82 81 80 79 78 77 76 75 74 73 72 71 70 68 67 61 59 58 57 56 55 54 51 50 49 48 47 46 45 44 43 42 41 40 39 38 37 36 35 34 33 31 30 29 28 27 26 25 23 22 21 20 19 18 17 16 
23 185 184 183 178 177 176 175 174 173 172 171 170 169 168 167 166 165 164 163 162 161 160 158 150 140 136 132 130 128 126 125 124 123 122 120 119 117 115 114 113 112 109 108 98 97 96 95 94 93 92 91 90 89 88 87 86 85 84 83 82 81 80 79 78 77 76 75 74 73 72 71 70 68 67 61 59 58 57 56 55 54 50 49 48 47 46 45 44 43 42 41 40 39 38 37 36 35 34 33 31 30 29 28 27 26 25 24 22 21 20 19 18 17 16 
22 185 184 183 178 177 176 175 174 173 172 171 170 169 168 167 166 165 164 163 162 161 160 158 150 140 136 132 130 128 126 125 124 123 122 120 119 117 115 114 113 112 109 108 98 97 96 95 94 93 92 91 90 89 88 87 86 85 84 83 82 81 80 79 78 77 76 75 74 73 72 71 70 68 67 61 59 58 57 56 55 54 49 48 47 46 45 44 43 42 41 40 39 38 37 36 35 34 33 31 30 29 28 27 26 25 24 23 21 20 19 18 17 16 
21 185 184 183 178 177 176 175 174 173 172 171 170 169 168 167 166 165 164 163 162 161 160 158 150 140 136 132 130 128 126 125 124 123 122 120 119 117 115 114 113 112 109 108 98 97 96 95 94 93 92 91 90 89 88 87 86 85 84 83 82 81 80 79 78 77 76 75 74 73 72 71 70 68 67 61 59 58 57 56 55 54 48 47 46 45 44 43 42 41 40 39 38 37 36 35 34 33 31 30 29 28 27 26 25 24 23 22 20 19 18 17 16 
20 185 184 183 178 177 176 175 174 173 172 171 170 169 168 167 166 165 164 163 162 161 160 158 150 140 136 132 130 128 126 125 124 123 122 120 119 117 115 114 113 112 109 108 98 97 96 95 94 93 92 91 90 89 88 87 86 85 84 83 82 81 80 79 78 77 76 75 74 73 72 71 70 68 67 61 59 58 57 56 55 54 47 46 45 44 43 42 41 40 39 38 37 36 35 34 33 31 30 29 28 27 26 25 24 23 22 21 19 18 17 16 
19 185 184 183 178 177 176 175 174 173 172 171 170 169 168 167 166 165 163 162 161 160 158 150 140 136 132 130 128 126 125 124 123 122 120 119 117 115 114 113 112 109 108 98 97 96 95 94 93 92 91 90 89 88 87 86 85 84 83 82 81 80 79 78 77 76 75 74 73 72 71 70 68 67 61 59 58 57 56 55 54 46 45 44 43 42 41 40 39 38 37 36 35 34 33 31 30 29 28 27 26 25 24 23 22 21 20 18 17 16 
18 185 184 183 178 177 176 175 174 173 172 171 170 169 168 167 166 165 162 161 160 158 150 140 136 132 130 128 126 125 124 123 122 120 119 117 115 114 113 112 109 108 98 97 96 95 94 93 92 91 90 89 88 87 86 85 84 83 82 81 80 79 78 77 76 75 74 73 72 71 70 68 67 61 59 58 57 56 55 54 45 44 43 42 41 40 39 38 37 36 35 34 33 31 30 29 28 27 26 25 24 23 22 21 20 19 17 16 
17 185 184 183 178 177 176 175 174 173 172 171 170 169 168 167 166 165 161 160 158 150 140 136 132 130 128 126 125 124 123 122 120 119 117 115 114 113 112 109 108 98 97 96 95 94 93 92 91 90 89 88 87 86 85 84 83 82 81 80 79 78 77 76 75 74 73 72 71 70 68 67 61 59 58 57 56 55 54 44 43 42 41 40 39 38 37 36 35 34 33 31 30 29 28 27 26 25 24 23 22 21 20 19 18 16 
26 185 184 183 178 177 176 175 174 173 172 171 170 169 168 167 166 165 161 160 158 150 140 136 132 130 128 126 125 124 123 122 120 119 117 115 114 113 112 109 108 98 97 96 95 94 93 92 91 90 89 88 87 86 85 84 83 82 81 80 79 78 77 76 75 74 73 72 71 70 68 67 61 59 58 57 56 55 54 44 43 42 41 40 39 38 37 36 35 34 33 31 30 29 28 27 25 24 23 22 21 20 19 18 17 16 
27 185 184 183 178 177 176 175 174 173 172 171 170 169 168 167 166 165 161 160 158 150 140 136 132 130 128 126 125 124 123 122 120 119 117 115 114 113 112 109 108 98 97 96 95 94 93 92 91 90 89 88 87 86 85 84 83 82 81 80 79 78 77 76 75 74 73 72 71 70 68 67 61 59 58 57 56 55 54 44 43 42 41 40 39 38 37 36 35 34 33 31 30 29 28 26 25 24 23 22 21 20 19 18 17 16 
28 185 184 183 178 177 176 175 174 173 172 171 170 169 168 167 166 165 161 160 158 150 140 136 132 130 128 126 125 124 123 122 120 119 117 115 114 113 112 109 108 98 97 96 95 94 93 92 91 90 89 88 87 86 85 84 83 82 81 80 79 78 77 76 75 74 73 72 71 70 68 67 61 59 58 57 56 55 54 44 43 42 41 40 39 38 37 36 35 34 33 31 30 29 27 26 25 24 23 22 21 20 19 18 17 16 
29 185 184 183 178 177 176 175 174 173 172 171 170 169 168 167 166 165 161 160 158 150 140 136 132 130 128 126 125 124 123 122 120 119 117 115 114 113 112 109 108 98 97 96 95 94 93 92 91 90 89 88 87 86 85 84 83 82 81 80 79 78 77 76 75 74 73 72 71 70 68 67 61 59 58 57 56 55 54 44 43 42 41 40 39 38 37 36 35 34 33 31 30 28 27 26 25 24 23 22 21 20 19 18 17 16 
30 185 184 183 178 177 176 175 174 173 172 171 170 169 168 167 166 165 161 160 158 150 140 136 132 130 128 126 125 124 123 122 120 119 117 115 114 113 112 109 108 98 97 96 95 94 93 92 91 90 89 88 87 86 85 84 83 82 81 80 79 78 77 76 75 74 73 72 71 70 68 67 61 59 58 57 56 55 54 44 43 42 41 40 39 38 37 36 35 34 33 31 29 28 27 26 25 24 23 22 21 20 19 18 17 16 
31 185 184 183 178 177 176 175 174 173 172 171 170 169 168 167 166 165 161 160 158 150 140 136 132 130 128 126 125 124 123 122 120 119 117 115 114 113 112 109 108 98 97 96 95 94 93 92 91 90 89 88 87 86 85 84 83 82 81 80 79 78 77 76 75 74 73 72 71 70 68 67 61 59 58 57 56 55 54 44 43 42 41 40 39 38 37 36 35 34 33 30 29 28 27 26 25 24 23 22 21 20 19 18 17 16 
2 181 180 164 163 162 156 155 154 153 152 148 147 146 145 144 143 142 138 137 135 134 133 131 129 121 118 116 111 110 106 105 104 103 102 101 100 99 69 66 65 64 63 62 60 59 58 57 56 55 54 53 52 51 50 49 48 47 46 45 44 43 42 41 40 39 38 37 32 15 14 13 12 11 10 9 8 7 6 5 4 3 1 0 
15 181 180 174 173 172 171 170 169 168 164 163 162 156 155 154 153 152 148 147 146 145 144 143 142 138 137 135 134 133 131 129 121 118 116 111 110 106 105 104 103 102 101 100 99 69 66 65 64 63 62 60 53 52 51 50 49 48 47 46 45 43 42 41 40 39 38 37 32 14 13 12 11 10 9 8 7 6 5 4 3 2 1 0 
13 181 180 164 163 162 156 155 154 153 152 148 147 146 145 144 143 142 138 137 135 134 133 131 129 121 118 116 111 110 106 105 104 103 102 101 100 99 69 66 65 64 63 62 60 58 57 56 55 54 53 52 51 50 49 48 47 46 45 44 43 42 41 40 39 38 37 32 15 14 12 11 10 9 8 7 6 5 4 3 2 1 0 
9 181 180 174 173 172 171 170 169 164 163 162 156 155 154 153 152 148 147 146 145 144 143 142 138 137 135 134 133 131 129 121 118 116 111 110 106 105 104 103 102 101 100 99 69 66 65 64 63 62 60 53 52 51 50 49 48 47 46 45 42 41 40 39 38 37 32 15 14 13 12 11 10 8 7 6 5 4 3 2 1 0 
12 181 180 164 163 162 156 155 154 153 152 148 147 146 145 144 143 142 138 137 135 134 133 131 129 121 118 116 111 110 106 105 104 103 102 101 100 99 69 66 65 64 63 62 60 57 56 55 54 53 52 51 50 49 48 47 46 45 44 43 42 41 40 39 38 37 32 15 14 13 11 10 9 8 7 6 5 4 3 2 1 0 
11 181 180 164 163 162 156 155 154 153 152 148 147 146 145 144 143 142 138 137 135 134 133 131 129 121 118 116 111 110 106 105 104 103 102 101 100 99 69 66 65 64 63 62 60 55 54 53 52 51 50 49 48 47 46 45 44 43 42 41 40 39 38 37 32 15 14 13 12 10 9 8 7 6 5 4 3 2 1 0 
8 181 180 174 173 172 171 170 164 163 162 156 155 154 153 152 148 147 146 145 144 143 142 138 137 135 134 133 131 129 121 118 116 111 110 106 105 104 103 102 101 100 99 69 66 65 64 63 62 60 53 52 51 50 49 48 47 46 45 41 40 39 38 37 32 15 14 13 12 11 10 9 7 6 5 4 3 2 1 0 
7 181 180 174 173 172 171 164 163 162 156 155 154 153 152 148 147 146 145 144 143 142 138 137 135 134 133 131 129 121 118 116 111 110 106 105 104 103 102 101 100 99 69 66 65 64 63 62 60 53 52 51 50 49 48 47 46 45 40 39 38 37 32 15 14 13 12 11 10 9 8 6 5 4 3 2 1 0 
10 181 180 164 163 162 156 155 154 153 152 148 147 146 145 144 143 142 138 137 135 134 133 131 129 121 118 116 111 110 106 105 104 103 102 101 100 99 69 66 65 64 63 62 60 53 52 51 50 49 48 47 46 45 44 43 42 41 40 39 38 37 32 15 14 13 12 11 9 8 7 6 5 4 3 2 1 0 
6 181 180 174 173 172 164 163 162 156 155 154 153 152 148 147 146 145 144 143 142 138 137 135 134 133 131 129 121 118 116 111 110 106 105 104 103 102 101 100 99 69 66 65 64 63 62 60 53 52 51 50 49 48 47 46 45 39 38 37 32 15 14 13 12 11 10 9 8 7 5 4 3 2 1 0 
59 158 150 140 136 132 130 128 125 124 123 122 120 119 117 115 114 113 112 109 108 98 97 96 95 94 93 92 91 90 89 88 87 86 85 84 83 82 81 80 79 78 77 76 75 74 73 72 71 70 68 67 61 35 34 33 31 30 29 28 27 26 25 24 23 22 21 20 19 18 17 16 2 1 0 
5 181 180 174 173 164 163 162 156 155 154 153 152 148 147 146 145 144 143 142 138 137 135 134 133 131 129 121 118 116 111 110 106 105 104 103 102 101 100 99 69 66 65 64 63 62 60 53 52 51 50 49 48 47 46 45 38 37 32 15 14 13 12 11 10 9 8 7 6 4 3 2 1 0 
48 181 180 164 163 162 156 155 154 153 152 148 147 146 145 144 143 142 138 137 135 134 133 131 129 121 118 116 111 110 106 105 104 103 102 101 100 99 69 66 65 64 63 62 60 53 52 51 50 49 32 25 24 23 22 21 16 15 14 13 12 11 10 9 8 7 6 5 4 3 2 1 0 
49 181 180 164 163 162 156 155 154 153 152 148 147 146 145 144 143 142 138 137 135 134 133 131 129 121 118 116 111 110 106 105 104 103 102 101 100 99 69 66 65 64 63 62 60 53 52 51 50 48 32 25 24 23 22 16 15 14 13 12 11 10 9 8 7 6 5 4 3 2 1 0 
4 181 180 174 164 163 162 156 155 154 153 152 148 147 146 145 144 143 142 138 137 135 134 133 131 129 121 118 116 111 110 106 105 104 103 102 101 100 99 69 66 65 64 63 62 60 53 52 51 50 49 48 47 46 45 37 32 15 14 13 12 11 10 9 8 7 6 5 3 2 1 0 
70 158 150 140 136 132 130 128 125 124 123 122 120 119 117 115 114 113 112 109 108 98 97 96 95 94 93 92 91 90 89 88 87 86 85 84 83 82 81 80 79 78 77 76 75 74 73 72 71 68 59 35 34 33 31 30 29 28 27 26 25 24 23 22 21 20 19 18 17 16 1 0 
50 181 180 164 163 162 156 155 154 153 152 148 147 146 145 144 143 142 138 137 135 134 133 131 129 121 118 116 111 110 106 105 104 103 102 101 100 99 69 66 65 64 63 62 60 53 52 51 49 48 32 25 24 23 16 15 14 13 12 11 10 9 8 7 6 5 4 3 2 1 0 
51 181 180 164 163 162 156 155 154 153 152 148 147 146 145 144 143 142 138 137 135 134 133 131 129 121 118 116 111 110 106 105 104 103 102 101 100 99 69 66 65 64 63 62 60 53 52 50 49 48 32 25 24 16 15 14 13 12 11 10 9 8 7 6 5 4 3 2 1 0 
3 181 180 164 163 162 156 155 154 153 152 148 147 146 145 144 143 142 138 137 135 134 133 131 129 121 118 116 111 110 106 105 104 103 102 101 100 99 69 66 65 64 63 62 60 53 52 51 50 49 48 47 46 45 32 15 14 13 12 11 10 9 8 7 6 5 4 2 1 0 
14 181 180 164 163 162 156 155 154 153 152 148 147 146 145 144 143 142 138 137 135 134 133 131 129 121 118 116 111 110 106 105 104 103 102 101 100 99 69 66 65 64 63 62 60 53 52 51 50 49 48 47 46 45 32 15 13 12 11 10 9 8 7 6 5 4 3 2 1 0 
52 181 180 164 163 162 156 155 154 153 152 148 147 146 145 144 143 142 138 137 135 134 133 131 129 121 118 116 111 110 106 105 104 103 102 101 100 99 69 66 65 64 63 62 60 53 51 50 49 48 32 25 16 15 14 13 12 11 10 9 8 7 6 5 4 3 2 1 0 
53 181 180 164 163 162 156 155 154 153 152 148 147 146 145 144 143 142 138 137 135 134 133 131 129 121 118 116 111 110 106 105 104 103 102 101 100 99 69 66 65 64 63 62 60 52 51 50 49 48 32 16 15 14 13 12 11 10 9 8 7 6 5 4 3 2 1 0 
82 158 150 140 136 132 130 128 125 124 123 122 120 119 117 115 114 113 112 109 108 98 97 96 95 94 93 92 91 90 89 88 87 86 85 84 83 81 80 79 78 77 70 59 35 34 33 31 30 29 28 27 26 25 24 23 22 21 20 19 18 17 16 1 0 
60 156 155 154 153 152 148 147 146 145 144 143 142 138 137 135 134 133 131 129 121 118 116 111 110 106 105 104 103 102 101 100 99 69 66 65 64 63 62 53 52 51 50 49 48 32 16 15 14 13 12 11 10 9 8 7 6 5 4 3 2 1 0 
62 156 155 154 153 152 148 147 146 145 144 143 142 138 137 135 134 133 131 129 121 118 116 111 110 106 105 104 103 102 101 100 99 69 66 65 64 63 60 53 52 51 50 49 48 32 16 15 14 13 12 11 10 9 8 7 6 5 4 3 2 1 0 
84 158 150 140 136 132 130 128 125 124 123 122 120 119 117 115 114 113 112 109 108 98 97 96 95 94 93 92 91 90 89 88 87 86 85 83 82 81 80 79 70 59 35 34 33 31 30 29 28 27 26 25 24 23 22 21 20 19 18 17 16 1 0 
69 156 155 154 153 152 148 147 146 145 144 143 142 138 137 135 134 133 131 129 121 118 116 111 110 106 105 104 103 102 101 100 99 66 65 64 62 60 53 52 51 50 49 48 32 16 15 14 13 12 11 10 9 8 7 6 5 4 3 2 1 0 
64 156 155 154 153 152 148 147 146 145 144 143 142 138 137 135 134 133 131 129 121 118 116 111 110 106 105 104 103 102 101 100 99 69 66 65 62 60 53 52 51 50 49 48 32 16 15 14 13 12 11 10 9 8 7 6 5 4 3 2 1 0 
65 156 155 154 153 152 148 147 146 145 144 143 142 138 137 135 134 133 131 129 121 118 116 111 110 106 105 104 103 102 101 100 99 69 66 64 62 60 53 52 51 50 49 48 32 16 15 14 13 12 11 10 9 8 7 6 5 4 3 2 1 0 
66 156 155 154 153 152 148 147 146 145 144 143 142 138 137 135 134 133 131 129 121 118 116 111 110 106 105 104 103 102 101 100 99 69 65 64 62 60 53 52 51 50 49 48 32 16 15 14 13 12 11 10 9 8 7 6 5 4 3 2 1 0 
85 158 150 140 136 132 130 128 125 124 123 122 120 119 117 115 114 113 112 109 108 98 97 96 95 94 93 92 91 90 89 88 87 86 84 83 82 81 80 70 59 35 34 33 31 30 29 28 27 26 25 24 23 22 21 20 19 18 17 16 1 0 
88 158 150 140 136 132 130 128 125 124 123 122 120 119 117 115 114 113 112 109 108 98 97 96 95 94 93 92 91 90 89 87 86 85 84 82 81 70 59 35 34 33 31 30 29 28 27 26 25 24 23 22 21 20 19 18 17 16 1 0 
89 158 150 140 136 132 130 128 125 124 123 122 120 119 117 115 114 113 112 109 108 98 97 96 95 94 93 92 91 90 88 87 86 85 84 82 70 59 35 34 33 31 30 29 28 27 26 25 24 23 22 21 20 19 18 17 16 1 0 
91 158 150 140 136 132 130 128 125 124 123 122 120 119 117 115 114 113 112 109 108 98 97 96 95 94 93 92 89 88 87 86 85 84 82 70 59 35 34 33 31 30 29 28 27 26 25 24 23 22 21 20 19 18 17 16 1 0 
92 158 150 140 136 132 130 128 125 124 123 122 120 119 117 115 114 113 112 109 108 98 97 96 95 94 93 91 89 88 87 85 84 82 70 59 35 34 33 31 30 29 28 27 26 25 24 23 22 21 20 19 18 17 16 1 0 
94 158 150 140 136 132 130 128 125 124 123 122 120 119 117 115 114 113 112 109 108 98 97 96 95 92 91 89 88 87 85 84 82 70 59 35 34 33 31 30 29 28 27 26 25 24 23 22 21 20 19 18 17 16 1 0 
95 158 150 140 136 132 130 128 125 124 123 122 120 119 117 115 114 113 112 109 108 98 97 96 94 92 91 89 88 85 84 82 70 59 35 34 33 31 30 29 28 27 26 25 24 23 22 21 20 19 18 17 16 1 0 
106 156 155 154 153 152 69 66 65 64 62 60 53 52 51 50 49 48 32 16 15 14 13 12 11 10 9 8 7 6 5 4 3 2 1 0 
33 140 136 132 130 128 95 94 92 91 89 88 85 84 82 70 59 31 30 29 28 27 26 25 24 23 22 21 20 19 18 17 16 1 0 
115 120 119 117 114 113 95 94 92 91 89 88 85 84 82 70 59 31 30 29 28 27 26 25 24 23 22 21 20 19 18 17 16 1 0 
128 136 132 130 95 94 92 91 89 88 85 84 82 70 59 33 31 30 29 28 27 26 25 24 23 22 21 20 19 18 17 16 1 0 
162 164 163 53 52 51 50 49 48 25 24 23 22 21 20 19 18 16 15 14 13 12 11 10 9 8 7 6 5 4 3 2 1 0 
129 134 133 131 69 66 65 64 62 60 53 52 51 50 49 48 16 15 14 13 12 11 10 9 8 7 6 5 4 3 2 1 0 
142 145 144 143 69 66 65 64 62 60 53 52 51 50 49 48 16 15 14 13 12 11 10 9 8 7 6 5 4 3 2 1 0 
87 94 93 92 91 90 89 88 86 85 84 82 81 70 59 31 30 29 28 27 26 25 24 23 22 21 20 19 18 17 16 1 0 
163 164 162 53 52 51 50 49 48 25 24 23 22 21 20 19 16 15 14 13 12 11 10 9 8 7 6 5 4 3 2 1 0 
174 173 172 171 170 169 168 167 31 30 29 28 27 26 25 24 23 22 21 20 19 18 17 16 15 9 8 7 6 5 4 1 0 
32 110 106 69 66 65 64 62 60 53 52 51 50 49 48 16 15 14 13 12 11 10 9 8 7 6 5 4 3 2 1 0 
113 115 114 95 94 92 91 89 88 85 84 82 70 59 31 30 29 28 27 26 25 24 23 22 21 20 19 18 17 16 1 0 
130 128 95 94 92 91 89 88 85 84 82 70 59 33 31 30 29 28 27 26 25 24 23 22 21 20 19 18 17 16 1 0 
131 133 129 69 66 65 64 62 60 53 52 51 50 49 48 16 15 14 13 12 11 10 9 8 7 6 5 4 3 2 1 0 
132 128 95 94 92 91 89 88 85 84 82 70 59 33 31 30 29 28 27 26 25 24 23 22 21 20 19 18 17 16 1 0 
133 131 129 69 66 65 64 62 60 53 52 51 50 49 48 16 15 14 13 12 11 10 9 8 7 6 5 4 3 2 1 0 
136 128 95 94 92 91 89 88 85 84 82 70 59 33 31 30 29 28 27 26 25 24 23 22 21 20 19 18 17 16 1 0 
114 115 113 95 94 92 91 89 88 85 84 82 70 59 31 30 29 28 27 26 25 24 23 22 21 20 19 18 17 16 1 0 
143 144 142 69 66 65 64 62 60 53 52 51 50 49 48 16 15 14 13 12 11 10 9 8 7 6 5 4 3 2 1 0 
144 143 142 69 66 65 64 62 60 53 52 51 50 49 48 16 15 14 13 12 11 10 9 8 7 6 5 4 3 2 1 0 
81 88 87 86 85 84 83 82 80 79 78 77 70 59 31 30 29 28 27 26 25 24 23 22 21 20 19 18 17 16 1 0 
119 120 115 95 94 92 91 89 88 85 84 82 70 59 31 30 29 28 27 26 25 24 23 22 21 20 19 18 17 16 1 0 
164 163 162 53 52 51 50 49 48 25 24 23 22 21 20 16 15 14 13 12 11 10 9 8 7 6 5 4 3 2 1 0 
173 174 172 171 170 169 168 167 31 30 29 28 27 26 25 24 23 22 21 20 19 18 17 16 15 9 8 7 6 5 1 0 
120 119 115 95 94 92 91 89 88 85 84 82 70 59 31 30 29 28 27 26 25 24 23 22 21 20 19 18 17 16 1 0 
98 97 95 94 92 91 89 88 85 84 82 70 59 31 30 29 28 27 26 25 24 23 22 21 20 19 18 17 16 1 0 
35 150 95 94 92 91 89 88 85 84 82 70 59 31 30 29 28 27 26 25 24 23 22 21 20 19 18 17 16 1 0 
108 109 95 94 92 91 89 88 85 84 82 70 59 31 30 29 28 27 26 25 24 23 22 21 20 19 18 17 16 1 0 
109 108 95 94 92 91 89 88 85 84 82 70 59 31 30 29 28 27 26 25 24 23 22 21 20 19 18 17 16 1 0 
110 69 66 65 64 62 60 53 52 51 50 49 48 32 16 15 14 13 12 11 10 9 8 7 6 5 4 3 2 1 0 
80 86 85 84 83 82 81 79 78 77 76 70 59 31 30 29 28 27 26 25 24 23 22 21 20 19 18 17 16 1 0 
134 129 69 66 65 64 62 60 53 52 51 50 49 48 16 15 14 13 12 11 10 9 8 7 6 5 4 3 2 1 0 
135 137 69 66 65 64 62 60 53 52 51 50 49 48 16 15 14 13 12 11 10 9 8 7 6 5 4 3 2 1 0 
86 91 90 89 88 87 85 84 82 81 80 70 59 31 30 29 28 27 26 25 24 23 22 21 20 19 18 17 16 1 0 
137 135 69 66 65 64 62 60 53 52 51 50 49 48 16 15 14 13 12 11 10 9 8 7 6 5 4 3 2 1 0 
140 95 94 92 91 89 88 85 84 82 70 59 33 31 30 29 28 27 26 25 24 23 22 21 20 19 18 17 16 1 0 
37 31 30 29 28 27 26 25 24 23 22 21 20 19 18 17 16 15 13 12 11 10 9 8 7 6 5 4 2 1 0 
116 118 69 66 65 64 62 60 53 52 51 50 49 48 16 15 14 13 12 11 10 9 8 7 6 5 4 3 2 1 0 
117 115 95 94 92 91 89 88 85 84 82 70 59 31 30 29 28 27 26 25 24 23 22 21 20 19 18 17 16 1 0 
145 142 69 66 65 64 62 60 53 52 51 50 49 48 16 15 14 13 12 11 10 9 8 7 6 5 4 3 2 1 0 
146 147 69 66 65 64 62 60 53 52 51 50 49 48 16 15 14 13 12 11 10 9 8 7 6 5 4 3 2 1 0 
147 146 69 66 65 64 62 60 53 52 51 50 49 48 16 15 14 13 12 11 10 9 8 7 6 5 4 3 2 1 0 
150 95 94 92 91 89 88 85 84 82 70 59 35 31 30 29 28 27 26 25 24 23 22 21 20 19 18 17 16 1 0 
152 106 69 66 65 64 62 60 53 52 51 50 49 48 16 15 14 13 12 11 10 9 8 7 6 5 4 3 2 1 0 
153 106 69 66 65 64 62 60 53 52 51 50 49 48 16 15 14 13 12 11 10 9 8 7 6 5 4 3 2 1 0 
154 106 69 66 65 64 62 60 53 52 51 50 49 48 16 15 14 13 12 11 10 9 8 7 6 5 4 3 2 1 0 
155 106 69 66 65 64 62 60 53 52 51 50 49 48 16 15 14 13 12 11 10 9 8 7 6 5 4 3 2 1 0 
156 106 69 66 65 64 62 60 53 52 51 50 49 48 16 15 14 13 12 11 10 9 8 7 6 5 4 3 2 1 0 
158 95 94 92 91 89 88 85 84 82 70 59 34 31 30 29 28 27 26 25 24 23 22 21 20 19 18 17 16 1 0 
118 116 69 66 65 64 62 60 53 52 51 50 49 48 16 15 14 13 12 11 10 9 8 7 6 5 4 3 2 1 0 
34 158 95 94 92 91 89 88 85 84 82 70 59 31 30 29 28 27 26 25 24 23 22 21 20 19 18 17 16 1 0 
97 98 95 94 92 91 89 88 85 84 82 70 59 31 30 29 28 27 26 25 24 23 22 21 20 19 18 17 16 1 0 
172 174 173 171 170 169 168 167 31 30 29 28 27 26 25 24 23 22 21 20 19 18 17 16 15 9 8 7 6 1 0 
123 124 95 94 92 91 89 88 85 84 82 70 59 31 30 29 28 27 26 25 24 23 22 21 20 19 18 17 16 1 0 
124 123 95 94 92 91 89 88 85 84 82 70 59 31 30 29 28 27 26 25 24 23 22 21 20 19 18 17 16 1 0 
101 69 66 65 64 62 60 53 52 51 50 49 48 16 15 14 13 12 11 10 9 8 7 6 5 4 3 2 1 0 
102 69 66 65 64 62 60 53 52 51 50 49 48 16 15 14 13 12 11 10 9 8 7 6 5 4 3 2 1 0 
148 69 66 65 64 62 60 53 52 51 50 49 48 16 15 14 13 12 11 10 9 8 7 6 5 4 3 2 1 0 
103 69 66 65 64 62 60 53 52 51 50 49 48 16 15 14 13 12 11 10 9 8 7 6 5 4 3 2 1 0 
104 69 66 65 64 62 60 53 52 51 50 49 48 16 15 14 13 12 11 10 9 8 7 6 5 4 3 2 1 0 
105 69 66 65 64 62 60 53 52 51 50 49 48 16 15 14 13 12 11 10 9 8 7 6 5 4 3 2 1 0 
38 31 30 29 28 27 26 25 24 23 22 21 20 19 18 17 16 15 13 12 11 10 9 8 7 6 5 2 1 0 
96 95 94 92 91 89 88 85 84 82 70 59 31 30 29 28 27 26 25 24 23 22 21 20 19 18 17 16 1 0 
99 69 66 65 64 62 60 53 52 51 50 49 48 16 15 14 13 12 11 10 9 8 7 6 5 4 3 2 1 0 
121 69 66 65 64 62 60 53 52 51 50 49 48 16 15 14 13 12 11 10 9 8 7 6 5 4 3 2 1 0 
138 69 66 65 64 62 60 53 52 51 50 49 48 16 15 14 13 12 11 10 9 8 7 6 5 4 3 2 1 0 
122 95 94 92 91 89 88 85 84 82 70 59 31 30 29 28 27 26 25 24 23 22 21 20 19 18 17 16 1 0 
100 69 66 65 64 62 60 53 52 51 50 49 48 16 15 14 13 12 11 10 9 8 7 6 5 4 3 2 1 0 
171 174 173 172 170 169 168 167 31 30 29 28 27 26 25 24 23 22 21 20 19 18 17 16 15 9 8 7 1 0 
111 69 66 65 64 62 60 53 52 51 50 49 48 16 15 14 13 12 11 10 9 8 7 6 5 4 3 2 1 0 
125 95 94 92 91 89 88 85 84 82 70 59 31 30 29 28 27 26 25 24 23 22 21 20 19 18 17 16 1 0 
112 95 94 92 91 89 88 85 84 82 70 59 31 30 29 28 27 26 25 24 23 22 21 20 19 18 17 16 1 0 
79 84 83 82 81 80 78 77 76 70 59 31 30 29 28 27 26 25 24 23 22 21 20 19 18 17 16 1 0 
39 31 30 29 28 27 26 25 24 23 22 21 20 19 18 17 16 15 13 12 11 10 9 8 7 6 2 1 0 
93 92 91 89 88 87 85 84 82 70 59 31 30 29 28 27 26 25 24 23 22 21 20 19 18 17 16 1 0 
170 174 173 172 171 169 168 167 31 30 29 28 27 26 25 24 23 22 21 20 19 18 17 16 15 9 8 1 0 
90 89 88 87 86 85 84 82 70 59 31 30 29 28 27 26 25 24 23 22 21 20 19 18 17 16 1 0 
40 31 30 29 28 27 26 25 24 23 22 21 20 19 18 17 16 15 13 12 11 10 9 8 7 2 1 0 
78 83 82 81 80 79 77 76 70 59 31 30 29 28 27 26 25 24 23 22 21 20 19 18 17 16 1 0 
83 85 84 82 81 80 79 78 70 59 31 30 29 28 27 26 25 24 23 22 21 20 19 18 17 16 1 0 
169 174 173 172 171 170 168 167 31 30 29 28 27 26 25 24 23 22 21 20 19 18 17 16 15 9 1 0 
41 31 30 29 28 27 26 25 24 23 22 21 20 19 18 17 16 15 13 12 11 10 9 8 2 1 0 
77 82 81 80 79 78 76 70 59 31 30 29 28 27 26 25 24 23 22 21 20 19 18 17 16 1 0 
168 174 173 172 171 170 169 167 31 30 29 28 27 26 25 24 23 22 21 20 19 18 17 16 15 1 0 
167 174 173 172 171 170 169 168 31 30 29 28 27 26 25 24 23 22 21 20 19 18 17 16 1 0 
42 31 30 29 28 27 26 25 24 23 22 21 20 19 18 17 16 15 13 12 11 10 9 2 1 0 
63 62 60 53 52 51 50 49 48 16 15 14 13 12 11 10 9 8 7 6 5 4 3 2 1 0 
45 25 24 23 22 21 20 19 18 16 15 14 13 12 11 10 9 8 7 6 5 4 3 2 1 0 
43 31 30 29 28 27 26 25 24 23 22 21 20 19 18 17 16 15 13 12 11 10 2 1 0 
76 80 79 78 77 70 59 31 30 29 28 27 26 25 24 23 22 21 20 19 18 17 16 1 0 
46 25 24 23 22 21 20 19 16 15 14 13 12 11 10 9 8 7 6 5 4 3 2 1 0 
44 31 30 29 28 27 26 25 24 23 22 21 20 19 18 17 16 13 12 11 10 2 1 0 
68 73 72 71 70 59 31 30 29 28 27 26 25 24 23 22 21 20 19 18 17 16 1 0 
47 25 24 23 22 21 20 16 15 14 13 12 11 10 9 8 7 6 5 4 3 2 1 0 
180 53 52 51 50 49 48 16 15 14 13 12 11 10 9 8 7 6 5 4 3 2 1 0 
181 53 52 51 50 49 48 16 15 14 13 12 11 10 9 8 7 6 5 4 3 2 1 0 
54 31 30 29 28 27 26 25 24 23 22 21 20 19 18 17 16 13 12 11 2 1 0 
55 31 30 29 28 27 26 25 24 23 22 21 20 19 18 17 16 13 12 11 2 1 0 
177 183 178 176 36 31 30 29 28 27 26 25 24 23 22 21 20 19 18 17 16 1 0 
72 73 70 68 59 31 30 29 28 27 26 25 24 23 22 21 20 19 18 17 16 1 0 
73 72 70 68 59 31 30 29 28 27 26 25 24 23 22 21 20 19 18 17 16 1 0 
71 70 68 59 31 30 29 28 27 26 25 24 23 22 21 20 19 18 17 16 1 0 
56 31 30 29 28 27 26 25 24 23 22 21 20 19 18 17 16 13 12 2 1 0 
178 183 177 36 31 30 29 28 27 26 25 24 23 22 21 20 19 18 17 16 1 0 
57 31 30 29 28 27 26 25 24 23 22 21 20 19 18 17 16 13 12 2 1 0 
36 183 178 177 31 30 29 28 27 26 25 24 23 22 21 20 19 18 17 16 1 0 
183 178 177 36 31 30 29 28 27 26 25 24 23 22 21 20 19 18 17 16 1 0 
58 31 30 29 28 27 26 25 24 23 22 21 20 19 18 17 16 13 2 1 0 
74 70 59 31 30 29 28 27 26 25 24 23 22 21 20 19 18 17 16 1 0 
176 177 175 31 30 29 28 27 26 25 24 23 22 21 20 19 18 17 16 1 0 
75 70 59 31 30 29 28 27 26 25 24 23 22 21 20 19 18 17 16 1 0 
175 176 31 30 29 28 27 26 25 24 23 22 21 20 19 18 17 16 1 0 
61 59 31 30 29 28 27 26 25 24 23 22 21 20 19 18 17 16 1 0 
160 161 31 30 29 28 27 26 25 24 23 22 21 20 19 18 17 16 1 0 
165 166 31 30 29 28 27 26 25 24 23 22 21 20 19 18 17 16 1 0 
166 165 31 30 29 28 27 26 25 24 23 22 21 20 19 18 17 16 1 0 
161 160 31 30 29 28 27 26 25 24 23 22 21 20 19 18 17 16 1 0 
67 59 31 30 29 28 27 26 25 24 23 22 21 20 19 18 17 16 1 0 
126 31 30 29 28 27 26 25 24 23 22 21 20 19 18 17 16 1 0 
184 31 30 29 28 27 26 25 24 23 22 21 20 19 18 17 16 1 0 
185 31 30 29 28 27 26 25 24 23 22 21 20 19 18 17 16 1 0 
107 
139 
127 
179 
149 
141 
182 
157 
151 
159 

