0 196 194 191 190 188 186 183 180 177 176 175 173 172 168 165 164 163 162 161 160 159 156 153 152 151 150 149 148 147 146 145 144 143 141 138 137 136 135 134 130 129 128 127 126 125 124 120 119 117 116 113 111 110 108 107 106 103 101 98 95 92 90 89 87 86 84 82 79 76 74 73 72 70 67 66 64 63 62 61 59 58 56 55 54 53 52 51 50 49 48 47 46 45 44 43 42 41 40 39 38 37 36 35 34 33 32 15 14 13 12 11 10 9 8 7 6 5 4 3 2 1 
1 196 194 191 190 188 186 183 180 177 176 175 173 172 168 165 164 163 162 161 160 159 156 153 152 151 150 149 148 147 146 145 144 143 141 138 137 136 135 134 130 129 128 127 126 125 124 120 119 117 116 113 111 110 108 107 106 103 101 98 95 92 90 89 87 86 84 82 79 76 74 73 72 70 67 66 64 63 62 61 59 58 56 55 54 53 52 51 50 49 48 47 46 45 44 43 42 41 40 39 38 37 36 35 34 33 32 15 14 13 12 11 10 9 8 7 6 5 4 3 2 0 
16 196 194 191 190 188 186 183 180 177 176 175 173 172 168 165 164 163 162 161 160 159 156 153 152 151 150 149 148 147 146 145 144 143 141 138 137 136 135 134 130 129 128 127 126 125 124 120 119 117 116 113 111 110 108 107 106 103 101 98 95 92 90 89 87 86 84 82 79 76 74 73 72 70 67 66 64 63 62 61 59 58 56 55 54 53 52 51 50 49 48 47 46 45 44 43 42 41 40 39 38 37 36 35 34 33 32 31 30 29 28 27 26 25 24 23 22 21 20 19 18 17 
38 196 194 188 186 183 180 168 156 151 147 145 143 141 119 117 116 113 111 110 108 107 106 103 101 98 95 92 90 89 87 86 84 82 76 72 63 62 61 59 58 56 55 45 44 43 42 41 40 39 37 36 35 34 32 31 30 29 28 27 26 25 24 23 22 21 20 19 18 17 16 15 13 12 11 10 9 8 7 6 5 4 2 1 0 
39 196 194 188 186 183 180 168 156 151 147 145 143 141 119 117 116 113 111 110 108 107 106 103 101 98 95 92 90 89 87 86 84 82 76 72 63 62 61 59 58 56 55 45 44 43 42 41 40 38 37 36 35 34 32 31 30 29 28 27 26 25 24 23 22 21 20 19 18 17 16 15 13 12 11 10 9 8 7 6 5 2 1 0 
40 196 194 188 186 183 180 168 156 151 147 145 143 141 119 117 116 113 111 110 108 107 106 103 101 98 95 92 90 89 87 86 84 82 76 72 63 62 61 59 58 56 55 45 44 43 42 41 39 38 37 36 35 34 32 31 30 29 28 27 26 25 24 23 22 21 20 19 18 17 16 15 13 12 11 10 9 8 7 6 2 1 0 
2 191 190 177 176 175 173 172 165 164 163 162 161 160 159 153 152 150 149 148 146 144 138 137 136 135 134 130 129 128 127 126 125 124 120 79 74 73 70 67 66 64 63 62 61 59 58 56 55 54 53 52 51 50 49 48 47 46 45 44 43 42 41 40 39 38 33 15 14 13 12 11 10 9 8 7 6 5 4 3 1 0 
41 196 194 188 186 183 180 168 156 151 147 145 143 141 119 117 116 113 111 110 108 107 106 103 101 98 95 92 90 89 87 86 84 82 76 72 63 62 61 59 58 56 55 45 44 43 42 40 39 38 37 36 35 34 32 31 30 29 28 27 26 25 24 23 22 21 20 19 18 17 16 15 13 12 11 10 9 8 7 2 1 0 
42 196 194 188 186 183 180 168 156 151 147 145 143 141 119 117 116 113 111 110 108 107 106 103 101 98 95 92 90 89 87 86 84 82 76 72 63 62 61 59 58 56 55 45 44 43 41 40 39 38 37 36 35 34 32 31 30 29 28 27 26 25 24 23 22 21 20 19 18 17 16 15 13 12 11 10 9 8 2 1 0 
13 191 190 177 176 175 173 172 165 164 163 162 161 160 159 153 152 150 149 148 146 144 138 137 136 135 134 130 129 128 127 126 125 124 120 79 74 73 70 67 66 64 61 59 58 56 55 54 53 52 51 50 49 48 47 46 45 44 43 42 41 40 39 38 33 15 14 12 11 10 9 8 7 6 5 4 3 2 1 0 
43 196 194 188 186 183 180 168 156 151 147 145 143 141 119 117 116 113 111 110 108 107 106 103 101 98 95 92 90 89 87 86 84 82 76 72 63 62 61 59 58 56 55 45 44 42 41 40 39 38 37 36 35 34 32 31 30 29 28 27 26 25 24 23 22 21 20 19 18 17 16 15 13 12 11 10 9 2 1 0 
12 191 190 177 176 175 173 172 165 164 163 162 161 160 159 153 152 150 149 148 146 144 138 137 136 135 134 130 129 128 127 126 125 124 120 79 74 73 70 67 66 64 59 58 56 55 54 53 52 51 50 49 48 47 46 45 44 43 42 41 40 39 38 33 15 14 13 11 10 9 8 7 6 5 4 3 2 1 0 
25 196 194 188 186 183 180 168 156 151 147 145 143 141 119 117 116 113 111 110 108 107 106 103 101 98 95 92 90 89 87 86 84 82 76 72 63 62 61 59 58 56 55 53 52 51 50 49 48 47 46 45 44 43 42 41 40 39 38 37 36 35 34 32 31 30 29 28 27 26 24 23 22 21 20 19 18 17 16 
44 196 194 188 186 183 180 168 156 151 147 145 143 141 119 117 116 113 111 110 108 107 106 103 101 98 95 92 90 89 87 86 84 82 76 72 63 62 61 59 58 56 55 45 43 42 41 40 39 38 37 36 35 34 32 31 30 29 28 27 26 25 24 23 22 21 20 19 18 17 16 15 13 12 11 10 2 1 0 
24 196 194 188 186 183 180 168 156 151 147 145 143 141 119 117 116 113 111 110 108 107 106 103 101 98 95 92 90 89 87 86 84 82 76 72 63 62 61 59 58 56 55 52 51 50 49 48 47 46 45 44 43 42 41 40 39 38 37 36 35 34 32 31 30 29 28 27 26 25 23 22 21 20 19 18 17 16 
45 196 194 188 186 183 180 168 156 151 147 145 143 141 119 117 116 113 111 110 108 107 106 103 101 98 95 92 90 89 87 86 84 82 76 72 63 62 61 59 58 56 55 44 43 42 41 40 39 38 37 36 35 34 32 31 30 29 28 27 26 25 24 23 22 21 20 19 18 17 16 13 12 11 10 2 1 0 
11 191 190 177 176 175 173 172 165 164 163 162 161 160 159 153 152 150 149 148 146 144 138 137 136 135 134 130 129 128 127 126 125 124 120 79 74 73 70 67 66 64 56 55 54 53 52 51 50 49 48 47 46 45 44 43 42 41 40 39 38 33 15 14 13 12 10 9 8 7 6 5 4 3 2 1 0 
23 196 194 188 186 183 180 168 156 151 147 145 143 141 119 117 116 113 111 110 108 107 106 103 101 98 95 92 90 89 87 86 84 82 76 72 63 62 61 59 58 56 55 51 50 49 48 47 46 45 44 43 42 41 40 39 38 37 36 35 34 32 31 30 29 28 27 26 25 24 22 21 20 19 18 17 16 
55 196 194 188 186 183 180 168 156 151 147 145 143 141 119 117 116 113 111 110 108 107 106 103 101 98 95 92 90 89 87 86 84 82 76 72 63 62 61 59 58 56 45 44 43 42 41 40 39 38 37 36 35 34 32 31 30 29 28 27 26 25 24 23 22 21 20 19 18 17 16 13 12 11 2 1 0 
56 196 194 188 186 183 180 168 156 151 147 145 143 141 119 117 116 113 111 110 108 107 106 103 101 98 95 92 90 89 87 86 84 82 76 72 63 62 61 59 58 55 45 44 43 42 41 40 39 38 37 36 35 34 32 31 30 29 28 27 26 25 24 23 22 21 20 19 18 17 16 13 12 11 2 1 0 
22 196 194 188 186 183 180 168 156 151 147 145 143 141 119 117 116 113 111 110 108 107 106 103 101 98 95 92 90 89 87 86 84 82 76 72 63 62 61 59 58 56 55 50 49 48 47 46 45 44 43 42 41 40 39 38 37 36 35 34 32 31 30 29 28 27 26 25 24 23 21 20 19 18 17 16 
46 191 190 177 176 175 173 172 165 164 163 162 161 160 159 153 152 150 149 148 146 144 138 137 136 135 134 130 129 128 127 126 125 124 120 79 74 73 70 67 66 64 54 53 52 51 50 49 48 47 33 25 24 23 22 21 20 19 18 16 15 14 13 12 11 10 9 8 7 6 5 4 3 2 1 0 
58 196 194 188 186 183 180 168 156 151 147 145 143 141 119 117 116 113 111 110 108 107 106 103 101 98 95 92 90 89 87 86 84 82 76 72 63 62 61 59 56 55 45 44 43 42 41 40 39 38 37 36 35 34 32 31 30 29 28 27 26 25 24 23 22 21 20 19 18 17 16 13 12 2 1 0 
59 196 194 188 186 183 180 168 156 151 147 145 143 141 119 117 116 113 111 110 108 107 106 103 101 98 95 92 90 89 87 86 84 82 76 72 63 62 61 58 56 55 45 44 43 42 41 40 39 38 37 36 35 34 32 31 30 29 28 27 26 25 24 23 22 21 20 19 18 17 16 13 12 2 1 0 
10 191 190 177 176 175 173 172 165 164 163 162 161 160 159 153 152 150 149 148 146 144 138 137 136 135 134 130 129 128 127 126 125 124 120 79 74 73 70 67 66 64 54 53 52 51 50 49 48 47 46 45 44 43 42 41 40 39 38 33 15 14 13 12 11 9 8 7 6 5 4 3 2 1 0 
47 191 190 177 176 175 173 172 165 164 163 162 161 160 159 153 152 150 149 148 146 144 138 137 136 135 134 130 129 128 127 126 125 124 120 79 74 73 70 67 66 64 54 53 52 51 50 49 48 46 33 25 24 23 22 21 20 19 16 15 14 13 12 11 10 9 8 7 6 5 4 3 2 1 0 
21 196 194 188 186 183 180 168 156 151 147 145 143 141 119 117 116 113 111 110 108 107 106 103 101 98 95 92 90 89 87 86 84 82 76 72 63 62 61 59 58 56 55 49 48 47 46 45 44 43 42 41 40 39 38 37 36 35 34 32 31 30 29 28 27 26 25 24 23 22 20 19 18 17 16 
15 191 190 177 176 175 173 172 165 164 163 162 161 160 159 153 152 150 149 148 146 144 138 137 136 135 134 130 129 128 127 126 125 124 120 79 74 73 70 67 66 64 54 53 52 51 50 49 48 47 46 44 43 42 41 40 39 38 33 14 13 12 11 10 9 8 7 6 5 4 3 2 1 0 
48 191 190 177 176 175 173 172 165 164 163 162 161 160 159 153 152 150 149 148 146 144 138 137 136 135 134 130 129 128 127 126 125 124 120 79 74 73 70 67 66 64 54 53 52 51 50 49 47 46 33 25 24 23 22 21 20 16 15 14 13 12 11 10 9 8 7 6 5 4 3 2 1 0 
20 196 194 188 186 183 180 168 156 151 147 145 143 141 119 117 116 113 111 110 108 107 106 103 101 98 95 92 90 89 87 86 84 82 76 72 63 62 61 59 58 56 55 48 47 46 45 44 43 42 41 40 39 38 37 36 35 34 32 31 30 29 28 27 26 25 24 23 22 21 19 18 17 16 
9 191 190 177 176 175 173 172 165 164 163 162 161 160 159 153 152 150 149 148 146 144 138 137 136 135 134 130 129 128 127 126 125 124 120 79 74 73 70 67 66 64 54 53 52 51 50 49 48 47 46 43 42 41 40 39 38 33 15 14 13 12 11 10 8 7 6 5 4 3 2 1 0 
49 191 190 177 176 175 173 172 165 164 163 162 161 160 159 153 152 150 149 148 146 144 138 137 136 135 134 130 129 128 127 126 125 124 120 79 74 73 70 67 66 64 54 53 52 51 50 48 47 46 33 25 24 23 22 21 16 15 14 13 12 11 10 9 8 7 6 5 4 3 2 1 0 
19 196 194 188 186 183 180 168 156 151 147 145 143 141 119 117 116 113 111 110 108 107 106 103 101 98 95 92 90 89 87 86 84 82 76 72 63 62 61 59 58 56 55 47 46 45 44 43 42 41 40 39 38 37 36 35 34 32 31 30 29 28 27 26 25 24 23 22 21 20 18 17 16 
8 191 190 177 176 175 173 172 165 164 163 162 161 160 159 153 152 150 149 148 146 144 138 137 136 135 134 130 129 128 127 126 125 124 120 79 74 73 70 67 66 64 54 53 52 51 50 49 48 47 46 42 41 40 39 38 33 15 14 13 12 11 10 9 7 6 5 4 3 2 1 0 
50 191 190 177 176 175 173 172 165 164 163 162 161 160 159 153 152 150 149 148 146 144 138 137 136 135 134 130 129 128 127 126 125 124 120 79 74 73 70 67 66 64 54 53 52 51 49 48 47 46 33 25 24 23 22 16 15 14 13 12 11 10 9 8 7 6 5 4 3 2 1 0 
18 196 194 188 186 183 180 168 156 151 147 145 143 141 119 117 116 113 111 110 108 107 106 103 101 98 95 92 90 89 87 86 84 82 76 72 63 62 61 59 58 56 55 46 45 44 43 42 41 40 39 38 37 36 35 34 32 31 30 29 28 27 26 25 24 23 22 21 20 19 17 16 
61 196 186 183 180 168 156 151 147 145 143 141 119 117 116 113 111 110 108 107 106 103 101 98 95 92 90 89 87 86 84 82 76 72 63 62 59 58 56 55 45 44 43 42 41 40 39 38 36 35 34 32 31 30 29 28 27 26 25 24 23 22 21 20 19 18 17 16 13 2 1 0 
26 196 194 188 186 183 180 168 156 151 147 145 143 141 119 117 116 113 111 110 108 107 106 103 101 98 95 92 90 89 87 86 84 82 76 72 63 62 61 59 58 56 55 45 44 43 42 41 40 39 38 37 36 35 34 32 31 30 29 28 27 25 24 23 22 21 20 19 18 17 16 
27 196 194 188 186 183 180 168 156 151 147 145 143 141 119 117 116 113 111 110 108 107 106 103 101 98 95 92 90 89 87 86 84 82 76 72 63 62 61 59 58 56 55 45 44 43 42 41 40 39 38 37 36 35 34 32 31 30 29 28 26 25 24 23 22 21 20 19 18 17 16 
28 196 194 188 186 183 180 168 156 151 147 145 143 141 119 117 116 113 111 110 108 107 106 103 101 98 95 92 90 89 87 86 84 82 76 72 63 62 61 59 58 56 55 45 44 43 42 41 40 39 38 37 36 35 34 32 31 30 29 27 26 25 24 23 22 21 20 19 18 17 16 
51 191 190 177 176 175 173 172 165 164 163 162 161 160 159 153 152 150 149 148 146 144 138 137 136 135 134 130 129 128 127 126 125 124 120 79 74 73 70 67 66 64 54 53 52 50 49 48 47 46 33 25 24 23 16 15 14 13 12 11 10 9 8 7 6 5 4 3 2 1 0 
29 196 194 188 186 183 180 168 156 151 147 145 143 141 119 117 116 113 111 110 108 107 106 103 101 98 95 92 90 89 87 86 84 82 76 72 63 62 61 59 58 56 55 45 44 43 42 41 40 39 38 37 36 35 34 32 31 30 28 27 26 25 24 23 22 21 20 19 18 17 16 
30 196 194 188 186 183 180 168 156 151 147 145 143 141 119 117 116 113 111 110 108 107 106 103 101 98 95 92 90 89 87 86 84 82 76 72 63 62 61 59 58 56 55 45 44 43 42 41 40 39 38 37 36 35 34 32 31 29 28 27 26 25 24 23 22 21 20 19 18 17 16 
31 196 194 188 186 183 180 168 156 151 147 145 143 141 119 117 116 113 111 110 108 107 106 103 101 98 95 92 90 89 87 86 84 82 76 72 63 62 61 59 58 56 55 45 44 43 42 41 40 39 38 37 36 35 34 32 30 29 28 27 26 25 24 23 22 21 20 19 18 17 16 
7 191 190 177 176 175 173 172 165 164 163 162 161 160 159 153 152 150 149 148 146 144 138 137 136 135 134 130 129 128 127 126 125 124 120 79 74 73 70 67 66 64 54 53 52 51 50 49 48 47 46 41 40 39 38 33 15 14 13 12 11 10 9 8 6 5 4 3 2 1 0 
17 196 194 188 186 183 180 168 156 151 147 145 143 141 119 117 116 113 111 110 108 107 106 103 101 98 95 92 90 89 87 86 84 82 76 72 63 62 61 59 58 56 55 45 44 43 42 41 40 39 38 37 36 35 34 32 31 30 29 28 27 26 25 24 23 22 21 20 19 18 16 
52 191 190 177 176 175 173 172 165 164 163 162 161 160 159 153 152 150 149 148 146 144 138 137 136 135 134 130 129 128 127 126 125 124 120 79 74 73 70 67 66 64 54 53 51 50 49 48 47 46 33 25 24 16 15 14 13 12 11 10 9 8 7 6 5 4 3 2 1 0 
6 191 190 177 176 175 173 172 165 164 163 162 161 160 159 153 152 150 149 148 146 144 138 137 136 135 134 130 129 128 127 126 125 124 120 79 74 73 70 67 66 64 54 53 52 51 50 49 48 47 46 40 39 38 33 15 14 13 12 11 10 9 8 7 5 4 3 2 1 0 
53 191 190 177 176 175 173 172 165 164 163 162 161 160 159 153 152 150 149 148 146 144 138 137 136 135 134 130 129 128 127 126 125 124 120 79 74 73 70 67 66 64 54 52 51 50 49 48 47 46 33 25 16 15 14 13 12 11 10 9 8 7 6 5 4 3 2 1 0 
5 191 190 177 176 175 173 172 165 164 163 162 161 160 159 153 152 150 149 148 146 144 138 137 136 135 134 130 129 128 127 126 125 124 120 79 74 73 70 67 66 64 54 53 52 51 50 49 48 47 46 39 38 33 15 14 13 12 11 10 9 8 7 6 4 3 2 1 0 
54 191 190 177 176 175 173 172 165 164 163 162 161 160 159 153 152 150 149 148 146 144 138 137 136 135 134 130 129 128 127 126 125 124 120 79 74 73 70 67 66 64 53 52 51 50 49 48 47 46 33 16 15 14 13 12 11 10 9 8 7 6 5 4 3 2 1 0 
4 191 190 177 176 175 173 172 165 164 163 162 161 160 159 153 152 150 149 148 146 144 138 137 136 135 134 130 129 128 127 126 125 124 120 79 74 73 70 67 66 64 54 53 52 51 50 49 48 47 46 38 33 15 14 13 12 11 10 9 8 7 6 5 3 2 1 0 
62 180 168 156 151 147 145 143 141 119 117 116 113 111 110 108 107 106 103 101 98 95 92 90 89 87 86 84 82 76 72 63 61 59 58 56 55 45 44 43 42 41 40 39 38 36 35 34 32 31 30 29 28 27 26 25 24 23 22 21 20 19 18 17 16 2 1 0 
63 180 168 156 151 147 145 143 141 119 117 116 113 111 110 108 107 106 103 101 98 95 92 90 89 87 86 84 82 76 72 62 61 59 58 56 55 45 44 43 42 41 40 39 38 36 35 34 32 31 30 29 28 27 26 25 24 23 22 21 20 19 18 17 16 2 1 0 
14 191 190 177 176 175 173 172 165 164 163 162 161 160 159 153 152 150 149 148 146 144 138 137 136 135 134 130 129 128 127 126 125 124 120 79 74 73 70 67 66 64 54 53 52 51 50 49 48 47 46 33 15 13 12 11 10 9 8 7 6 5 4 3 2 1 0 
3 191 190 177 176 175 173 172 165 164 163 162 161 160 159 153 152 150 149 148 146 144 138 137 136 135 134 130 129 128 127 126 125 124 120 79 74 73 70 67 66 64 54 53 52 51 50 49 48 47 46 33 15 14 13 12 11 10 9 8 7 6 5 4 2 1 0 
64 177 176 175 173 172 165 164 163 162 161 160 159 153 152 150 149 148 146 144 138 137 136 135 134 130 129 128 127 126 125 124 120 79 74 73 70 67 66 54 53 52 51 50 49 48 47 46 33 16 15 14 13 12 11 10 9 8 7 6 5 4 3 2 1 0 
66 177 176 175 173 172 165 164 163 162 161 160 159 153 152 150 149 148 146 144 138 137 136 135 134 130 129 128 127 126 125 124 120 79 74 73 70 67 64 54 53 52 51 50 49 48 47 46 33 16 15 14 13 12 11 10 9 8 7 6 5 4 3 2 1 0 
82 180 168 156 151 147 145 143 141 119 117 116 113 111 110 108 107 106 103 101 98 95 92 90 89 87 86 84 72 63 62 61 59 58 56 55 45 44 43 42 41 40 39 38 36 35 34 32 31 30 29 28 27 26 25 24 23 22 21 20 19 18 17 16 1 0 
84 180 168 156 151 147 145 143 141 119 117 116 113 111 110 108 107 106 103 101 98 95 92 90 89 87 86 82 72 63 62 61 59 58 56 55 45 44 43 42 41 40 39 38 36 35 34 32 31 30 29 28 27 26 25 24 23 22 21 20 19 18 17 16 1 0 
86 180 168 156 151 147 145 143 141 119 117 116 113 111 110 108 107 106 103 101 98 95 92 90 89 87 84 82 72 63 62 61 59 58 56 55 45 44 43 42 41 40 39 38 36 35 34 32 31 30 29 28 27 26 25 24 23 22 21 20 19 18 17 16 1 0 
87 180 168 156 151 147 145 143 141 119 117 116 113 111 110 108 107 106 103 101 98 95 92 90 89 86 84 82 72 63 62 61 59 58 56 55 45 44 43 42 41 40 39 38 36 35 34 32 31 30 29 28 27 26 25 24 23 22 21 20 19 18 17 16 1 0 
70 177 176 175 173 172 165 164 163 162 161 160 159 153 152 150 149 148 146 144 138 137 136 135 134 130 129 128 127 126 125 124 120 79 74 73 66 64 54 53 52 51 50 49 48 47 46 33 16 15 14 13 12 11 10 9 8 7 6 5 4 3 2 1 0 
73 177 176 175 173 172 165 164 163 162 161 160 159 153 152 150 149 148 146 144 138 137 136 135 134 130 129 128 127 126 125 124 120 79 74 70 66 64 54 53 52 51 50 49 48 47 46 33 16 15 14 13 12 11 10 9 8 7 6 5 4 3 2 1 0 
74 177 176 175 173 172 165 164 163 162 161 160 159 153 152 150 149 148 146 144 138 137 136 135 134 130 129 128 127 126 125 124 120 79 73 70 66 64 54 53 52 51 50 49 48 47 46 33 16 15 14 13 12 11 10 9 8 7 6 5 4 3 2 1 0 
79 177 176 175 173 172 165 164 163 162 161 160 159 153 152 150 149 148 146 144 138 137 136 135 134 130 129 128 127 126 125 124 120 74 73 70 66 64 54 53 52 51 50 49 48 47 46 33 16 15 14 13 12 11 10 9 8 7 6 5 4 3 2 1 0 
90 180 168 156 151 147 145 143 141 119 117 116 113 111 110 108 107 106 103 101 98 95 92 87 86 84 82 72 63 62 61 59 58 56 55 45 44 43 42 41 40 39 38 36 35 34 32 31 30 29 28 27 26 25 24 23 22 21 20 19 18 17 16 1 0 
98 180 168 156 151 147 145 143 141 119 117 116 113 111 110 108 107 106 103 101 95 92 90 87 86 84 82 72 63 62 61 59 58 56 55 45 44 43 42 41 40 39 38 36 35 34 32 31 30 29 28 27 26 25 24 23 22 21 20 19 18 17 16 1 0 
103 180 168 156 151 147 145 143 141 119 117 116 113 111 110 108 107 106 101 98 95 92 90 87 86 84 82 72 63 62 61 59 58 56 55 45 44 43 42 41 40 39 38 36 35 34 32 31 30 29 28 27 26 25 24 23 22 21 20 19 18 17 16 1 0 
106 180 168 156 151 147 145 143 141 119 117 116 113 111 110 108 107 103 101 98 95 92 90 87 86 84 82 72 63 62 61 59 58 56 55 45 44 43 42 41 40 39 38 36 35 34 32 31 30 29 28 27 26 25 24 23 22 21 20 19 18 17 16 1 0 
110 180 168 156 151 147 145 143 141 119 117 116 113 111 108 107 106 103 98 95 90 87 86 84 82 72 63 62 61 59 58 56 55 45 44 43 42 41 40 39 38 36 35 34 32 31 30 29 28 27 26 25 24 23 22 21 20 19 18 17 16 1 0 
111 180 168 156 151 147 145 143 141 119 117 116 113 110 108 107 106 103 98 90 87 86 84 82 72 63 62 61 59 58 56 55 45 44 43 42 41 40 39 38 36 35 34 32 31 30 29 28 27 26 25 24 23 22 21 20 19 18 17 16 1 0 
113 180 168 156 151 147 145 143 141 119 117 116 111 110 108 107 106 103 98 90 87 86 84 82 72 63 62 61 59 58 56 55 45 44 43 42 41 40 39 38 36 35 34 32 31 30 29 28 27 26 25 24 23 22 21 20 19 18 17 16 1 0 
116 180 168 156 151 147 145 143 141 119 117 113 111 110 108 106 103 98 90 87 86 84 82 72 63 62 61 59 58 56 55 45 44 43 42 41 40 39 38 36 35 34 32 31 30 29 28 27 26 25 24 23 22 21 20 19 18 17 16 1 0 
117 180 168 156 151 147 145 143 141 119 116 113 111 110 108 106 103 98 90 87 86 84 82 72 63 62 61 59 58 56 55 45 44 43 42 41 40 39 38 36 35 34 32 31 30 29 28 27 26 25 24 23 22 21 20 19 18 17 16 1 0 
119 180 168 156 151 147 145 143 141 117 116 113 111 110 106 103 98 90 87 86 84 82 72 63 62 61 59 58 56 55 45 44 43 42 41 40 39 38 36 35 34 32 31 30 29 28 27 26 25 24 23 22 21 20 19 18 17 16 1 0 
32 180 168 156 151 147 145 143 141 119 117 116 113 111 110 106 103 98 90 87 86 84 82 63 62 61 59 58 56 55 45 44 43 42 41 40 39 38 36 35 34 31 30 29 28 27 26 25 24 23 22 21 20 19 18 17 16 1 0 
72 119 117 116 113 111 110 108 107 106 103 101 98 95 92 90 89 87 86 84 82 76 63 62 61 59 58 56 55 45 44 43 42 41 40 39 38 31 30 29 28 27 26 25 24 23 22 21 20 19 18 17 16 1 0 
34 156 151 147 145 143 119 117 116 113 111 110 106 103 98 90 87 86 84 82 63 62 61 59 58 56 55 45 44 43 42 41 40 39 38 32 31 30 29 28 27 26 25 24 23 22 21 20 19 18 17 16 1 0 
143 151 147 145 119 117 116 113 111 110 106 103 98 90 87 86 84 82 63 62 61 59 58 56 55 45 44 43 42 41 40 39 38 34 32 31 30 29 28 27 26 25 24 23 22 21 20 19 18 17 16 1 0 
145 143 119 117 116 113 111 110 106 103 98 90 87 86 84 82 63 62 61 59 58 56 55 45 44 43 42 41 40 39 38 34 32 31 30 29 28 27 26 25 24 23 22 21 20 19 18 17 16 1 0 
147 143 119 117 116 113 111 110 106 103 98 90 87 86 84 82 63 62 61 59 58 56 55 45 44 43 42 41 40 39 38 34 32 31 30 29 28 27 26 25 24 23 22 21 20 19 18 17 16 1 0 
151 143 119 117 116 113 111 110 106 103 98 90 87 86 84 82 63 62 61 59 58 56 55 45 44 43 42 41 40 39 38 34 32 31 30 29 28 27 26 25 24 23 22 21 20 19 18 17 16 1 0 
35 180 119 117 116 113 111 110 106 103 98 90 87 86 84 82 63 62 61 59 58 56 55 45 44 43 42 41 40 39 38 32 31 30 29 28 27 26 25 24 23 22 21 20 19 18 17 16 1 0 
108 117 116 113 111 110 107 106 103 98 95 90 87 86 84 82 72 63 62 61 59 58 56 55 45 44 43 42 41 40 39 38 31 30 29 28 27 26 25 24 23 22 21 20 19 18 17 16 1 0 
36 168 119 117 116 113 111 110 106 103 98 90 87 86 84 82 63 62 61 59 58 56 55 45 44 43 42 41 40 39 38 32 31 30 29 28 27 26 25 24 23 22 21 20 19 18 17 16 1 0 
156 119 117 116 113 111 110 106 103 98 90 87 86 84 82 63 62 61 59 58 56 55 45 44 43 42 41 40 39 38 34 32 31 30 29 28 27 26 25 24 23 22 21 20 19 18 17 16 1 0 
168 119 117 116 113 111 110 106 103 98 90 87 86 84 82 63 62 61 59 58 56 55 45 44 43 42 41 40 39 38 36 32 31 30 29 28 27 26 25 24 23 22 21 20 19 18 17 16 1 0 
180 119 117 116 113 111 110 106 103 98 90 87 86 84 82 63 62 61 59 58 56 55 45 44 43 42 41 40 39 38 35 32 31 30 29 28 27 26 25 24 23 22 21 20 19 18 17 16 1 0 
141 119 117 116 113 111 110 106 103 98 90 87 86 84 82 63 62 61 59 58 56 55 45 44 43 42 41 40 39 38 32 31 30 29 28 27 26 25 24 23 22 21 20 19 18 17 16 1 0 
107 113 111 110 108 106 103 98 95 92 90 87 86 84 82 72 63 62 61 59 58 56 55 45 44 43 42 41 40 39 38 31 30 29 28 27 26 25 24 23 22 21 20 19 18 17 16 1 0 
95 110 108 107 106 103 101 98 92 90 87 86 84 82 72 63 62 61 59 58 56 55 45 44 43 42 41 40 39 38 31 30 29 28 27 26 25 24 23 22 21 20 19 18 17 16 1 0 
92 107 106 103 101 98 95 90 87 86 84 82 72 63 62 61 59 58 56 55 45 44 43 42 41 40 39 38 31 30 29 28 27 26 25 24 23 22 21 20 19 18 17 16 1 0 
101 106 103 98 95 92 90 87 86 84 82 72 63 62 61 59 58 56 55 45 44 43 42 41 40 39 38 31 30 29 28 27 26 25 24 23 22 21 20 19 18 17 16 1 0 
89 87 86 84 82 72 63 62 61 59 58 56 55 45 44 43 42 41 40 39 38 31 30 29 28 27 26 25 24 23 22 21 20 19 18 17 16 1 0 
130 177 176 175 173 172 79 74 73 70 66 64 54 53 52 51 50 49 48 47 46 33 16 15 14 13 12 11 10 9 8 7 6 5 4 3 2 1 0 
144 149 148 146 79 74 73 70 66 64 54 53 52 51 50 49 48 47 46 16 15 14 13 12 11 10 9 8 7 6 5 4 3 2 1 0 
159 162 161 160 79 74 73 70 66 64 54 53 52 51 50 49 48 47 46 16 15 14 13 12 11 10 9 8 7 6 5 4 3 2 1 0 
186 194 188 183 61 59 58 56 55 45 44 43 42 41 40 39 38 37 31 30 29 28 27 26 25 24 23 22 21 20 19 18 17 16 1 0 
33 134 130 79 74 73 70 66 64 54 53 52 51 50 49 48 47 46 16 15 14 13 12 11 10 9 8 7 6 5 4 3 2 1 0 
160 161 159 79 74 73 70 66 64 54 53 52 51 50 49 48 47 46 16 15 14 13 12 11 10 9 8 7 6 5 4 3 2 1 0 
161 160 159 79 74 73 70 66 64 54 53 52 51 50 49 48 47 46 16 15 14 13 12 11 10 9 8 7 6 5 4 3 2 1 0 
148 146 144 79 74 73 70 66 64 54 53 52 51 50 49 48 47 46 16 15 14 13 12 11 10 9 8 7 6 5 4 3 2 1 0 
76 72 63 62 61 59 58 56 55 45 44 43 42 41 40 39 38 31 30 29 28 27 26 25 24 23 22 21 20 19 18 17 16 1 0 
146 148 144 79 74 73 70 66 64 54 53 52 51 50 49 48 47 46 16 15 14 13 12 11 10 9 8 7 6 5 4 3 2 1 0 
188 194 186 183 59 58 56 55 45 44 43 42 41 40 39 38 37 31 30 29 28 27 26 25 24 23 22 21 20 19 18 17 16 1 0 
134 79 74 73 70 66 64 54 53 52 51 50 49 48 47 46 33 16 15 14 13 12 11 10 9 8 7 6 5 4 3 2 1 0 
136 137 79 74 73 70 66 64 54 53 52 51 50 49 48 47 46 16 15 14 13 12 11 10 9 8 7 6 5 4 3 2 1 0 
149 144 79 74 73 70 66 64 54 53 52 51 50 49 48 47 46 16 15 14 13 12 11 10 9 8 7 6 5 4 3 2 1 0 
162 159 79 74 73 70 66 64 54 53 52 51 50 49 48 47 46 16 15 14 13 12 11 10 9 8 7 6 5 4 3 2 1 0 
163 164 79 74 73 70 66 64 54 53 52 51 50 49 48 47 46 16 15 14 13 12 11 10 9 8 7 6 5 4 3 2 1 0 
164 163 79 74 73 70 66 64 54 53 52 51 50 49 48 47 46 16 15 14 13 12 11 10 9 8 7 6 5 4 3 2 1 0 
150 152 79 74 73 70 66 64 54 53 52 51 50 49 48 47 46 16 15 14 13 12 11 10 9 8 7 6 5 4 3 2 1 0 
172 130 79 74 73 70 66 64 54 53 52 51 50 49 48 47 46 16 15 14 13 12 11 10 9 8 7 6 5 4 3 2 1 0 
173 130 79 74 73 70 66 64 54 53 52 51 50 49 48 47 46 16 15 14 13 12 11 10 9 8 7 6 5 4 3 2 1 0 
175 130 79 74 73 70 66 64 54 53 52 51 50 49 48 47 46 16 15 14 13 12 11 10 9 8 7 6 5 4 3 2 1 0 
176 130 79 74 73 70 66 64 54 53 52 51 50 49 48 47 46 16 15 14 13 12 11 10 9 8 7 6 5 4 3 2 1 0 
177 130 79 74 73 70 66 64 54 53 52 51 50 49 48 47 46 16 15 14 13 12 11 10 9 8 7 6 5 4 3 2 1 0 
137 136 79 74 73 70 66 64 54 53 52 51 50 49 48 47 46 16 15 14 13 12 11 10 9 8 7 6 5 4 3 2 1 0 
183 188 186 61 59 58 56 55 45 44 43 42 41 40 39 38 31 30 29 28 27 26 25 24 23 22 21 20 19 18 17 16 1 0 
152 150 79 74 73 70 66 64 54 53 52 51 50 49 48 47 46 16 15 14 13 12 11 10 9 8 7 6 5 4 3 2 1 0 
37 194 188 186 59 58 56 55 45 44 43 42 41 40 39 38 31 30 29 28 27 26 25 24 23 22 21 20 19 18 17 16 1 0 
194 188 186 59 58 56 55 45 44 43 42 41 40 39 38 37 31 30 29 28 27 26 25 24 23 22 21 20 19 18 17 16 1 0 
127 79 74 73 70 66 64 54 53 52 51 50 49 48 47 46 16 15 14 13 12 11 10 9 8 7 6 5 4 3 2 1 0 
128 79 74 73 70 66 64 54 53 52 51 50 49 48 47 46 16 15 14 13 12 11 10 9 8 7 6 5 4 3 2 1 0 
153 79 74 73 70 66 64 54 53 52 51 50 49 48 47 46 16 15 14 13 12 11 10 9 8 7 6 5 4 3 2 1 0 
129 79 74 73 70 66 64 54 53 52 51 50 49 48 47 46 16 15 14 13 12 11 10 9 8 7 6 5 4 3 2 1 0 
120 79 74 73 70 66 64 54 53 52 51 50 49 48 47 46 16 15 14 13 12 11 10 9 8 7 6 5 4 3 2 1 0 
124 79 74 73 70 66 64 54 53 52 51 50 49 48 47 46 16 15 14 13 12 11 10 9 8 7 6 5 4 3 2 1 0 
135 79 74 73 70 66 64 54 53 52 51 50 49 48 47 46 16 15 14 13 12 11 10 9 8 7 6 5 4 3 2 1 0 
125 79 74 73 70 66 64 54 53 52 51 50 49 48 47 46 16 15 14 13 12 11 10 9 8 7 6 5 4 3 2 1 0 
126 79 74 73 70 66 64 54 53 52 51 50 49 48 47 46 16 15 14 13 12 11 10 9 8 7 6 5 4 3 2 1 0 
138 79 74 73 70 66 64 54 53 52 51 50 49 48 47 46 16 15 14 13 12 11 10 9 8 7 6 5 4 3 2 1 0 
165 79 74 73 70 66 64 54 53 52 51 50 49 48 47 46 16 15 14 13 12 11 10 9 8 7 6 5 4 3 2 1 0 
196 61 59 58 56 55 45 44 43 42 41 40 39 38 31 30 29 28 27 26 25 24 23 22 21 20 19 18 17 16 1 0 
67 66 64 54 53 52 51 50 49 48 47 46 16 15 14 13 12 11 10 9 8 7 6 5 4 3 2 1 0 
190 54 53 52 51 50 49 48 47 46 16 15 14 13 12 11 10 9 8 7 6 5 4 3 2 1 0 
191 54 53 52 51 50 49 48 47 46 16 15 14 13 12 11 10 9 8 7 6 5 4 3 2 1 0 
81 
139 
140 
104 
142 
105 
71 
83 
57 
109 
85 
60 
112 
68 
114 
115 
154 
155 
88 
157 
158 
75 
118 
69 
91 
121 
122 
123 
166 
167 
77 
169 
170 
171 
93 
94 
174 
78 
96 
97 
178 
179 
65 
181 
182 
131 
184 
185 
132 
187 
133 
189 
99 
100 
192 
193 
80 
195 
102 

