0 183 182 181 179 178 176 175 174 173 172 171 170 169 168 167 166 165 164 163 162 161 160 159 158 156 154 153 152 151 150 148 146 145 144 143 142 141 140 138 136 135 134 133 132 131 130 129 128 127 126 124 123 122 121 120 119 118 117 116 115 114 113 112 111 110 109 108 106 105 104 103 102 101 100 99 98 97 96 95 94 93 92 91 90 89 88 87 86 85 84 83 82 81 80 79 78 77 76 75 74 73 72 71 70 69 68 67 66 65 64 63 62 61 60 59 58 57 56 55 54 53 52 51 50 49 48 47 46 45 44 43 42 41 40 39 38 37 36 35 34 33 32 15 14 13 12 11 10 9 8 7 6 5 4 3 2 1 
1 183 182 181 179 178 176 175 174 173 172 171 170 169 168 167 166 165 164 163 162 161 160 159 158 156 154 153 152 151 150 148 146 145 144 143 142 141 140 138 136 135 134 133 132 131 130 129 128 127 126 124 123 122 121 120 119 118 117 116 115 114 113 112 111 110 109 108 106 105 104 103 102 101 100 99 98 97 96 95 94 93 92 91 90 89 88 87 86 85 84 83 82 81 80 79 78 77 76 75 74 73 72 71 70 69 68 67 66 65 64 63 62 61 60 59 58 57 56 55 54 53 52 51 50 49 48 47 46 45 44 43 42 41 40 39 38 37 36 35 34 33 32 15 14 13 12 11 10 9 8 7 6 5 4 3 2 0 
16 183 182 181 179 178 176 175 174 173 172 171 170 169 168 167 166 165 164 163 162 161 160 159 158 156 154 153 152 151 150 148 146 145 144 143 142 141 140 138 136 135 134 133 132 131 130 129 128 127 126 124 123 122 121 120 119 118 117 116 115 114 113 112 111 110 109 108 106 105 104 103 102 101 100 99 98 97 96 95 94 93 92 91 90 89 88 87 86 85 84 83 82 81 80 79 78 77 76 75 74 73 72 71 70 69 68 67 66 65 64 63 62 61 60 59 58 57 56 55 54 53 52 51 50 49 48 47 46 45 44 43 42 41 40 39 38 37 36 35 34 33 32 31 30 29 28 27 26 25 24 23 22 21 20 19 18 17 
25 183 182 181 176 175 174 173 172 171 170 169 168 167 166 165 164 163 162 161 160 159 158 156 148 138 134 130 128 126 124 123 122 121 120 118 115 114 113 112 109 108 98 97 96 95 94 93 92 91 90 89 88 87 86 85 84 83 82 81 80 79 78 77 76 75 74 73 72 71 70 68 67 61 59 58 57 56 55 54 52 51 50 49 48 47 46 45 44 43 42 41 40 39 38 37 36 35 34 33 31 30 29 28 27 26 24 23 22 21 20 19 18 17 16 
24 183 182 181 176 175 174 173 172 171 170 169 168 167 166 165 164 163 162 161 160 159 158 156 148 138 134 130 128 126 124 123 122 121 120 118 115 114 113 112 109 108 98 97 96 95 94 93 92 91 90 89 88 87 86 85 84 83 82 81 80 79 78 77 76 75 74 73 72 71 70 68 67 61 59 58 57 56 55 54 51 50 49 48 47 46 45 44 43 42 41 40 39 38 37 36 35 34 33 31 30 29 28 27 26 25 23 22 21 20 19 18 17 16 
23 183 182 181 176 175 174 173 172 171 170 169 168 167 166 165 164 163 162 161 160 159 158 156 148 138 134 130 128 126 124 123 122 121 120 118 115 114 113 112 109 108 98 97 96 95 94 93 92 91 90 89 88 87 86 85 84 83 82 81 80 79 78 77 76 75 74 73 72 71 70 68 67 61 59 58 57 56 55 54 50 49 48 47 46 45 44 43 42 41 40 39 38 37 36 35 34 33 31 30 29 28 27 26 25 24 22 21 20 19 18 17 16 
22 183 182 181 176 175 174 173 172 171 170 169 168 167 166 165 164 163 162 161 160 159 158 156 148 138 134 130 128 126 124 123 122 121 120 118 115 114 113 112 109 108 98 97 96 95 94 93 92 91 90 89 88 87 86 85 84 83 82 81 80 79 78 77 76 75 74 73 72 71 70 68 67 61 59 58 57 56 55 54 49 48 47 46 45 44 43 42 41 40 39 38 37 36 35 34 33 31 30 29 28 27 26 25 24 23 21 20 19 18 17 16 
21 183 182 181 176 175 174 173 172 171 170 169 168 167 166 165 164 163 162 161 160 159 158 156 148 138 134 130 128 126 124 123 122 121 120 118 115 114 113 112 109 108 98 97 96 95 94 93 92 91 90 89 88 87 86 85 84 83 82 81 80 79 78 77 76 75 74 73 72 71 70 68 67 61 59 58 57 56 55 54 48 47 46 45 44 43 42 41 40 39 38 37 36 35 34 33 31 30 29 28 27 26 25 24 23 22 20 19 18 17 16 
20 183 182 181 176 175 174 173 172 171 170 169 168 167 166 165 164 163 162 161 160 159 158 156 148 138 134 130 128 126 124 123 122 121 120 118 115 114 113 112 109 108 98 97 96 95 94 93 92 91 90 89 88 87 86 85 84 83 82 81 80 79 78 77 76 75 74 73 72 71 70 68 67 61 59 58 57 56 55 54 47 46 45 44 43 42 41 40 39 38 37 36 35 34 33 31 30 29 28 27 26 25 24 23 22 21 19 18 17 16 
19 183 182 181 176 175 174 173 172 171 170 169 168 167 166 165 164 163 161 160 159 158 156 148 138 134 130 128 126 124 123 122 121 120 118 115 114 113 112 109 108 98 97 96 95 94 93 92 91 90 89 88 87 86 85 84 83 82 81 80 79 78 77 76 75 74 73 72 71 70 68 67 61 59 58 57 56 55 54 46 45 44 43 42 41 40 39 38 37 36 35 34 33 31 30 29 28 27 26 25 24 23 22 21 20 18 17 16 
18 183 182 181 176 175 174 173 172 171 170 169 168 167 166 165 164 163 160 159 158 156 148 138 134 130 128 126 124 123 122 121 120 118 115 114 113 112 109 108 98 97 96 95 94 93 92 91 90 89 88 87 86 85 84 83 82 81 80 79 78 77 76 75 74 73 72 71 70 68 67 61 59 58 57 56 55 54 45 44 43 42 41 40 39 38 37 36 35 34 33 31 30 29 28 27 26 25 24 23 22 21 20 19 17 16 
17 183 182 181 176 175 174 173 172 171 170 169 168 167 166 165 164 163 159 158 156 148 138 134 130 128 126 124 123 122 121 120 118 115 114 113 112 109 108 98 97 96 95 94 93 92 91 90 89 88 87 86 85 84 83 82 81 80 79 78 77 76 75 74 73 72 71 70 68 67 61 59 58 57 56 55 54 44 43 42 41 40 39 38 37 36 35 34 33 31 30 29 28 27 26 25 24 23 22 21 20 19 18 16 
26 183 182 181 176 175 174 173 172 171 170 169 168 167 166 165 164 163 159 158 156 148 138 134 130 128 126 124 123 122 121 120 118 115 114 113 112 109 108 98 97 96 95 94 93 92 91 90 89 88 87 86 85 84 83 82 81 80 79 78 77 76 75 74 73 72 71 70 68 67 61 59 58 57 56 55 54 44 43 42 41 40 39 38 37 36 35 34 33 31 30 29 28 27 25 24 23 22 21 20 19 18 17 16 
27 183 182 181 176 175 174 173 172 171 170 169 168 167 166 165 164 163 159 158 156 148 138 134 130 128 126 124 123 122 121 120 118 115 114 113 112 109 108 98 97 96 95 94 93 92 91 90 89 88 87 86 85 84 83 82 81 80 79 78 77 76 75 74 73 72 71 70 68 67 61 59 58 57 56 55 54 44 43 42 41 40 39 38 37 36 35 34 33 31 30 29 28 26 25 24 23 22 21 20 19 18 17 16 
28 183 182 181 176 175 174 173 172 171 170 169 168 167 166 165 164 163 159 158 156 148 138 134 130 128 126 124 123 122 121 120 118 115 114 113 112 109 108 98 97 96 95 94 93 92 91 90 89 88 87 86 85 84 83 82 81 80 79 78 77 76 75 74 73 72 71 70 68 67 61 59 58 57 56 55 54 44 43 42 41 40 39 38 37 36 35 34 33 31 30 29 27 26 25 24 23 22 21 20 19 18 17 16 
29 183 182 181 176 175 174 173 172 171 170 169 168 167 166 165 164 163 159 158 156 148 138 134 130 128 126 124 123 122 121 120 118 115 114 113 112 109 108 98 97 96 95 94 93 92 91 90 89 88 87 86 85 84 83 82 81 80 79 78 77 76 75 74 73 72 71 70 68 67 61 59 58 57 56 55 54 44 43 42 41 40 39 38 37 36 35 34 33 31 30 28 27 26 25 24 23 22 21 20 19 18 17 16 
30 183 182 181 176 175 174 173 172 171 170 169 168 167 166 165 164 163 159 158 156 148 138 134 130 128 126 124 123 122 121 120 118 115 114 113 112 109 108 98 97 96 95 94 93 92 91 90 89 88 87 86 85 84 83 82 81 80 79 78 77 76 75 74 73 72 71 70 68 67 61 59 58 57 56 55 54 44 43 42 41 40 39 38 37 36 35 34 33 31 29 28 27 26 25 24 23 22 21 20 19 18 17 16 
31 183 182 181 176 175 174 173 172 171 170 169 168 167 166 165 164 163 159 158 156 148 138 134 130 128 126 124 123 122 121 120 118 115 114 113 112 109 108 98 97 96 95 94 93 92 91 90 89 88 87 86 85 84 83 82 81 80 79 78 77 76 75 74 73 72 71 70 68 67 61 59 58 57 56 55 54 44 43 42 41 40 39 38 37 36 35 34 33 30 29 28 27 26 25 24 23 22 21 20 19 18 17 16 
2 179 178 162 161 160 154 153 152 151 150 146 145 144 143 142 141 140 136 135 133 132 131 129 127 119 117 116 111 110 106 105 104 103 102 101 100 99 69 66 65 64 63 62 60 59 58 57 56 55 54 53 52 51 50 49 48 47 46 45 44 43 42 41 40 39 38 37 32 15 14 13 12 11 10 9 8 7 6 5 4 3 1 0 
15 179 178 172 171 170 169 168 167 166 162 161 160 154 153 152 151 150 146 145 144 143 142 141 140 136 135 133 132 131 129 127 119 117 116 111 110 106 105 104 103 102 101 100 99 69 66 65 64 63 62 60 53 52 51 50 49 48 47 46 45 43 42 41 40 39 38 37 32 14 13 12 11 10 9 8 7 6 5 4 3 2 1 0 
13 179 178 162 161 160 154 153 152 151 150 146 145 144 143 142 141 140 136 135 133 132 131 129 127 119 117 116 111 110 106 105 104 103 102 101 100 99 69 66 65 64 63 62 60 58 57 56 55 54 53 52 51 50 49 48 47 46 45 44 43 42 41 40 39 38 37 32 15 14 12 11 10 9 8 7 6 5 4 3 2 1 0 
9 179 178 172 171 170 169 168 167 162 161 160 154 153 152 151 150 146 145 144 143 142 141 140 136 135 133 132 131 129 127 119 117 116 111 110 106 105 104 103 102 101 100 99 69 66 65 64 63 62 60 53 52 51 50 49 48 47 46 45 42 41 40 39 38 37 32 15 14 13 12 11 10 8 7 6 5 4 3 2 1 0 
12 179 178 162 161 160 154 153 152 151 150 146 145 144 143 142 141 140 136 135 133 132 131 129 127 119 117 116 111 110 106 105 104 103 102 101 100 99 69 66 65 64 63 62 60 57 56 55 54 53 52 51 50 49 48 47 46 45 44 43 42 41 40 39 38 37 32 15 14 13 11 10 9 8 7 6 5 4 3 2 1 0 
11 179 178 162 161 160 154 153 152 151 150 146 145 144 143 142 141 140 136 135 133 132 131 129 127 119 117 116 111 110 106 105 104 103 102 101 100 99 69 66 65 64 63 62 60 55 54 53 52 51 50 49 48 47 46 45 44 43 42 41 40 39 38 37 32 15 14 13 12 10 9 8 7 6 5 4 3 2 1 0 
8 179 178 172 171 170 169 168 162 161 160 154 153 152 151 150 146 145 144 143 142 141 140 136 135 133 132 131 129 127 119 117 116 111 110 106 105 104 103 102 101 100 99 69 66 65 64 63 62 60 53 52 51 50 49 48 47 46 45 41 40 39 38 37 32 15 14 13 12 11 10 9 7 6 5 4 3 2 1 0 
7 179 178 172 171 170 169 162 161 160 154 153 152 151 150 146 145 144 143 142 141 140 136 135 133 132 131 129 127 119 117 116 111 110 106 105 104 103 102 101 100 99 69 66 65 64 63 62 60 53 52 51 50 49 48 47 46 45 40 39 38 37 32 15 14 13 12 11 10 9 8 6 5 4 3 2 1 0 
10 179 178 162 161 160 154 153 152 151 150 146 145 144 143 142 141 140 136 135 133 132 131 129 127 119 117 116 111 110 106 105 104 103 102 101 100 99 69 66 65 64 63 62 60 53 52 51 50 49 48 47 46 45 44 43 42 41 40 39 38 37 32 15 14 13 12 11 9 8 7 6 5 4 3 2 1 0 
6 179 178 172 171 170 162 161 160 154 153 152 151 150 146 145 144 143 142 141 140 136 135 133 132 131 129 127 119 117 116 111 110 106 105 104 103 102 101 100 99 69 66 65 64 63 62 60 53 52 51 50 49 48 47 46 45 39 38 37 32 15 14 13 12 11 10 9 8 7 5 4 3 2 1 0 
5 179 178 172 171 162 161 160 154 153 152 151 150 146 145 144 143 142 141 140 136 135 133 132 131 129 127 119 117 116 111 110 106 105 104 103 102 101 100 99 69 66 65 64 63 62 60 53 52 51 50 49 48 47 46 45 38 37 32 15 14 13 12 11 10 9 8 7 6 4 3 2 1 0 
48 179 178 162 161 160 154 153 152 151 150 146 145 144 143 142 141 140 136 135 133 132 131 129 127 119 117 116 111 110 106 105 104 103 102 101 100 99 69 66 65 64 63 62 60 53 52 51 50 49 32 25 24 23 22 21 16 15 14 13 12 11 10 9 8 7 6 5 4 3 2 1 0 
59 156 148 138 134 130 128 126 123 122 121 120 118 115 114 113 112 109 108 98 97 96 95 94 93 92 91 90 89 88 87 86 85 84 83 82 81 80 79 78 77 76 75 74 73 72 71 70 68 67 61 35 34 33 31 30 29 28 27 26 25 24 23 22 21 20 19 18 17 16 2 1 0 
49 179 178 162 161 160 154 153 152 151 150 146 145 144 143 142 141 140 136 135 133 132 131 129 127 119 117 116 111 110 106 105 104 103 102 101 100 99 69 66 65 64 63 62 60 53 52 51 50 48 32 25 24 23 22 16 15 14 13 12 11 10 9 8 7 6 5 4 3 2 1 0 
4 179 178 172 162 161 160 154 153 152 151 150 146 145 144 143 142 141 140 136 135 133 132 131 129 127 119 117 116 111 110 106 105 104 103 102 101 100 99 69 66 65 64 63 62 60 53 52 51 50 49 48 47 46 45 37 32 15 14 13 12 11 10 9 8 7 6 5 3 2 1 0 
50 179 178 162 161 160 154 153 152 151 150 146 145 144 143 142 141 140 136 135 133 132 131 129 127 119 117 116 111 110 106 105 104 103 102 101 100 99 69 66 65 64 63 62 60 53 52 51 49 48 32 25 24 23 16 15 14 13 12 11 10 9 8 7 6 5 4 3 2 1 0 
14 179 178 162 161 160 154 153 152 151 150 146 145 144 143 142 141 140 136 135 133 132 131 129 127 119 117 116 111 110 106 105 104 103 102 101 100 99 69 66 65 64 63 62 60 53 52 51 50 49 48 47 46 45 32 15 13 12 11 10 9 8 7 6 5 4 3 2 1 0 
51 179 178 162 161 160 154 153 152 151 150 146 145 144 143 142 141 140 136 135 133 132 131 129 127 119 117 116 111 110 106 105 104 103 102 101 100 99 69 66 65 64 63 62 60 53 52 50 49 48 32 25 24 16 15 14 13 12 11 10 9 8 7 6 5 4 3 2 1 0 
3 179 178 162 161 160 154 153 152 151 150 146 145 144 143 142 141 140 136 135 133 132 131 129 127 119 117 116 111 110 106 105 104 103 102 101 100 99 69 66 65 64 63 62 60 53 52 51 50 49 48 47 46 45 32 15 14 13 12 11 10 9 8 7 6 5 4 2 1 0 
70 156 148 138 134 130 128 126 123 122 121 120 118 115 114 113 112 109 108 98 97 96 95 94 93 92 91 90 89 88 87 86 85 84 83 82 81 80 79 78 77 76 75 74 73 72 71 68 59 35 34 33 31 30 29 28 27 26 25 24 23 22 21 20 19 18 17 16 1 0 
52 179 178 162 161 160 154 153 152 151 150 146 145 144 143 142 141 140 136 135 133 132 131 129 127 119 117 116 111 110 106 105 104 103 102 101 100 99 69 66 65 64 63 62 60 53 51 50 49 48 32 25 16 15 14 13 12 11 10 9 8 7 6 5 4 3 2 1 0 
53 179 178 162 161 160 154 153 152 151 150 146 145 144 143 142 141 140 136 135 133 132 131 129 127 119 117 116 111 110 106 105 104 103 102 101 100 99 69 66 65 64 63 62 60 52 51 50 49 48 32 16 15 14 13 12 11 10 9 8 7 6 5 4 3 2 1 0 
62 154 153 152 151 150 146 145 144 143 142 141 140 136 135 133 132 131 129 127 119 117 116 111 110 106 105 104 103 102 101 100 99 69 66 65 64 63 60 53 52 51 50 49 48 32 16 15 14 13 12 11 10 9 8 7 6 5 4 3 2 1 0 
60 154 153 152 151 150 146 145 144 143 142 141 140 136 135 133 132 131 129 127 119 117 116 111 110 106 105 104 103 102 101 100 99 69 66 65 64 63 62 53 52 51 50 49 48 32 16 15 14 13 12 11 10 9 8 7 6 5 4 3 2 1 0 
82 156 148 138 134 130 128 126 123 122 121 120 118 115 114 113 112 109 108 98 97 96 95 94 93 92 91 90 89 88 87 86 85 84 83 81 80 79 78 77 70 59 35 34 33 31 30 29 28 27 26 25 24 23 22 21 20 19 18 17 16 1 0 
66 154 153 152 151 150 146 145 144 143 142 141 140 136 135 133 132 131 129 127 119 117 116 111 110 106 105 104 103 102 101 100 99 69 65 64 62 60 53 52 51 50 49 48 32 16 15 14 13 12 11 10 9 8 7 6 5 4 3 2 1 0 
69 154 153 152 151 150 146 145 144 143 142 141 140 136 135 133 132 131 129 127 119 117 116 111 110 106 105 104 103 102 101 100 99 66 65 64 62 60 53 52 51 50 49 48 32 16 15 14 13 12 11 10 9 8 7 6 5 4 3 2 1 0 
64 154 153 152 151 150 146 145 144 143 142 141 140 136 135 133 132 131 129 127 119 117 116 111 110 106 105 104 103 102 101 100 99 69 66 65 62 60 53 52 51 50 49 48 32 16 15 14 13 12 11 10 9 8 7 6 5 4 3 2 1 0 
65 154 153 152 151 150 146 145 144 143 142 141 140 136 135 133 132 131 129 127 119 117 116 111 110 106 105 104 103 102 101 100 99 69 66 64 62 60 53 52 51 50 49 48 32 16 15 14 13 12 11 10 9 8 7 6 5 4 3 2 1 0 
84 156 148 138 134 130 128 126 123 122 121 120 118 115 114 113 112 109 108 98 97 96 95 94 93 92 91 90 89 88 87 86 85 83 82 81 80 79 70 59 35 34 33 31 30 29 28 27 26 25 24 23 22 21 20 19 18 17 16 1 0 
85 156 148 138 134 130 128 126 123 122 121 120 118 115 114 113 112 109 108 98 97 96 95 94 93 92 91 90 89 88 87 86 84 83 82 81 80 70 59 35 34 33 31 30 29 28 27 26 25 24 23 22 21 20 19 18 17 16 1 0 
88 156 148 138 134 130 128 126 123 122 121 120 118 115 114 113 112 109 108 98 97 96 95 94 93 92 91 90 89 87 86 85 84 82 81 70 59 35 34 33 31 30 29 28 27 26 25 24 23 22 21 20 19 18 17 16 1 0 
89 156 148 138 134 130 128 126 123 122 121 120 118 115 114 113 112 109 108 98 97 96 95 94 93 92 91 90 88 87 86 85 84 82 70 59 35 34 33 31 30 29 28 27 26 25 24 23 22 21 20 19 18 17 16 1 0 
91 156 148 138 134 130 128 126 123 122 121 120 118 115 114 113 112 109 108 98 97 96 95 94 93 92 89 88 87 86 85 84 82 70 59 35 34 33 31 30 29 28 27 26 25 24 23 22 21 20 19 18 17 16 1 0 
92 156 148 138 134 130 128 126 123 122 121 120 118 115 114 113 112 109 108 98 97 96 95 94 93 91 89 88 87 85 84 82 70 59 35 34 33 31 30 29 28 27 26 25 24 23 22 21 20 19 18 17 16 1 0 
94 156 148 138 134 130 128 126 123 122 121 120 118 115 114 113 112 109 108 98 97 96 95 92 91 89 88 87 85 84 82 70 59 35 34 33 31 30 29 28 27 26 25 24 23 22 21 20 19 18 17 16 1 0 
95 156 148 138 134 130 128 126 123 122 121 120 118 115 114 113 112 109 108 98 97 96 94 92 91 89 88 85 84 82 70 59 35 34 33 31 30 29 28 27 26 25 24 23 22 21 20 19 18 17 16 1 0 
106 154 153 152 151 150 69 66 65 64 62 60 53 52 51 50 49 48 32 16 15 14 13 12 11 10 9 8 7 6 5 4 3 2 1 0 
33 138 134 130 128 126 95 94 92 91 89 88 85 84 82 70 59 31 30 29 28 27 26 25 24 23 22 21 20 19 18 17 16 1 0 
113 118 115 114 112 95 94 92 91 89 88 85 84 82 70 59 31 30 29 28 27 26 25 24 23 22 21 20 19 18 17 16 1 0 
115 118 114 113 112 95 94 92 91 89 88 85 84 82 70 59 31 30 29 28 27 26 25 24 23 22 21 20 19 18 17 16 1 0 
126 134 130 128 95 94 92 91 89 88 85 84 82 70 59 33 31 30 29 28 27 26 25 24 23 22 21 20 19 18 17 16 1 0 
160 162 161 53 52 51 50 49 48 25 24 23 22 21 20 19 18 16 15 14 13 12 11 10 9 8 7 6 5 4 3 2 1 0 
112 115 114 113 95 94 92 91 89 88 85 84 82 70 59 31 30 29 28 27 26 25 24 23 22 21 20 19 18 17 16 1 0 
87 94 93 92 91 90 89 88 86 85 84 82 81 70 59 31 30 29 28 27 26 25 24 23 22 21 20 19 18 17 16 1 0 
127 132 131 129 69 66 65 64 62 60 53 52 51 50 49 48 16 15 14 13 12 11 10 9 8 7 6 5 4 3 2 1 0 
140 143 142 141 69 66 65 64 62 60 53 52 51 50 49 48 16 15 14 13 12 11 10 9 8 7 6 5 4 3 2 1 0 
114 115 113 112 95 94 92 91 89 88 85 84 82 70 59 31 30 29 28 27 26 25 24 23 22 21 20 19 18 17 16 1 0 
161 162 160 53 52 51 50 49 48 25 24 23 22 21 20 19 16 15 14 13 12 11 10 9 8 7 6 5 4 3 2 1 0 
172 171 170 169 168 167 166 165 31 30 29 28 27 26 25 24 23 22 21 20 19 18 17 16 15 9 8 7 6 5 4 1 0 
129 131 127 69 66 65 64 62 60 53 52 51 50 49 48 16 15 14 13 12 11 10 9 8 7 6 5 4 3 2 1 0 
130 126 95 94 92 91 89 88 85 84 82 70 59 33 31 30 29 28 27 26 25 24 23 22 21 20 19 18 17 16 1 0 
131 129 127 69 66 65 64 62 60 53 52 51 50 49 48 16 15 14 13 12 11 10 9 8 7 6 5 4 3 2 1 0 
134 126 95 94 92 91 89 88 85 84 82 70 59 33 31 30 29 28 27 26 25 24 23 22 21 20 19 18 17 16 1 0 
118 115 113 95 94 92 91 89 88 85 84 82 70 59 31 30 29 28 27 26 25 24 23 22 21 20 19 18 17 16 1 0 
141 142 140 69 66 65 64 62 60 53 52 51 50 49 48 16 15 14 13 12 11 10 9 8 7 6 5 4 3 2 1 0 
142 141 140 69 66 65 64 62 60 53 52 51 50 49 48 16 15 14 13 12 11 10 9 8 7 6 5 4 3 2 1 0 
81 88 87 86 85 84 83 82 80 79 78 77 70 59 31 30 29 28 27 26 25 24 23 22 21 20 19 18 17 16 1 0 
32 110 106 69 66 65 64 62 60 53 52 51 50 49 48 16 15 14 13 12 11 10 9 8 7 6 5 4 3 2 1 0 
162 161 160 53 52 51 50 49 48 25 24 23 22 21 20 16 15 14 13 12 11 10 9 8 7 6 5 4 3 2 1 0 
171 172 170 169 168 167 166 165 31 30 29 28 27 26 25 24 23 22 21 20 19 18 17 16 15 9 8 7 6 5 1 0 
128 126 95 94 92 91 89 88 85 84 82 70 59 33 31 30 29 28 27 26 25 24 23 22 21 20 19 18 17 16 1 0 
35 148 95 94 92 91 89 88 85 84 82 70 59 31 30 29 28 27 26 25 24 23 22 21 20 19 18 17 16 1 0 
108 109 95 94 92 91 89 88 85 84 82 70 59 31 30 29 28 27 26 25 24 23 22 21 20 19 18 17 16 1 0 
109 108 95 94 92 91 89 88 85 84 82 70 59 31 30 29 28 27 26 25 24 23 22 21 20 19 18 17 16 1 0 
110 69 66 65 64 62 60 53 52 51 50 49 48 32 16 15 14 13 12 11 10 9 8 7 6 5 4 3 2 1 0 
80 86 85 84 83 82 81 79 78 77 76 70 59 31 30 29 28 27 26 25 24 23 22 21 20 19 18 17 16 1 0 
132 127 69 66 65 64 62 60 53 52 51 50 49 48 16 15 14 13 12 11 10 9 8 7 6 5 4 3 2 1 0 
133 135 69 66 65 64 62 60 53 52 51 50 49 48 16 15 14 13 12 11 10 9 8 7 6 5 4 3 2 1 0 
86 91 90 89 88 87 85 84 82 81 80 70 59 31 30 29 28 27 26 25 24 23 22 21 20 19 18 17 16 1 0 
135 133 69 66 65 64 62 60 53 52 51 50 49 48 16 15 14 13 12 11 10 9 8 7 6 5 4 3 2 1 0 
138 95 94 92 91 89 88 85 84 82 70 59 33 31 30 29 28 27 26 25 24 23 22 21 20 19 18 17 16 1 0 
37 31 30 29 28 27 26 25 24 23 22 21 20 19 18 17 16 15 13 12 11 10 9 8 7 6 5 4 2 1 0 
34 156 95 94 92 91 89 88 85 84 82 70 59 31 30 29 28 27 26 25 24 23 22 21 20 19 18 17 16 1 0 
116 117 69 66 65 64 62 60 53 52 51 50 49 48 16 15 14 13 12 11 10 9 8 7 6 5 4 3 2 1 0 
143 140 69 66 65 64 62 60 53 52 51 50 49 48 16 15 14 13 12 11 10 9 8 7 6 5 4 3 2 1 0 
144 145 69 66 65 64 62 60 53 52 51 50 49 48 16 15 14 13 12 11 10 9 8 7 6 5 4 3 2 1 0 
145 144 69 66 65 64 62 60 53 52 51 50 49 48 16 15 14 13 12 11 10 9 8 7 6 5 4 3 2 1 0 
148 95 94 92 91 89 88 85 84 82 70 59 35 31 30 29 28 27 26 25 24 23 22 21 20 19 18 17 16 1 0 
150 106 69 66 65 64 62 60 53 52 51 50 49 48 16 15 14 13 12 11 10 9 8 7 6 5 4 3 2 1 0 
151 106 69 66 65 64 62 60 53 52 51 50 49 48 16 15 14 13 12 11 10 9 8 7 6 5 4 3 2 1 0 
152 106 69 66 65 64 62 60 53 52 51 50 49 48 16 15 14 13 12 11 10 9 8 7 6 5 4 3 2 1 0 
153 106 69 66 65 64 62 60 53 52 51 50 49 48 16 15 14 13 12 11 10 9 8 7 6 5 4 3 2 1 0 
154 106 69 66 65 64 62 60 53 52 51 50 49 48 16 15 14 13 12 11 10 9 8 7 6 5 4 3 2 1 0 
156 95 94 92 91 89 88 85 84 82 70 59 34 31 30 29 28 27 26 25 24 23 22 21 20 19 18 17 16 1 0 
117 116 69 66 65 64 62 60 53 52 51 50 49 48 16 15 14 13 12 11 10 9 8 7 6 5 4 3 2 1 0 
97 98 95 94 92 91 89 88 85 84 82 70 59 31 30 29 28 27 26 25 24 23 22 21 20 19 18 17 16 1 0 
121 122 95 94 92 91 89 88 85 84 82 70 59 31 30 29 28 27 26 25 24 23 22 21 20 19 18 17 16 1 0 
170 172 171 169 168 167 166 165 31 30 29 28 27 26 25 24 23 22 21 20 19 18 17 16 15 9 8 7 6 1 0 
122 121 95 94 92 91 89 88 85 84 82 70 59 31 30 29 28 27 26 25 24 23 22 21 20 19 18 17 16 1 0 
98 97 95 94 92 91 89 88 85 84 82 70 59 31 30 29 28 27 26 25 24 23 22 21 20 19 18 17 16 1 0 
103 69 66 65 64 62 60 53 52 51 50 49 48 16 15 14 13 12 11 10 9 8 7 6 5 4 3 2 1 0 
146 69 66 65 64 62 60 53 52 51 50 49 48 16 15 14 13 12 11 10 9 8 7 6 5 4 3 2 1 0 
104 69 66 65 64 62 60 53 52 51 50 49 48 16 15 14 13 12 11 10 9 8 7 6 5 4 3 2 1 0 
105 69 66 65 64 62 60 53 52 51 50 49 48 16 15 14 13 12 11 10 9 8 7 6 5 4 3 2 1 0 
38 31 30 29 28 27 26 25 24 23 22 21 20 19 18 17 16 15 13 12 11 10 9 8 7 6 5 2 1 0 
96 95 94 92 91 89 88 85 84 82 70 59 31 30 29 28 27 26 25 24 23 22 21 20 19 18 17 16 1 0 
119 69 66 65 64 62 60 53 52 51 50 49 48 16 15 14 13 12 11 10 9 8 7 6 5 4 3 2 1 0 
120 95 94 92 91 89 88 85 84 82 70 59 31 30 29 28 27 26 25 24 23 22 21 20 19 18 17 16 1 0 
136 69 66 65 64 62 60 53 52 51 50 49 48 16 15 14 13 12 11 10 9 8 7 6 5 4 3 2 1 0 
99 69 66 65 64 62 60 53 52 51 50 49 48 16 15 14 13 12 11 10 9 8 7 6 5 4 3 2 1 0 
100 69 66 65 64 62 60 53 52 51 50 49 48 16 15 14 13 12 11 10 9 8 7 6 5 4 3 2 1 0 
123 95 94 92 91 89 88 85 84 82 70 59 31 30 29 28 27 26 25 24 23 22 21 20 19 18 17 16 1 0 
169 172 171 170 168 167 166 165 31 30 29 28 27 26 25 24 23 22 21 20 19 18 17 16 15 9 8 7 1 0 
111 69 66 65 64 62 60 53 52 51 50 49 48 16 15 14 13 12 11 10 9 8 7 6 5 4 3 2 1 0 
101 69 66 65 64 62 60 53 52 51 50 49 48 16 15 14 13 12 11 10 9 8 7 6 5 4 3 2 1 0 
102 69 66 65 64 62 60 53 52 51 50 49 48 16 15 14 13 12 11 10 9 8 7 6 5 4 3 2 1 0 
39 31 30 29 28 27 26 25 24 23 22 21 20 19 18 17 16 15 13 12 11 10 9 8 7 6 2 1 0 
93 92 91 89 88 87 85 84 82 70 59 31 30 29 28 27 26 25 24 23 22 21 20 19 18 17 16 1 0 
79 84 83 82 81 80 78 77 76 70 59 31 30 29 28 27 26 25 24 23 22 21 20 19 18 17 16 1 0 
168 172 171 170 169 167 166 165 31 30 29 28 27 26 25 24 23 22 21 20 19 18 17 16 15 9 8 1 0 
78 83 82 81 80 79 77 76 70 59 31 30 29 28 27 26 25 24 23 22 21 20 19 18 17 16 1 0 
83 85 84 82 81 80 79 78 70 59 31 30 29 28 27 26 25 24 23 22 21 20 19 18 17 16 1 0 
90 89 88 87 86 85 84 82 70 59 31 30 29 28 27 26 25 24 23 22 21 20 19 18 17 16 1 0 
40 31 30 29 28 27 26 25 24 23 22 21 20 19 18 17 16 15 13 12 11 10 9 8 7 2 1 0 
167 172 171 170 169 168 166 165 31 30 29 28 27 26 25 24 23 22 21 20 19 18 17 16 15 9 1 0 
41 31 30 29 28 27 26 25 24 23 22 21 20 19 18 17 16 15 13 12 11 10 9 8 2 1 0 
77 82 81 80 79 78 76 70 59 31 30 29 28 27 26 25 24 23 22 21 20 19 18 17 16 1 0 
166 172 171 170 169 168 167 165 31 30 29 28 27 26 25 24 23 22 21 20 19 18 17 16 15 1 0 
165 172 171 170 169 168 167 166 31 30 29 28 27 26 25 24 23 22 21 20 19 18 17 16 1 0 
63 62 60 53 52 51 50 49 48 16 15 14 13 12 11 10 9 8 7 6 5 4 3 2 1 0 
45 25 24 23 22 21 20 19 18 16 15 14 13 12 11 10 9 8 7 6 5 4 3 2 1 0 
42 31 30 29 28 27 26 25 24 23 22 21 20 19 18 17 16 15 13 12 11 10 9 2 1 0 
76 80 79 78 77 70 59 31 30 29 28 27 26 25 24 23 22 21 20 19 18 17 16 1 0 
46 25 24 23 22 21 20 19 16 15 14 13 12 11 10 9 8 7 6 5 4 3 2 1 0 
43 31 30 29 28 27 26 25 24 23 22 21 20 19 18 17 16 15 13 12 11 10 2 1 0 
68 73 72 71 70 59 31 30 29 28 27 26 25 24 23 22 21 20 19 18 17 16 1 0 
47 25 24 23 22 21 20 16 15 14 13 12 11 10 9 8 7 6 5 4 3 2 1 0 
44 31 30 29 28 27 26 25 24 23 22 21 20 19 18 17 16 13 12 11 10 2 1 0 
178 53 52 51 50 49 48 16 15 14 13 12 11 10 9 8 7 6 5 4 3 2 1 0 
179 53 52 51 50 49 48 16 15 14 13 12 11 10 9 8 7 6 5 4 3 2 1 0 
72 73 70 68 59 31 30 29 28 27 26 25 24 23 22 21 20 19 18 17 16 1 0 
73 72 70 68 59 31 30 29 28 27 26 25 24 23 22 21 20 19 18 17 16 1 0 
175 181 176 174 36 31 30 29 28 27 26 25 24 23 22 21 20 19 18 17 16 1 0 
54 31 30 29 28 27 26 25 24 23 22 21 20 19 18 17 16 13 12 11 2 1 0 
55 31 30 29 28 27 26 25 24 23 22 21 20 19 18 17 16 13 12 11 2 1 0 
57 31 30 29 28 27 26 25 24 23 22 21 20 19 18 17 16 13 12 2 1 0 
36 181 176 175 31 30 29 28 27 26 25 24 23 22 21 20 19 18 17 16 1 0 
176 181 175 36 31 30 29 28 27 26 25 24 23 22 21 20 19 18 17 16 1 0 
71 70 68 59 31 30 29 28 27 26 25 24 23 22 21 20 19 18 17 16 1 0 
56 31 30 29 28 27 26 25 24 23 22 21 20 19 18 17 16 13 12 2 1 0 
181 176 175 36 31 30 29 28 27 26 25 24 23 22 21 20 19 18 17 16 1 0 
74 70 59 31 30 29 28 27 26 25 24 23 22 21 20 19 18 17 16 1 0 
75 70 59 31 30 29 28 27 26 25 24 23 22 21 20 19 18 17 16 1 0 
174 175 173 31 30 29 28 27 26 25 24 23 22 21 20 19 18 17 16 1 0 
58 31 30 29 28 27 26 25 24 23 22 21 20 19 18 17 16 13 2 1 0 
173 174 31 30 29 28 27 26 25 24 23 22 21 20 19 18 17 16 1 0 
61 59 31 30 29 28 27 26 25 24 23 22 21 20 19 18 17 16 1 0 
158 159 31 30 29 28 27 26 25 24 23 22 21 20 19 18 17 16 1 0 
163 164 31 30 29 28 27 26 25 24 23 22 21 20 19 18 17 16 1 0 
164 163 31 30 29 28 27 26 25 24 23 22 21 20 19 18 17 16 1 0 
159 158 31 30 29 28 27 26 25 24 23 22 21 20 19 18 17 16 1 0 
67 59 31 30 29 28 27 26 25 24 23 22 21 20 19 18 17 16 1 0 
124 31 30 29 28 27 26 25 24 23 22 21 20 19 18 17 16 1 0 
182 31 30 29 28 27 26 25 24 23 22 21 20 19 18 17 16 1 0 
183 31 30 29 28 27 26 25 24 23 22 21 20 19 18 17 16 1 0 
107 
137 
125 
177 
147 
139 
180 
155 
149 
157 

