190 189 188 187 186 185 184 183 182 181 180 179 178 177 176 175 174 173 172 171 170 169 168 167 166 165 164 163 162 161 160 159 158 157 156 155 154 153 152 151 150 149 148 147 146 145 144 143 142 141 140 139 138 137 136 135 134 133 132 131 130 129 128 127 126 125 124 123 122 121 120 119 118 117 116 115 114 113 112 111 110 109 108 107 106 105 104 103 102 101 100 99 98 97 96 95 
94 188 187 186 185 184 183 182 181 180 179 178 177 176 175 174 173 172 171 170 169 168 167 166 165 164 163 162 161 160 159 158 157 156 155 154 153 152 151 150 149 148 147 146 145 144 143 142 93 92 91 90 89 88 87 86 85 84 83 82 81 80 79 78 77 76 75 74 73 72 71 70 69 68 67 66 65 64 63 62 61 60 59 58 57 56 55 54 53 52 51 50 49 48 47 
46 187 186 185 184 183 182 181 180 179 178 177 176 175 174 173 172 171 170 169 168 167 166 165 140 139 138 137 136 135 134 133 132 131 130 129 128 127 126 125 124 123 122 121 120 119 118 92 91 90 89 88 87 86 85 84 83 82 81 80 79 78 77 76 75 74 73 72 71 70 45 44 43 42 41 40 39 38 37 36 35 34 33 32 31 30 29 28 27 26 25 24 23 
22 186 185 184 183 182 181 180 179 178 177 176 163 162 161 160 159 158 157 156 155 154 153 139 138 137 136 135 134 133 132 131 130 129 116 115 114 113 112 111 110 109 108 107 106 91 90 89 88 87 86 85 84 83 82 81 68 67 66 65 64 63 62 61 60 59 58 44 43 42 41 40 39 38 37 36 35 34 21 20 19 18 17 16 15 14 13 12 11 
10 185 184 183 182 181 174 173 172 171 170 162 161 160 159 158 151 150 149 148 147 138 137 136 135 134 127 126 125 124 123 115 114 113 112 111 104 103 102 101 100 90 89 88 87 86 79 78 77 76 75 67 66 65 64 63 56 55 54 53 52 43 42 41 40 39 32 31 30 29 28 20 19 18 17 16 9 8 7 6 5 
0 184 182 179 177 173 171 168 166 161 159 156 154 150 148 145 143 137 135 132 130 126 124 121 119 114 112 109 107 103 101 98 96 89 87 84 82 78 76 73 71 66 64 61 59 55 53 50 48 42 40 37 35 31 29 26 24 19 17 14 12 8 6 3 1 
1 183 181 178 176 172 170 167 165 160 158 155 153 149 147 144 142 136 134 131 129 125 123 120 118 113 111 108 106 102 100 97 95 88 86 83 81 77 75 72 70 65 63 60 58 54 52 49 47 41 39 36 34 30 28 25 23 18 16 13 11 7 5 2 0 
2 185 182 180 177 174 171 169 166 162 159 157 154 151 148 146 143 138 135 133 130 127 124 122 119 115 112 110 107 104 101 99 96 90 87 85 82 79 76 74 71 67 64 62 59 56 53 51 48 43 40 38 35 32 29 27 24 20 17 15 12 9 6 4 1 
3 185 181 180 176 174 170 169 165 162 158 157 153 151 147 146 142 138 134 133 129 127 123 122 118 115 111 110 106 104 100 99 95 90 86 85 81 79 75 74 70 67 63 62 58 56 52 51 47 43 39 38 34 32 28 27 23 20 16 15 11 9 5 4 0 
4 184 183 179 178 173 172 168 167 161 160 156 155 150 149 145 144 137 136 132 131 126 125 121 120 114 113 109 108 103 102 98 97 89 88 84 83 78 77 73 72 66 65 61 60 55 54 50 49 42 41 37 36 31 30 26 25 19 18 14 13 8 7 3 2 
5 186 179 177 175 168 166 163 156 154 152 145 143 139 132 130 128 121 119 116 109 107 105 98 96 91 84 82 80 73 71 68 61 59 57 50 48 44 37 35 33 26 24 21 14 12 10 3 1 
21 187 174 173 172 171 170 164 151 150 149 148 147 140 127 126 125 124 123 117 104 103 102 101 100 92 79 78 77 76 75 69 56 55 54 53 52 45 32 31 30 29 28 22 9 8 7 6 5 
6 186 178 176 175 167 165 163 155 153 152 144 142 139 131 129 128 120 118 116 108 106 105 97 95 91 83 81 80 72 70 68 60 58 57 49 47 44 36 34 33 25 23 21 13 11 10 2 0 
45 188 163 162 161 160 159 158 157 156 155 154 153 141 116 115 114 113 112 111 110 109 108 107 106 93 68 67 66 65 64 63 62 61 60 59 58 46 21 20 19 18 17 16 15 14 13 12 11 
7 186 180 177 175 169 166 163 157 154 152 146 143 139 133 130 128 122 119 116 110 107 105 99 96 91 85 82 80 74 71 68 62 59 57 51 48 44 38 35 33 27 24 21 15 12 10 4 1 
93 189 140 139 138 137 136 135 134 133 132 131 130 129 128 127 126 125 124 123 122 121 120 119 118 94 45 44 43 42 41 40 39 38 37 36 35 34 33 32 31 30 29 28 27 26 25 24 23 
8 186 180 176 175 169 165 163 157 153 152 146 142 139 133 129 128 122 118 116 110 106 105 99 95 91 85 81 80 74 70 68 62 58 57 51 47 44 38 34 33 27 23 21 15 11 10 4 0 
189 190 93 92 91 90 89 88 87 86 85 84 83 82 81 80 79 78 77 76 75 74 73 72 71 70 69 68 67 66 65 64 63 62 61 60 59 58 57 56 55 54 53 52 51 50 49 48 47 
9 186 179 178 175 168 167 163 156 155 152 145 144 139 132 131 128 121 120 116 109 108 105 98 97 91 84 83 80 73 72 68 61 60 57 50 49 44 37 36 33 26 25 21 14 13 10 3 2 
141 190 92 91 90 89 88 87 86 85 84 83 82 81 80 79 78 77 76 75 74 73 72 71 70 45 44 43 42 41 40 39 38 37 36 35 34 33 32 31 30 29 28 27 26 25 24 23 
69 189 139 138 137 136 135 134 133 132 131 130 129 116 115 114 113 112 111 110 109 108 107 106 94 44 43 42 41 40 39 38 37 36 35 34 21 20 19 18 17 16 15 14 13 12 11 
117 190 91 90 89 88 87 86 85 84 83 82 81 68 67 66 65 64 63 62 61 60 59 58 44 43 42 41 40 39 38 37 36 35 34 21 20 19 18 17 16 15 14 13 12 11 
33 188 162 161 160 159 158 151 150 149 148 147 141 115 114 113 112 111 104 103 102 101 100 93 67 66 65 64 63 56 55 54 53 52 46 20 19 18 17 16 9 8 7 6 5 
57 189 138 137 136 135 134 127 126 125 124 123 115 114 113 112 111 104 103 102 101 100 94 43 42 41 40 39 32 31 30 29 28 20 19 18 17 16 9 8 7 6 5 
105 190 90 89 88 87 86 79 78 77 76 75 67 66 65 64 63 56 55 54 53 52 43 42 41 40 39 32 31 30 29 28 20 19 18 17 16 9 8 7 6 5 
15 187 173 172 168 167 164 150 149 145 144 140 126 125 121 120 117 103 102 98 97 92 78 77 73 72 69 55 54 50 49 45 31 30 26 25 22 8 7 3 2 
11 187 173 171 168 166 164 150 148 145 143 140 126 124 121 119 117 103 101 98 96 92 78 76 73 71 69 55 53 50 48 45 31 29 26 24 22 8 6 3 1 
12 187 172 170 167 165 164 149 147 144 142 140 125 123 120 118 117 102 100 97 95 92 77 75 72 70 69 54 52 49 47 45 30 28 25 23 22 7 5 2 0 
13 187 174 171 169 166 164 151 148 146 143 140 127 124 122 119 117 104 101 99 96 92 79 76 74 71 69 56 53 51 48 45 32 29 27 24 22 9 6 4 1 
14 187 174 170 169 165 164 151 147 146 142 140 127 123 122 118 117 104 100 99 95 92 79 75 74 70 69 56 52 51 47 45 32 28 27 23 22 9 5 4 0 
25 188 162 159 157 154 151 148 146 143 141 115 112 110 107 104 101 99 96 93 67 64 62 59 56 53 51 48 46 20 17 15 12 9 6 4 1 
26 188 162 158 157 153 151 147 146 142 141 115 111 110 106 104 100 99 95 93 67 63 62 58 56 52 51 47 46 20 16 15 11 9 5 4 0 
27 188 161 160 156 155 150 149 145 144 141 114 113 109 108 103 102 98 97 93 66 65 61 60 55 54 50 49 46 19 18 14 13 8 7 3 2 
23 188 161 159 156 154 150 148 145 143 141 114 112 109 107 103 101 98 96 93 66 64 61 59 55 53 50 48 46 19 17 14 12 8 6 3 1 
24 188 160 158 155 153 149 147 144 142 141 113 111 108 106 102 100 97 95 93 65 63 60 58 54 52 49 47 46 18 16 13 11 7 5 2 0 
51 189 137 136 132 131 126 125 121 120 114 113 109 108 103 102 98 97 94 42 41 37 36 31 30 26 25 19 18 14 13 8 7 3 2 
47 189 137 135 132 130 126 124 121 119 114 112 109 107 103 101 98 96 94 42 40 37 35 31 29 26 24 19 17 14 12 8 6 3 1 
48 189 136 134 131 129 125 123 120 118 113 111 108 106 102 100 97 95 94 41 39 36 34 30 28 25 23 18 16 13 11 7 5 2 0 
49 189 138 135 133 130 127 124 122 119 115 112 110 107 104 101 99 96 94 43 40 38 35 32 29 27 24 20 17 15 12 9 6 4 1 
50 189 138 134 133 129 127 123 122 118 115 111 110 106 104 100 99 95 94 43 39 38 34 32 28 27 23 20 16 15 11 9 5 4 0 
95 190 89 87 84 82 78 76 73 71 66 64 61 59 55 53 50 48 42 40 37 35 31 29 26 24 19 17 14 12 8 6 3 1 
96 190 88 86 83 81 77 75 72 70 65 63 60 58 54 52 49 47 41 39 36 34 30 28 25 23 18 16 13 11 7 5 2 0 
97 190 90 87 85 82 79 76 74 71 67 64 62 59 56 53 51 48 43 40 38 35 32 29 27 24 20 17 15 12 9 6 4 1 
98 190 90 86 85 81 79 75 74 70 67 63 62 58 56 52 51 47 43 39 38 34 32 28 27 23 20 16 15 11 9 5 4 0 
99 190 89 88 84 83 78 77 73 72 66 65 61 60 55 54 50 49 42 41 37 36 31 30 26 25 19 18 14 13 8 7 3 2 
20 187 175 168 167 164 152 145 144 140 128 121 120 117 105 98 97 92 80 73 72 69 57 50 49 45 33 26 25 22 10 3 2 
16 187 175 168 166 164 152 145 143 140 128 121 119 117 105 98 96 92 80 73 71 69 57 50 48 45 33 26 24 22 10 3 1 
17 187 175 167 165 164 152 144 142 140 128 120 118 117 105 97 95 92 80 72 70 69 57 49 47 45 33 25 23 22 10 2 0 
18 187 175 169 166 164 152 146 143 140 128 122 119 117 105 99 96 92 80 74 71 69 57 51 48 45 33 27 24 22 10 4 1 
19 187 175 169 165 164 152 146 142 140 128 122 118 117 105 99 95 92 80 74 70 69 57 51 47 45 33 27 23 22 10 4 0 
32 188 163 156 155 152 145 144 141 116 109 108 105 98 97 93 68 61 60 57 50 49 46 21 14 13 10 3 2 
28 188 163 156 154 152 145 143 141 116 109 107 105 98 96 93 68 61 59 57 50 48 46 21 14 12 10 3 1 
44 188 164 151 150 149 148 147 141 117 104 103 102 101 100 93 69 56 55 54 53 52 46 22 9 8 7 6 5 
29 188 163 155 153 152 144 142 141 116 108 106 105 97 95 93 68 60 58 57 49 47 46 21 13 11 10 2 0 
30 188 163 157 154 152 146 143 141 116 110 107 105 99 96 93 68 62 59 57 51 48 46 21 15 12 10 4 1 
31 188 163 157 153 152 146 142 141 116 110 106 105 99 95 93 68 62 58 57 51 47 46 21 15 11 10 4 0 
53 189 139 131 129 128 120 118 116 108 106 105 97 95 94 44 36 34 33 25 23 21 13 11 10 2 0 
92 189 141 116 115 114 113 112 111 110 109 108 107 106 94 46 21 20 19 18 17 16 15 14 13 12 11 
54 189 139 133 130 128 122 119 116 110 107 105 99 96 94 44 38 35 33 27 24 21 15 12 10 4 1 
55 189 139 133 129 128 122 118 116 110 106 105 99 95 94 44 38 34 33 27 23 21 15 11 10 4 0 
56 189 139 132 131 128 121 120 116 109 108 105 98 97 94 44 37 36 33 26 25 21 14 13 10 3 2 
52 189 139 132 130 128 121 119 116 109 107 105 98 96 94 44 37 35 33 26 24 21 14 12 10 3 1 
68 189 140 127 126 125 124 123 117 104 103 102 101 100 94 45 32 31 30 29 28 22 9 8 7 6 5 
100 190 91 84 82 80 73 71 68 61 59 57 50 48 44 37 35 33 26 24 21 14 12 10 3 1 
116 190 92 79 78 77 76 75 69 56 55 54 53 52 45 32 31 30 29 28 22 9 8 7 6 5 
101 190 91 83 81 80 72 70 68 60 58 57 49 47 44 36 34 33 25 23 21 13 11 10 2 0 
140 190 93 68 67 66 65 64 63 62 61 60 59 58 46 21 20 19 18 17 16 15 14 13 12 11 
102 190 91 85 82 80 74 71 68 62 59 57 51 48 44 38 35 33 27 24 21 15 12 10 4 1 
188 190 94 45 44 43 42 41 40 39 38 37 36 35 34 33 32 31 30 29 28 27 26 25 24 23 
103 190 91 85 81 80 74 70 68 62 58 57 51 47 44 38 34 33 27 23 21 15 11 10 4 0 
104 190 91 84 83 80 73 72 68 61 60 57 50 49 44 37 36 33 26 25 21 14 13 10 3 2 
38 188 164 150 149 145 144 141 117 103 102 98 97 93 69 55 54 50 49 46 22 8 7 3 2 
34 188 164 150 148 145 143 141 117 103 101 98 96 93 69 55 53 50 48 46 22 8 6 3 1 
80 189 141 115 114 113 112 111 104 103 102 101 100 94 46 20 19 18 17 16 9 8 7 6 5 
164 190 94 44 43 42 41 40 39 38 37 36 35 34 21 20 19 18 17 16 15 14 13 12 11 
35 188 164 149 147 144 142 141 117 102 100 97 95 93 69 54 52 49 47 46 22 7 5 2 0 
36 188 164 151 148 146 143 141 117 104 101 99 96 93 69 56 53 51 48 46 22 9 6 4 1 
37 188 164 151 147 146 142 141 117 104 100 99 95 93 69 56 52 51 47 46 22 9 5 4 0 
128 190 93 67 66 65 64 63 56 55 54 53 52 46 20 19 18 17 16 9 8 7 6 5 
59 189 140 125 123 120 118 117 102 100 97 95 94 45 30 28 25 23 22 7 5 2 0 
152 190 94 43 42 41 40 39 32 31 30 29 28 20 19 18 17 16 9 8 7 6 5 
60 189 140 127 124 122 119 117 104 101 99 96 94 45 32 29 27 24 22 9 6 4 1 
61 189 140 127 123 122 118 117 104 100 99 95 94 45 32 28 27 23 22 9 5 4 0 
62 189 140 126 125 121 120 117 103 102 98 97 94 45 31 30 26 25 22 8 7 3 2 
58 189 140 126 124 121 119 117 103 101 98 96 94 45 31 29 26 24 22 8 6 3 1 
106 190 92 78 76 73 71 69 55 53 50 48 45 31 29 26 24 22 8 6 3 1 
107 190 92 77 75 72 70 69 54 52 49 47 45 30 28 25 23 22 7 5 2 0 
108 190 92 79 76 74 71 69 56 53 51 48 45 32 29 27 24 22 9 6 4 1 
109 190 92 79 75 74 70 69 56 52 51 47 45 32 28 27 23 22 9 5 4 0 
110 190 92 78 77 73 72 69 55 54 50 49 45 31 30 26 25 22 8 7 3 2 
40 188 164 152 144 142 141 117 105 97 95 93 69 57 49 47 46 22 10 2 0 
41 188 164 152 146 143 141 117 105 99 96 93 69 57 51 48 46 22 10 4 1 
42 188 164 152 146 142 141 117 105 99 95 93 69 57 51 47 46 22 10 4 0 
43 188 164 152 145 144 141 117 105 98 97 93 69 57 50 49 46 22 10 3 2 
39 188 164 152 145 143 141 117 105 98 96 93 69 57 50 48 46 22 10 3 1 
70 189 141 114 112 109 107 103 101 98 96 94 46 19 17 14 12 8 6 3 1 
71 189 141 113 111 108 106 102 100 97 95 94 46 18 16 13 11 7 5 2 0 
72 189 141 115 112 110 107 104 101 99 96 94 46 20 17 15 12 9 6 4 1 
73 189 141 115 111 110 106 104 100 99 95 94 46 20 16 15 11 9 5 4 0 
74 189 141 114 113 109 108 103 102 98 97 94 46 19 18 14 13 8 7 3 2 
121 190 93 67 63 62 58 56 52 51 47 46 20 16 15 11 9 5 4 0 
122 190 93 66 65 61 60 55 54 50 49 46 19 18 14 13 8 7 3 2 
118 190 93 66 64 61 59 55 53 50 48 46 19 17 14 12 8 6 3 1 
119 190 93 65 63 60 58 54 52 49 47 46 18 16 13 11 7 5 2 0 
120 190 93 67 64 62 59 56 53 51 48 46 20 17 15 12 9 6 4 1 
142 190 94 42 40 37 35 31 29 26 24 19 17 14 12 8 6 3 1 
143 190 94 41 39 36 34 30 28 25 23 18 16 13 11 7 5 2 0 
144 190 94 43 40 38 35 32 29 27 24 20 17 15 12 9 6 4 1 
145 190 94 43 39 38 34 32 28 27 23 20 16 15 11 9 5 4 0 
146 190 94 42 41 37 36 31 30 26 25 19 18 14 13 8 7 3 2 
65 189 140 128 122 119 117 105 99 96 94 45 33 27 24 22 10 4 1 
66 189 140 128 122 118 117 105 99 95 94 45 33 27 23 22 10 4 0 
67 189 140 128 121 120 117 105 98 97 94 45 33 26 25 22 10 3 2 
63 189 140 128 121 119 117 105 98 96 94 45 33 26 24 22 10 3 1 
64 189 140 128 120 118 117 105 97 95 94 45 33 25 23 22 10 2 0 
111 190 92 80 73 71 69 57 50 48 45 33 26 24 22 10 3 1 
112 190 92 80 72 70 69 57 49 47 45 33 25 23 22 10 2 0 
113 190 92 80 74 71 69 57 51 48 45 33 27 24 22 10 4 1 
114 190 92 80 74 70 69 57 51 47 45 33 27 23 22 10 4 0 
115 190 92 80 73 72 69 57 50 49 45 33 26 25 22 10 3 2 
78 189 141 116 110 106 105 99 95 94 46 21 15 11 10 4 0 
79 189 141 116 109 108 105 98 97 94 46 21 14 13 10 3 2 
75 189 141 116 109 107 105 98 96 94 46 21 14 12 10 3 1 
91 189 141 117 104 103 102 101 100 94 46 22 9 8 7 6 5 
76 189 141 116 108 106 105 97 95 94 46 21 13 11 10 2 0 
77 189 141 116 110 107 105 99 96 94 46 21 15 12 10 4 1 
124 190 93 68 60 58 57 49 47 46 21 13 11 10 2 0 
125 190 93 68 62 59 57 51 48 46 21 15 12 10 4 1 
126 190 93 68 62 58 57 51 47 46 21 15 11 10 4 0 
127 190 93 68 61 60 57 50 49 46 21 14 13 10 3 2 
123 190 93 68 61 59 57 50 48 46 21 14 12 10 3 1 
139 190 93 69 56 55 54 53 52 46 22 9 8 7 6 5 
147 190 94 44 37 35 33 26 24 21 14 12 10 3 1 
148 190 94 44 36 34 33 25 23 21 13 11 10 2 0 
149 190 94 44 38 35 33 27 24 21 15 12 10 4 1 
150 190 94 44 38 34 33 27 23 21 15 11 10 4 0 
151 190 94 44 37 36 33 26 25 21 14 13 10 3 2 
82 189 141 117 102 100 97 95 94 46 22 7 5 2 0 
163 190 94 45 32 31 30 29 28 22 9 8 7 6 5 
83 189 141 117 104 101 99 96 94 46 22 9 6 4 1 
187 190 94 46 21 20 19 18 17 16 15 14 13 12 11 
84 189 141 117 104 100 99 95 94 46 22 9 5 4 0 
85 189 141 117 103 102 98 97 94 46 22 8 7 3 2 
81 189 141 117 103 101 98 96 94 46 22 8 6 3 1 
129 190 93 69 55 53 50 48 46 22 8 6 3 1 
175 190 94 46 20 19 18 17 16 9 8 7 6 5 
130 190 93 69 54 52 49 47 46 22 7 5 2 0 
131 190 93 69 56 53 51 48 46 22 9 6 4 1 
132 190 93 69 56 52 51 47 46 22 9 5 4 0 
133 190 93 69 55 54 50 49 46 22 8 7 3 2 
155 190 94 45 32 29 27 24 22 9 6 4 1 
156 190 94 45 32 28 27 23 22 9 5 4 0 
157 190 94 45 31 30 26 25 22 8 7 3 2 
88 189 141 117 105 99 96 94 46 22 10 4 1 
89 189 141 117 105 99 95 94 46 22 10 4 0 
90 189 141 117 105 98 97 94 46 22 10 3 2 
86 189 141 117 105 98 96 94 46 22 10 3 1 
87 189 141 117 105 97 95 94 46 22 10 2 0 
153 190 94 45 31 29 26 24 22 8 6 3 1 
154 190 94 45 30 28 25 23 22 7 5 2 0 
165 190 94 46 19 17 14 12 8 6 3 1 
166 190 94 46 18 16 13 11 7 5 2 0 
167 190 94 46 20 17 15 12 9 6 4 1 
168 190 94 46 20 16 15 11 9 5 4 0 
169 190 94 46 19 18 14 13 8 7 3 2 
135 190 93 69 57 49 47 46 22 10 2 0 
136 190 93 69 57 51 48 46 22 10 4 1 
137 190 93 69 57 51 47 46 22 10 4 0 
138 190 93 69 57 50 49 46 22 10 3 2 
134 190 93 69 57 50 48 46 22 10 3 1 
160 190 94 45 33 27 24 22 10 4 1 
161 190 94 45 33 27 23 22 10 4 0 
162 190 94 45 33 26 25 22 10 3 2 
158 190 94 45 33 26 24 22 10 3 1 
159 190 94 45 33 25 23 22 10 2 0 
170 190 94 46 21 14 12 10 3 1 
186 190 94 46 22 9 8 7 6 5 
171 190 94 46 21 13 11 10 2 0 
172 190 94 46 21 15 12 10 4 1 
173 190 94 46 21 15 11 10 4 0 
174 190 94 46 21 14 13 10 3 2 
176 190 94 46 22 8 6 3 1 
177 190 94 46 22 7 5 2 0 
178 190 94 46 22 9 6 4 1 
179 190 94 46 22 9 5 4 0 
180 190 94 46 22 8 7 3 2 
181 190 94 46 22 10 3 1 
182 190 94 46 22 10 2 0 
183 190 94 46 22 10 4 1 
184 190 94 46 22 10 4 0 
185 190 94 46 22 10 3 2 

