46 45 44 43 42 41 40 39 38 37 36 35 34 33 32 31 30 29 28 27 26 25 24 23 
22 44 43 42 41 40 39 38 37 36 35 34 21 20 19 18 17 16 15 14 13 12 11 
10 43 42 41 40 39 32 31 30 29 28 20 19 18 17 16 9 8 7 6 5 
3 43 39 38 34 32 28 27 23 20 16 15 11 9 5 4 0 
4 42 41 37 36 31 30 26 25 19 18 14 13 8 7 3 2 
0 42 40 37 35 31 29 26 24 19 17 14 12 8 6 3 1 
1 41 39 36 34 30 28 25 23 18 16 13 11 7 5 2 0 
2 43 40 38 35 32 29 27 24 20 17 15 12 9 6 4 1 
8 44 38 34 33 27 23 21 15 11 10 4 0 
9 44 37 36 33 26 25 21 14 13 10 3 2 
5 44 37 35 33 26 24 21 14 12 10 3 1 
21 45 32 31 30 29 28 22 9 8 7 6 5 
6 44 36 34 33 25 23 21 13 11 10 2 0 
45 46 21 20 19 18 17 16 15 14 13 12 11 
7 44 38 35 33 27 24 21 15 12 10 4 1 
33 46 20 19 18 17 16 9 8 7 6 5 
11 45 31 29 26 24 22 8 6 3 1 
12 45 30 28 25 23 22 7 5 2 0 
13 45 32 29 27 24 22 9 6 4 1 
14 45 32 28 27 23 22 9 5 4 0 
15 45 31 30 26 25 22 8 7 3 2 
26 46 20 16 15 11 9 5 4 0 
27 46 19 18 14 13 8 7 3 2 
23 46 19 17 14 12 8 6 3 1 
24 46 18 16 13 11 7 5 2 0 
25 46 20 17 15 12 9 6 4 1 
16 45 33 26 24 22 10 3 1 
17 45 33 25 23 22 10 2 0 
18 45 33 27 24 22 10 4 1 
19 45 33 27 23 22 10 4 0 
20 45 33 26 25 22 10 3 2 
31 46 21 15 11 10 4 0 
32 46 21 14 13 10 3 2 
28 46 21 14 12 10 3 1 
44 46 22 9 8 7 6 5 
29 46 21 13 11 10 2 0 
30 46 21 15 12 10 4 1 
37 46 22 9 5 4 0 
38 46 22 8 7 3 2 
34 46 22 8 6 3 1 
35 46 22 7 5 2 0 
36 46 22 9 6 4 1 
42 46 22 10 4 0 
43 46 22 10 3 2 
39 46 22 10 3 1 
40 46 22 10 2 0 
41 46 22 10 4 1 

