94 93 92 91 90 89 88 87 86 85 84 83 82 81 80 79 78 77 76 75 74 73 72 71 70 69 68 67 66 65 64 63 62 61 60 59 58 57 56 55 54 53 52 51 50 49 48 47 
46 92 91 90 89 88 87 86 85 84 83 82 81 80 79 78 77 76 75 74 73 72 71 70 45 44 43 42 41 40 39 38 37 36 35 34 33 32 31 30 29 28 27 26 25 24 23 
22 91 90 89 88 87 86 85 84 83 82 81 68 67 66 65 64 63 62 61 60 59 58 44 43 42 41 40 39 38 37 36 35 34 21 20 19 18 17 16 15 14 13 12 11 
10 90 89 88 87 86 79 78 77 76 75 67 66 65 64 63 56 55 54 53 52 43 42 41 40 39 32 31 30 29 28 20 19 18 17 16 9 8 7 6 5 
4 89 88 84 83 78 77 73 72 66 65 61 60 55 54 50 49 42 41 37 36 31 30 26 25 19 18 14 13 8 7 3 2 
0 89 87 84 82 78 76 73 71 66 64 61 59 55 53 50 48 42 40 37 35 31 29 26 24 19 17 14 12 8 6 3 1 
1 88 86 83 81 77 75 72 70 65 63 60 58 54 52 49 47 41 39 36 34 30 28 25 23 18 16 13 11 7 5 2 0 
2 90 87 85 82 79 76 74 71 67 64 62 59 56 53 51 48 43 40 38 35 32 29 27 24 20 17 15 12 9 6 4 1 
3 90 86 85 81 79 75 74 70 67 63 62 58 56 52 51 47 43 39 38 34 32 28 27 23 20 16 15 11 9 5 4 0 
9 91 84 83 80 73 72 68 61 60 57 50 49 44 37 36 33 26 25 21 14 13 10 3 2 
5 91 84 82 80 73 71 68 61 59 57 50 48 44 37 35 33 26 24 21 14 12 10 3 1 
21 92 79 78 77 76 75 69 56 55 54 53 52 45 32 31 30 29 28 22 9 8 7 6 5 
6 91 83 81 80 72 70 68 60 58 57 49 47 44 36 34 33 25 23 21 13 11 10 2 0 
45 93 68 67 66 65 64 63 62 61 60 59 58 46 21 20 19 18 17 16 15 14 13 12 11 
7 91 85 82 80 74 71 68 62 59 57 51 48 44 38 35 33 27 24 21 15 12 10 4 1 
93 94 45 44 43 42 41 40 39 38 37 36 35 34 33 32 31 30 29 28 27 26 25 24 23 
8 91 85 81 80 74 70 68 62 58 57 51 47 44 38 34 33 27 23 21 15 11 10 4 0 
69 94 44 43 42 41 40 39 38 37 36 35 34 21 20 19 18 17 16 15 14 13 12 11 
33 93 67 66 65 64 63 56 55 54 53 52 46 20 19 18 17 16 9 8 7 6 5 
57 94 43 42 41 40 39 32 31 30 29 28 20 19 18 17 16 9 8 7 6 5 
15 92 78 77 73 72 69 55 54 50 49 45 31 30 26 25 22 8 7 3 2 
11 92 78 76 73 71 69 55 53 50 48 45 31 29 26 24 22 8 6 3 1 
12 92 77 75 72 70 69 54 52 49 47 45 30 28 25 23 22 7 5 2 0 
13 92 79 76 74 71 69 56 53 51 48 45 32 29 27 24 22 9 6 4 1 
14 92 79 75 74 70 69 56 52 51 47 45 32 28 27 23 22 9 5 4 0 
25 93 67 64 62 59 56 53 51 48 46 20 17 15 12 9 6 4 1 
26 93 67 63 62 58 56 52 51 47 46 20 16 15 11 9 5 4 0 
27 93 66 65 61 60 55 54 50 49 46 19 18 14 13 8 7 3 2 
23 93 66 64 61 59 55 53 50 48 46 19 17 14 12 8 6 3 1 
24 93 65 63 60 58 54 52 49 47 46 18 16 13 11 7 5 2 0 
51 94 42 41 37 36 31 30 26 25 19 18 14 13 8 7 3 2 
47 94 42 40 37 35 31 29 26 24 19 17 14 12 8 6 3 1 
48 94 41 39 36 34 30 28 25 23 18 16 13 11 7 5 2 0 
49 94 43 40 38 35 32 29 27 24 20 17 15 12 9 6 4 1 
50 94 43 39 38 34 32 28 27 23 20 16 15 11 9 5 4 0 
20 92 80 73 72 69 57 50 49 45 33 26 25 22 10 3 2 
16 92 80 73 71 69 57 50 48 45 33 26 24 22 10 3 1 
17 92 80 72 70 69 57 49 47 45 33 25 23 22 10 2 0 
18 92 80 74 71 69 57 51 48 45 33 27 24 22 10 4 1 
19 92 80 74 70 69 57 51 47 45 33 27 23 22 10 4 0 
44 93 69 56 55 54 53 52 46 22 9 8 7 6 5 
29 93 68 60 58 57 49 47 46 21 13 11 10 2 0 
30 93 68 62 59 57 51 48 46 21 15 12 10 4 1 
31 93 68 62 58 57 51 47 46 21 15 11 10 4 0 
32 93 68 61 60 57 50 49 46 21 14 13 10 3 2 
28 93 68 61 59 57 50 48 46 21 14 12 10 3 1 
56 94 44 37 36 33 26 25 21 14 13 10 3 2 
52 94 44 37 35 33 26 24 21 14 12 10 3 1 
68 94 45 32 31 30 29 28 22 9 8 7 6 5 
53 94 44 36 34 33 25 23 21 13 11 10 2 0 
92 94 46 21 20 19 18 17 16 15 14 13 12 11 
54 94 44 38 35 33 27 24 21 15 12 10 4 1 
55 94 44 38 34 33 27 23 21 15 11 10 4 0 
38 93 69 55 54 50 49 46 22 8 7 3 2 
34 93 69 55 53 50 48 46 22 8 6 3 1 
80 94 46 20 19 18 17 16 9 8 7 6 5 
35 93 69 54 52 49 47 46 22 7 5 2 0 
36 93 69 56 53 51 48 46 22 9 6 4 1 
37 93 69 56 52 51 47 46 22 9 5 4 0 
59 94 45 30 28 25 23 22 7 5 2 0 
60 94 45 32 29 27 24 22 9 6 4 1 
61 94 45 32 28 27 23 22 9 5 4 0 
62 94 45 31 30 26 25 22 8 7 3 2 
58 94 45 31 29 26 24 22 8 6 3 1 
39 93 69 57 50 48 46 22 10 3 1 
70 94 46 19 17 14 12 8 6 3 1 
71 94 46 18 16 13 11 7 5 2 0 
72 94 46 20 17 15 12 9 6 4 1 
73 94 46 20 16 15 11 9 5 4 0 
74 94 46 19 18 14 13 8 7 3 2 
40 93 69 57 49 47 46 22 10 2 0 
41 93 69 57 51 48 46 22 10 4 1 
42 93 69 57 51 47 46 22 10 4 0 
43 93 69 57 50 49 46 22 10 3 2 
64 94 45 33 25 23 22 10 2 0 
65 94 45 33 27 24 22 10 4 1 
66 94 45 33 27 23 22 10 4 0 
67 94 45 33 26 25 22 10 3 2 
63 94 45 33 26 24 22 10 3 1 
79 94 46 21 14 13 10 3 2 
75 94 46 21 14 12 10 3 1 
91 94 46 22 9 8 7 6 5 
76 94 46 21 13 11 10 2 0 
77 94 46 21 15 12 10 4 1 
78 94 46 21 15 11 10 4 0 
85 94 46 22 8 7 3 2 
81 94 46 22 8 6 3 1 
82 94 46 22 7 5 2 0 
83 94 46 22 9 6 4 1 
84 94 46 22 9 5 4 0 
90 94 46 22 10 3 2 
86 94 46 22 10 3 1 
87 94 46 22 10 2 0 
88 94 46 22 10 4 1 
89 94 46 22 10 4 0 

