112 224 217 210 208 202 196 192 187 182 176 172 168 160 157 154 144 142 140 128 127 126 119 118 117 116 115 114 113 111 110 109 108 107 106 105 98 97 96 84 82 80 70 67 64 56 52 48 42 37 32 28 22 16 14 7 0 
97 217 209 202 195 193 187 181 177 172 167 161 157 153 145 142 139 129 127 125 113 112 111 104 103 102 101 100 99 98 96 95 94 93 92 91 90 83 82 81 69 67 65 55 52 49 41 37 33 27 22 17 13 7 1 
98 218 210 203 196 194 188 182 178 173 168 162 158 154 146 143 140 130 128 126 114 113 112 104 103 102 101 100 99 97 96 95 94 93 92 91 90 84 83 82 70 68 66 56 53 50 42 38 34 28 23 18 14 8 2 
111 223 216 207 201 195 191 186 181 175 171 167 159 156 153 143 141 139 127 126 125 119 118 117 116 115 114 113 112 110 109 108 107 106 105 97 96 95 83 81 79 69 66 63 55 51 47 41 36 31 27 21 15 13 6 
96 224 216 208 201 192 186 180 176 171 166 160 156 152 144 141 138 128 126 124 112 111 110 104 103 102 101 100 99 98 97 95 94 93 92 91 90 82 81 80 68 66 64 54 51 48 40 36 32 26 21 16 12 6 0 
113 218 211 209 203 197 193 188 183 177 173 169 161 158 155 145 143 141 129 128 127 119 118 117 116 115 114 112 111 110 109 108 107 106 105 99 98 97 85 83 81 71 68 65 57 53 49 43 38 33 29 23 17 8 1 
126 222 216 210 206 201 196 190 186 182 174 171 168 158 156 154 142 141 140 134 133 132 131 130 129 128 127 125 124 123 122 121 120 112 111 110 98 96 94 84 81 78 70 66 62 56 51 46 42 36 30 28 21 14 6 
127 223 217 211 207 202 197 191 187 183 175 172 169 159 157 155 143 142 141 134 133 132 131 130 129 128 126 125 124 123 122 121 120 113 112 111 99 97 95 85 82 79 71 67 63 57 52 47 43 37 31 29 22 15 7 
128 224 218 212 208 203 198 192 188 184 176 173 170 160 158 156 144 143 142 134 133 132 131 130 129 127 126 125 124 123 122 121 120 114 113 112 100 98 96 86 83 80 72 68 64 58 53 48 44 38 32 23 16 8 0 
99 219 211 204 197 189 183 179 174 169 163 159 155 147 144 141 131 129 127 115 114 113 104 103 102 101 100 98 97 96 95 94 93 92 91 90 85 84 83 71 69 67 57 54 51 43 39 35 29 24 19 9 3 
110 222 215 206 200 190 185 180 174 170 166 158 155 152 142 140 138 126 125 124 119 118 117 116 115 114 113 112 111 109 108 107 106 105 96 95 94 82 80 78 68 65 62 54 50 46 40 35 30 26 20 12 5 
83 218 203 195 188 181 179 173 167 163 158 153 147 143 139 131 128 125 115 113 111 99 98 97 89 88 87 86 85 84 82 81 80 79 78 77 76 75 69 68 67 55 53 51 41 38 35 27 23 19 13 8 3 
84 219 210 204 196 189 182 174 168 164 159 154 148 144 140 132 129 126 116 114 112 100 99 98 89 88 87 86 85 83 82 81 80 79 78 77 76 75 70 69 68 56 54 52 42 39 36 28 24 20 14 9 4 
95 223 215 207 200 191 185 175 170 165 159 155 151 143 140 137 127 125 123 111 110 109 104 103 102 101 100 99 98 97 96 94 93 92 91 90 81 80 79 67 65 63 53 50 47 39 35 31 25 20 15 11 5 
114 219 212 204 198 194 189 184 178 174 170 162 159 156 146 144 142 130 129 128 119 118 117 116 115 113 112 111 110 109 108 107 106 105 100 99 98 86 84 82 72 69 66 58 54 50 44 39 34 24 18 9 2 
125 221 215 205 200 195 189 185 181 173 170 167 157 155 153 141 140 139 134 133 132 131 130 129 128 127 126 124 123 122 121 120 111 110 109 97 95 93 83 80 77 69 65 61 55 50 45 41 35 27 20 13 5 
80 224 215 208 200 192 185 176 170 160 155 150 144 140 136 128 125 122 112 110 108 96 95 94 89 88 87 86 85 84 83 82 81 79 78 77 76 75 66 65 64 52 50 48 38 35 32 24 20 16 10 5 0 
81 216 209 201 193 186 177 171 165 161 156 151 145 141 137 129 126 123 113 111 109 97 96 95 89 88 87 86 85 84 83 82 80 79 78 77 76 75 67 66 65 53 51 49 39 36 33 25 21 17 11 6 1 
82 217 202 194 187 180 178 172 166 162 157 152 146 142 138 130 127 124 114 112 110 98 97 96 89 88 87 86 85 84 83 81 80 79 78 77 76 75 68 67 66 54 52 50 40 37 34 26 22 18 12 7 2 
129 219 213 209 204 199 193 189 185 177 174 171 161 159 157 145 144 143 134 133 132 131 130 128 127 126 125 124 123 122 121 120 115 114 113 101 99 97 87 84 81 73 69 65 59 54 49 39 33 24 17 9 1 
140 220 215 210 204 200 196 188 185 182 172 170 168 156 155 154 149 148 147 146 145 144 143 142 141 139 138 137 136 135 126 125 124 112 110 108 98 95 92 84 80 76 70 65 60 56 50 42 35 28 20 14 5 
141 221 216 211 205 201 197 189 186 183 173 171 169 157 156 155 149 148 147 146 145 144 143 142 140 139 138 137 136 135 127 126 125 113 111 109 99 96 93 85 81 77 71 66 61 57 51 45 43 36 29 21 6 
142 222 217 212 206 202 198 190 187 184 174 172 170 158 157 156 149 148 147 146 145 144 143 141 140 139 138 137 136 135 128 127 126 114 112 110 100 97 94 86 82 78 72 67 62 58 52 46 44 37 30 22 7 
143 223 218 213 207 203 199 191 188 185 175 173 171 159 158 157 149 148 147 146 145 144 142 141 140 139 138 137 136 135 129 128 127 115 113 111 101 98 95 87 83 79 73 68 63 59 53 47 38 31 23 15 8 
144 224 219 214 208 204 200 192 189 186 176 174 172 160 159 158 149 148 147 146 145 143 142 141 140 139 138 137 136 135 130 129 128 116 114 112 102 99 96 88 84 80 74 69 64 54 48 39 32 24 16 9 0 
85 220 211 205 197 190 183 175 169 160 155 149 145 141 133 130 127 117 115 113 101 100 99 89 88 87 86 84 83 82 81 80 79 78 77 76 75 71 70 69 57 55 53 43 40 37 29 25 21 10 5 
94 222 214 206 199 190 184 174 169 158 154 150 142 139 136 126 124 122 110 109 108 104 103 102 101 100 99 98 97 96 95 93 92 91 90 80 79 78 66 64 62 52 49 46 38 34 30 24 19 10 4 
115 220 213 205 199 190 185 179 175 171 163 160 157 147 145 143 131 130 129 119 118 117 116 114 113 112 111 110 109 108 107 106 105 101 100 99 87 85 83 73 70 67 59 55 51 40 35 25 19 10 3 
124 220 214 204 199 188 184 180 172 169 166 156 154 152 140 139 138 134 133 132 131 130 129 128 127 126 125 123 122 121 120 110 109 108 96 94 92 82 79 76 68 64 60 54 49 40 34 26 19 12 4 
69 219 204 195 189 181 174 167 159 153 149 144 139 133 129 125 117 114 111 101 99 97 85 84 83 74 73 72 71 70 68 67 66 65 64 63 62 61 60 55 54 53 41 39 37 27 24 21 13 9 5 
70 220 210 205 196 190 182 175 168 160 154 145 140 134 130 126 118 115 112 102 100 98 86 85 84 74 73 72 71 69 68 67 66 65 64 63 62 61 60 56 55 54 42 40 38 28 25 22 14 10 6 
79 223 214 207 199 191 184 175 169 159 154 143 139 135 127 124 121 111 109 107 95 94 93 89 88 87 86 85 84 83 82 81 80 78 77 76 75 65 64 63 51 49 47 37 34 31 23 19 15 9 4 
64 224 214 208 199 192 184 176 169 160 154 144 139 128 124 120 112 109 106 96 94 92 80 79 78 74 73 72 71 70 69 68 67 66 65 63 62 61 60 50 49 48 36 34 32 22 19 16 8 4 0 
65 215 209 200 193 185 177 170 161 155 145 140 135 129 125 121 113 110 107 97 95 93 81 80 79 74 73 72 71 70 69 68 67 66 64 63 62 61 60 51 50 49 37 35 33 23 20 17 9 5 1 
130 220 214 205 200 194 190 186 178 175 172 162 160 158 146 145 144 134 133 132 131 129 128 127 126 125 124 123 122 121 120 116 115 114 102 100 98 88 85 82 74 70 66 55 50 40 34 25 18 10 2 
139 219 214 203 199 195 187 184 181 171 169 167 155 154 153 149 148 147 146 145 144 143 142 141 140 138 137 136 135 125 124 123 111 109 107 97 94 91 83 79 75 69 64 55 49 41 34 27 19 13 4 
100 220 212 205 198 190 184 175 170 164 160 156 148 145 142 132 130 128 116 115 114 104 103 102 101 99 98 97 96 95 94 93 92 91 90 86 85 84 72 70 68 58 55 52 44 40 36 25 20 10 4 
109 221 214 205 199 189 184 173 169 165 157 154 151 141 139 137 125 124 123 119 118 117 116 115 114 113 112 111 110 108 107 106 105 95 94 93 81 79 77 67 64 61 53 49 45 39 34 25 19 11 4 
66 216 201 194 186 178 171 162 156 150 146 141 136 130 126 122 114 111 108 98 96 94 82 81 80 74 73 72 71 70 69 68 67 65 64 63 62 61 60 52 51 50 38 36 34 24 21 18 10 6 2 
67 217 202 187 179 172 165 163 157 151 147 142 137 131 127 123 115 112 109 99 97 95 83 82 81 74 73 72 71 70 69 68 66 65 64 63 62 61 60 53 52 51 39 37 35 25 22 19 11 7 3 
68 218 203 188 180 173 166 164 158 152 148 143 138 132 128 124 116 113 110 100 98 96 84 83 82 74 73 72 71 70 69 67 66 65 64 63 62 61 60 54 53 52 40 38 36 26 23 20 12 8 4 
145 220 215 209 205 201 193 190 187 177 175 173 161 160 159 149 148 147 146 144 143 142 141 140 139 138 137 136 135 131 130 129 117 115 113 103 100 97 89 85 81 70 65 55 49 40 33 25 17 10 1 
154 218 214 210 202 199 196 186 184 182 170 169 168 164 163 162 161 160 159 158 157 156 155 153 152 151 150 140 139 138 126 124 122 112 109 106 98 94 90 84 79 70 64 56 49 42 34 28 19 14 4 
155 219 215 211 203 200 197 187 185 183 171 170 169 164 163 162 161 160 159 158 157 156 154 153 152 151 150 141 140 139 127 125 123 113 110 107 99 95 91 85 80 75 71 65 57 50 43 35 29 20 5 
156 220 216 212 204 201 198 188 186 184 172 171 170 164 163 162 161 160 159 158 157 155 154 153 152 151 150 142 141 140 128 126 124 114 111 108 100 96 92 86 81 76 72 66 60 58 51 44 36 21 6 
157 221 217 213 205 202 199 189 187 185 173 172 171 164 163 162 161 160 159 158 156 155 154 153 152 151 150 143 142 141 129 127 125 115 112 109 101 97 93 87 82 77 73 67 61 59 52 45 37 22 7 
158 222 218 214 206 203 200 190 188 186 174 173 172 164 163 162 161 160 159 157 156 155 154 153 152 151 150 144 143 142 130 128 126 116 113 110 102 98 94 88 83 78 74 68 62 53 46 38 30 23 8 
159 223 219 215 207 204 201 191 189 187 175 174 173 164 163 162 161 160 158 157 156 155 154 153 152 151 150 145 144 143 131 129 127 117 114 111 103 99 95 89 84 79 69 63 54 47 39 31 24 15 9 
160 224 220 216 208 205 202 192 190 188 176 175 174 164 163 162 161 159 158 157 156 155 154 153 152 151 150 146 145 144 132 130 128 118 115 112 104 100 96 85 80 70 64 55 48 40 32 25 16 10 0 
71 221 211 206 197 191 183 176 169 161 155 146 141 131 127 119 116 113 103 101 99 87 86 85 74 73 72 70 69 68 67 66 65 64 63 62 61 60 57 56 55 43 41 39 29 26 23 11 7 
78 222 213 206 198 190 183 174 168 158 153 142 138 126 123 120 110 108 106 94 93 92 89 88 87 86 85 84 83 82 81 80 79 77 76 75 64 63 62 50 48 46 36 33 30 22 18 8 3 
55 220 205 195 190 181 175 167 160 153 145 139 130 125 119 115 111 103 100 97 87 85 83 71 70 69 59 58 57 56 54 53 52 51 50 49 48 47 46 45 41 40 39 27 25 23 13 10 7 
56 221 210 206 196 191 182 176 168 161 154 146 140 131 126 116 112 104 101 98 88 86 84 72 71 70 59 58 57 55 54 53 52 51 50 49 48 47 46 45 42 41 40 28 26 24 14 11 8 
131 221 215 206 201 191 187 179 176 173 163 161 159 147 146 145 134 133 132 130 129 128 127 126 125 124 123 122 121 120 117 116 115 103 101 99 89 86 83 71 67 56 51 41 35 26 19 11 3 
138 218 213 202 198 186 183 180 170 168 166 154 153 152 149 148 147 146 145 144 143 142 141 140 139 137 136 135 124 123 122 110 108 106 96 93 90 82 78 68 63 54 48 40 33 26 18 12 3 
101 221 213 206 199 191 185 176 171 161 157 149 146 143 133 131 129 117 116 115 104 103 102 100 99 98 97 96 95 94 93 92 91 90 87 86 85 73 71 69 59 56 53 41 37 26 21 11 5 
108 220 213 204 198 188 183 172 168 156 153 150 140 138 136 124 123 122 119 118 117 116 115 114 113 112 111 110 109 107 106 105 94 93 92 80 78 76 66 63 60 52 48 38 33 24 18 10 3 
63 223 213 207 198 191 183 175 168 159 153 143 138 127 123 111 108 105 95 93 91 79 78 77 74 73 72 71 70 69 68 67 66 65 64 62 61 60 49 48 47 35 33 31 21 18 15 7 3 
48 224 213 208 198 192 183 176 168 160 153 144 138 128 123 112 108 96 93 90 80 78 76 64 63 62 59 58 57 56 55 54 53 52 51 50 49 47 46 45 34 33 32 20 18 16 6 3 0 
49 214 209 199 193 184 177 169 161 154 145 139 129 124 113 109 105 97 94 91 81 79 77 65 64 63 59 58 57 56 55 54 53 52 51 50 48 47 46 45 35 34 33 21 19 17 7 4 1 
50 215 200 194 185 178 170 162 155 146 140 130 125 120 114 110 106 98 95 92 82 80 78 66 65 64 59 58 57 56 55 54 53 52 51 49 48 47 46 45 36 35 34 22 20 18 8 5 2 
51 216 201 186 179 171 163 156 147 141 135 131 126 121 115 111 107 99 96 93 83 81 79 67 66 65 59 58 57 56 55 54 53 52 50 49 48 47 46 45 37 36 35 23 21 19 9 6 3 
146 221 216 206 202 194 191 188 178 176 174 162 161 160 149 148 147 145 144 143 142 141 140 139 138 137 136 135 132 131 130 118 116 114 104 101 98 86 82 71 66 56 50 41 34 26 18 11 2 
153 217 213 201 198 195 185 183 181 169 168 167 164 163 162 161 160 159 158 157 156 155 154 152 151 150 139 138 137 125 123 121 111 108 105 97 93 83 78 69 63 55 48 41 33 27 18 13 3 
86 221 212 206 198 191 184 176 170 161 156 146 142 134 131 128 118 116 114 102 101 100 89 88 87 85 84 83 82 81 80 79 78 77 76 75 72 71 70 58 56 54 44 41 38 26 22 11 6 
93 221 213 205 198 189 183 173 168 157 153 141 138 135 125 123 121 109 108 107 104 103 102 101 100 99 98 97 96 95 94 92 91 90 79 78 77 65 63 61 51 48 45 37 33 23 18 9 3 
116 221 214 206 200 191 186 176 172 164 161 158 148 146 144 132 131 130 119 118 117 115 114 113 112 111 110 109 108 107 106 105 102 101 100 88 86 84 74 71 68 56 52 41 36 26 20 11 4 
123 219 213 203 198 187 183 171 168 165 155 153 151 139 138 137 134 133 132 131 130 129 128 127 126 125 124 122 121 120 109 108 107 95 93 91 81 78 75 67 63 53 48 39 33 25 18 11 3 
52 217 202 187 172 164 157 150 148 142 136 132 127 122 116 112 108 100 97 94 84 82 80 68 67 66 59 58 57 56 55 54 53 51 50 49 48 47 46 45 38 37 36 24 22 20 10 7 4 
53 218 203 188 173 165 158 151 149 143 137 133 128 123 117 113 109 101 98 95 85 83 81 69 68 67 59 58 57 56 55 54 52 51 50 49 48 47 46 45 39 38 37 25 23 21 11 8 5 
54 219 204 189 180 174 166 159 152 144 138 134 129 124 118 114 110 102 99 96 86 84 82 70 69 68 59 58 57 56 55 53 52 51 50 49 48 47 46 45 40 39 38 26 24 22 12 9 6 
161 221 217 209 206 203 193 191 189 177 176 175 164 163 162 160 159 158 157 156 155 154 153 152 151 150 147 146 145 133 131 129 119 116 113 101 97 86 81 71 65 56 49 41 33 26 17 11 1 
168 216 213 210 200 198 196 184 183 182 179 178 177 176 175 174 173 172 171 170 169 167 166 165 154 153 152 140 138 136 126 123 120 112 108 98 93 84 78 70 63 56 48 42 33 28 18 14 3 
169 217 214 211 201 199 197 185 184 183 179 178 177 176 175 174 173 172 171 170 168 167 166 165 155 154 153 141 139 137 127 124 121 113 109 105 99 94 85 79 71 64 57 49 43 34 29 19 4 
170 218 215 212 202 200 198 186 185 184 179 178 177 176 175 174 173 172 171 169 168 167 166 165 156 155 154 142 140 138 128 125 122 114 110 106 100 95 90 86 80 72 65 58 50 44 35 20 5 
171 219 216 213 203 201 199 187 186 185 179 178 177 176 175 174 173 172 170 169 168 167 166 165 157 156 155 143 141 139 129 126 123 115 111 107 101 96 91 87 81 75 73 66 59 51 36 21 6 
172 220 217 214 204 202 200 188 187 186 179 178 177 176 175 174 173 171 170 169 168 167 166 165 158 157 156 144 142 140 130 127 124 116 112 108 102 97 92 88 82 76 74 67 60 52 37 22 7 
173 221 218 215 205 203 201 189 188 187 179 178 177 176 175 174 172 171 170 169 168 167 166 165 159 158 157 145 143 141 131 128 125 117 113 109 103 98 93 89 83 77 68 61 53 45 38 23 8 
174 222 219 216 206 204 202 190 189 188 179 178 177 176 175 173 172 171 170 169 168 167 166 165 160 159 158 146 144 142 132 129 126 118 114 110 104 99 94 84 78 69 62 54 46 39 30 24 9 
175 223 220 217 207 205 203 191 190 189 179 178 177 176 174 173 172 171 170 169 168 167 166 165 161 160 159 147 145 143 133 130 127 119 115 111 100 95 85 79 70 63 55 47 40 31 25 15 10 
176 224 221 218 208 206 204 192 191 190 179 178 177 175 174 173 172 171 170 169 168 167 166 165 162 161 160 148 146 144 134 131 128 116 112 101 96 86 80 71 64 56 48 41 32 26 16 11 0 
57 222 211 207 197 192 183 177 169 162 155 147 141 132 127 117 113 102 99 89 87 85 73 72 71 59 58 56 55 54 53 52 51 50 49 48 47 46 45 43 42 41 29 27 25 12 9 
62 222 212 206 197 190 182 174 167 158 152 142 137 126 122 110 107 94 92 90 78 77 76 74 73 72 71 70 69 68 67 66 65 64 63 61 60 48 47 46 34 32 30 20 17 6 2 
41 221 206 195 191 181 176 167 161 153 146 139 131 125 116 111 101 97 89 86 83 73 71 69 57 56 55 44 43 42 40 39 38 37 36 35 34 33 32 31 30 27 26 25 13 11 9 
42 222 210 207 196 192 182 177 168 162 154 147 140 132 126 117 112 102 98 87 84 74 72 70 58 57 56 44 43 41 40 39 38 37 36 35 34 33 32 31 30 28 27 26 14 12 10 
47 223 212 207 197 191 182 175 167 159 152 143 137 127 122 111 107 95 92 79 77 75 63 62 61 59 58 57 56 55 54 53 52 51 50 49 48 46 45 33 32 31 19 17 15 5 2 
32 224 212 208 197 192 182 176 167 160 152 144 137 128 122 112 107 96 92 80 77 64 62 60 48 47 46 44 43 42 41 40 39 38 37 36 35 34 33 31 30 18 17 16 4 2 0 
147 222 217 207 203 192 189 179 177 175 163 162 161 149 148 146 145 144 143 142 141 140 139 138 137 136 135 133 132 131 119 117 115 102 99 87 83 72 67 57 51 42 35 27 19 12 3 
152 216 212 200 197 184 182 180 168 167 166 164 163 162 161 160 159 158 157 156 155 154 153 151 150 138 137 136 124 122 120 110 107 96 92 82 77 68 62 54 47 40 32 26 17 12 2 
87 222 213 207 199 192 185 177 171 162 157 147 143 132 129 119 117 115 103 102 101 89 88 86 85 84 83 82 81 80 79 78 77 76 75 73 72 71 59 57 55 42 39 27 23 12 7 
92 220 212 204 197 188 182 172 167 156 152 140 137 124 122 120 108 107 106 104 103 102 101 100 99 98 97 96 95 94 93 91 90 78 77 76 64 62 60 50 47 36 32 22 17 8 2 
117 222 215 207 201 192 187 177 173 162 159 149 147 145 133 132 131 119 118 116 115 114 113 112 111 110 109 108 107 106 105 103 102 101 89 87 85 72 69 57 53 42 37 27 21 12 5 
122 218 212 202 197 186 182 170 167 154 152 150 138 137 136 134 133 132 131 130 129 128 127 126 125 124 123 121 120 108 107 106 94 92 90 80 77 66 62 52 47 38 32 24 17 10 2 
33 213 209 198 193 183 177 168 161 153 145 138 129 123 113 108 97 93 81 78 75 65 63 61 49 48 47 44 43 42 41 40 39 38 37 36 35 34 32 31 30 19 18 17 5 3 1 
34 214 199 194 184 178 169 162 154 146 139 130 124 114 109 98 94 90 82 79 76 66 64 62 50 49 48 44 43 42 41 40 39 38 37 36 35 33 32 31 30 20 19 18 6 4 2 
35 215 200 185 179 170 163 155 147 140 131 125 115 110 105 99 95 91 83 80 77 67 65 63 51 50 49 44 43 42 41 40 39 38 37 36 34 33 32 31 30 21 20 19 7 5 3 
36 216 201 186 171 164 156 148 141 132 126 120 116 111 106 100 96 92 84 81 78 68 66 64 52 51 50 44 43 42 41 40 39 38 37 35 34 33 32 31 30 22 21 20 8 6 4 
37 217 202 187 172 157 149 142 135 133 127 121 117 112 107 101 97 93 85 82 79 69 67 65 53 52 51 44 43 42 41 40 39 38 36 35 34 33 32 31 30 23 22 21 9 7 5 
162 222 218 207 204 194 192 190 178 177 176 164 163 161 160 159 158 157 156 155 154 153 152 151 150 148 147 146 134 132 130 117 114 102 98 87 82 72 66 57 50 42 34 27 18 12 2 
167 215 212 199 197 195 183 182 181 179 178 177 176 175 174 173 172 171 170 169 168 166 165 153 152 151 139 137 135 125 122 111 107 97 92 83 77 69 62 55 47 41 32 27 17 13 2 
72 222 212 207 198 192 184 177 170 162 156 147 142 132 128 117 114 104 102 100 88 87 86 74 73 71 70 69 68 67 66 65 64 63 62 61 60 58 57 56 44 42 40 27 24 12 8 
77 221 212 205 197 189 182 173 167 157 152 141 137 125 122 109 107 105 93 92 91 89 88 87 86 85 84 83 82 81 80 79 78 76 75 63 62 61 49 47 45 35 32 21 17 7 2 
38 218 203 188 173 158 150 143 136 134 128 122 118 113 108 102 98 94 86 83 80 70 68 66 54 53 52 44 43 42 41 40 39 37 36 35 34 33 32 31 30 24 23 22 10 8 6 
39 219 204 189 174 165 159 151 144 137 129 123 119 114 109 103 99 95 87 84 81 71 69 67 55 54 53 44 43 42 41 40 38 37 36 35 34 33 32 31 30 25 24 23 11 9 7 
132 222 216 207 202 192 188 177 174 164 162 160 148 147 146 134 133 131 130 129 128 127 126 125 124 123 122 121 120 118 117 116 104 102 100 87 84 72 68 57 52 42 36 27 20 12 4 
137 217 212 201 197 185 182 169 167 165 153 152 151 149 148 147 146 145 144 143 142 141 140 139 138 136 135 123 122 121 109 107 105 95 92 81 77 67 62 53 47 39 32 25 17 11 2 
102 222 214 207 200 192 186 177 172 162 158 147 144 134 132 130 118 117 116 104 103 101 100 99 98 97 96 95 94 93 92 91 90 88 87 86 74 72 70 57 54 42 38 27 22 12 6 
107 219 212 203 197 187 182 171 167 155 152 139 137 135 123 122 121 119 118 117 116 115 114 113 112 111 110 109 108 106 105 93 92 91 79 77 75 65 62 51 47 37 32 23 17 9 2 
40 220 205 190 180 175 166 160 152 145 138 130 124 115 110 104 100 96 88 85 82 72 70 68 56 55 54 44 43 42 41 39 38 37 36 35 34 33 32 31 30 26 25 24 12 10 8 
177 222 219 209 207 205 193 192 191 179 178 176 175 174 173 172 171 170 169 168 167 166 165 163 162 161 149 147 145 132 129 117 113 102 97 87 81 72 65 57 49 42 33 27 17 12 1 
182 214 212 210 198 197 196 194 193 192 191 190 189 188 187 186 185 184 183 181 180 168 167 166 154 152 150 140 137 126 122 112 107 98 92 84 77 70 62 56 47 42 32 28 17 14 2 
183 215 213 211 199 198 197 194 193 192 191 190 189 188 187 186 185 184 182 181 180 169 168 167 155 153 151 141 138 135 127 123 113 108 99 93 85 78 71 63 57 48 43 33 29 18 3 
184 216 214 212 200 199 198 194 193 192 191 190 189 188 187 186 185 183 182 181 180 170 169 168 156 154 152 142 139 136 128 124 120 114 109 100 94 86 79 72 64 58 49 44 34 19 4 
185 217 215 213 201 200 199 194 193 192 191 190 189 188 187 186 184 183 182 181 180 171 170 169 157 155 153 143 140 137 129 125 121 115 110 105 101 95 87 80 73 65 59 50 35 20 5 
186 218 216 214 202 201 200 194 193 192 191 190 189 188 187 185 184 183 182 181 180 172 171 170 158 156 154 144 141 138 130 126 122 116 111 106 102 96 90 88 81 74 66 51 36 21 6 
187 219 217 215 203 202 201 194 193 192 191 190 189 188 186 185 184 183 182 181 180 173 172 171 159 157 155 145 142 139 131 127 123 117 112 107 103 97 91 89 82 75 67 52 37 22 7 
188 220 218 216 204 203 202 194 193 192 191 190 189 187 186 185 184 183 182 181 180 174 173 172 160 158 156 146 143 140 132 128 124 118 113 108 104 98 92 83 76 68 60 53 38 23 8 
189 221 219 217 205 204 203 194 193 192 191 190 188 187 186 185 184 183 182 181 180 175 174 173 161 159 157 147 144 141 133 129 125 119 114 109 99 93 84 77 69 61 54 45 39 24 9 
190 222 220 218 206 205 204 194 193 192 191 189 188 187 186 185 184 183 182 181 180 176 175 174 162 160 158 148 145 142 134 130 126 115 110 100 94 85 78 70 62 55 46 40 30 25 10 
191 223 221 219 207 206 205 194 193 192 190 189 188 187 186 185 184 183 182 181 180 177 176 175 163 161 159 149 146 143 131 127 116 111 101 95 86 79 71 63 56 47 41 31 26 15 11 
192 224 222 220 208 207 206 194 193 191 190 189 188 187 186 185 184 183 182 181 180 178 177 176 164 162 160 147 144 132 128 117 112 102 96 87 80 72 64 57 48 42 32 27 16 12 0 
121 217 211 201 196 185 181 169 166 153 151 137 136 135 134 133 132 131 130 129 128 127 126 125 124 123 122 120 107 106 105 93 91 79 76 65 61 51 46 37 31 23 16 9 1 
46 222 211 206 196 190 181 174 166 158 151 142 136 126 121 110 106 94 91 78 76 62 61 60 59 58 57 56 55 54 53 52 51 50 49 48 47 45 32 31 30 18 16 4 1 
27 222 207 195 192 181 177 167 162 153 147 139 132 125 117 111 102 97 87 83 72 69 59 57 55 43 42 41 29 28 26 25 24 23 22 21 20 19 18 17 16 15 13 12 11 
28 223 210 208 196 193 182 178 168 163 154 148 140 133 126 118 112 103 98 88 84 73 70 58 56 44 43 42 29 27 26 25 24 23 22 21 20 19 18 17 16 15 14 13 12 
31 223 211 207 196 191 181 175 166 159 151 143 136 127 121 111 106 95 91 79 76 63 61 47 46 45 44 43 42 41 40 39 38 37 36 35 34 33 32 30 17 16 15 3 1 
16 224 211 208 196 192 181 176 166 160 151 144 136 128 121 112 106 96 91 80 76 64 61 48 46 32 31 30 29 28 27 26 25 24 23 22 21 20 19 18 17 15 2 1 0 
17 212 209 197 193 182 177 167 161 152 145 137 129 122 113 107 97 92 81 77 65 62 49 47 45 33 32 31 29 28 27 26 25 24 23 22 21 20 19 18 16 15 3 2 1 
18 213 198 194 183 178 168 162 153 146 138 130 123 114 108 98 93 82 78 66 63 60 50 48 46 34 33 32 29 28 27 26 25 24 23 22 21 20 19 17 16 15 4 3 2 
163 223 219 208 205 193 191 179 178 177 164 162 161 160 159 158 157 156 155 154 153 152 151 150 149 148 147 133 131 118 115 103 99 88 83 73 67 58 51 43 35 28 19 13 3 
166 214 211 198 196 182 181 180 179 178 177 176 175 174 173 172 171 170 169 168 167 165 152 151 150 138 136 124 121 110 106 96 91 82 76 68 61 54 46 40 31 26 16 12 1 
73 223 213 208 199 193 185 178 171 163 157 148 143 133 129 118 115 103 101 89 88 87 74 72 71 70 69 68 67 66 65 64 63 62 61 60 59 58 57 43 41 28 25 13 9 
76 220 211 204 196 188 181 172 166 156 151 140 136 124 121 108 106 92 91 90 89 88 87 86 85 84 83 82 81 80 79 78 77 75 62 61 60 48 46 34 31 20 16 6 1 
19 214 199 184 179 169 163 154 147 139 131 124 115 109 99 94 83 79 75 67 64 61 51 49 47 35 34 33 29 28 27 26 25 24 23 22 21 20 18 17 16 15 5 4 3 
20 215 200 185 170 164 155 148 140 132 125 116 110 100 95 90 84 80 76 68 65 62 52 50 48 36 35 34 29 28 27 26 25 24 23 22 21 19 18 17 16 15 6 5 4 
133 223 217 208 203 193 189 178 175 163 161 149 148 147 134 132 131 130 129 128 127 126 125 124 123 122 121 120 119 118 117 103 101 88 85 73 69 58 53 43 37 28 21 13 5 
136 216 211 200 196 184 181 168 166 152 151 150 149 148 147 146 145 144 143 142 141 140 139 138 137 135 122 121 120 108 106 94 91 80 76 66 61 52 46 38 31 24 16 10 1 
103 223 215 208 201 193 187 178 173 163 159 148 145 133 131 119 118 117 104 102 101 100 99 98 97 96 95 94 93 92 91 90 89 88 87 73 71 58 55 43 39 28 23 13 7 
106 218 211 202 196 186 181 170 166 154 151 138 136 122 121 120 119 118 117 116 115 114 113 112 111 110 109 108 107 105 92 91 90 78 76 64 61 50 46 36 31 22 16 8 1 
21 216 201 186 171 156 149 141 133 126 117 111 105 101 96 91 85 81 77 69 66 63 53 51 49 37 36 35 29 28 27 26 25 24 23 22 20 19 18 17 16 15 7 6 5 
22 217 202 187 172 157 142 134 127 120 118 112 106 102 97 92 86 82 78 70 67 64 54 52 50 38 37 36 29 28 27 26 25 24 23 21 20 19 18 17 16 15 8 7 6 
23 218 203 188 173 158 143 135 128 121 119 113 107 103 98 93 87 83 79 71 68 65 55 53 51 39 38 37 29 28 27 26 25 24 22 21 20 19 18 17 16 15 9 8 7 
178 223 220 208 206 194 193 192 179 177 176 175 174 173 172 171 170 169 168 167 166 165 164 163 162 148 146 133 130 118 114 103 98 88 82 73 66 58 50 43 34 28 18 13 2 
181 213 211 197 196 195 194 193 192 191 190 189 188 187 186 185 184 183 182 180 167 166 165 153 151 139 136 125 121 111 106 97 91 83 76 69 61 55 46 41 31 27 16 13 1 
58 223 212 208 198 193 184 178 170 163 156 148 142 133 128 118 114 103 100 88 86 74 73 72 59 57 56 55 54 53 52 51 50 49 48 47 46 45 44 43 42 28 26 13 10 
61 221 211 205 196 189 181 173 166 157 151 141 136 125 121 109 106 93 91 77 76 75 74 73 72 71 70 69 68 67 66 65 64 63 62 60 47 46 45 33 31 19 16 5 1 
24 219 204 189 174 159 150 144 136 129 122 114 108 104 99 94 88 84 80 72 69 66 56 54 52 40 39 38 29 28 27 26 25 23 22 21 20 19 18 17 16 15 10 9 8 
25 220 205 190 175 165 160 151 145 137 130 123 115 109 100 95 89 85 81 73 70 67 57 55 53 41 40 39 29 28 27 26 24 23 22 21 20 19 18 17 16 15 11 10 9 
26 221 206 191 180 176 166 161 152 146 138 131 124 116 110 101 96 86 82 74 71 68 58 56 54 42 41 40 29 28 27 25 24 23 22 21 20 19 18 17 16 15 12 11 10 
43 223 211 208 197 193 183 178 169 163 155 148 141 133 127 118 113 103 99 88 85 73 71 59 58 57 44 42 41 40 39 38 37 36 35 34 33 32 31 30 29 28 27 13 11 
148 223 218 208 204 193 190 178 176 164 163 162 149 147 146 145 144 143 142 141 140 139 138 137 136 135 134 133 132 118 116 103 100 88 84 73 68 58 52 43 36 28 20 13 4 
151 215 211 199 196 183 181 167 166 165 164 163 162 161 160 159 158 157 156 155 154 153 152 150 137 136 135 123 121 109 106 95 91 81 76 67 61 53 46 39 31 25 16 11 1 
88 223 214 208 200 193 186 178 172 163 158 148 144 133 130 118 116 104 103 102 89 87 86 85 84 83 82 81 80 79 78 77 76 75 74 73 72 58 56 43 40 28 24 13 8 
91 219 211 203 196 187 181 171 166 155 151 139 136 123 121 107 106 105 104 103 102 101 100 99 98 97 96 95 94 93 92 90 77 76 75 63 61 49 46 35 31 21 16 7 1 
118 223 216 208 202 193 188 178 174 163 160 148 146 134 133 132 119 117 116 115 114 113 112 111 110 109 108 107 106 105 104 103 102 88 86 73 70 58 54 43 38 28 22 13 6 
193 223 221 209 208 207 194 192 191 190 189 188 187 186 185 184 183 182 181 180 179 178 177 163 161 148 145 133 129 118 113 103 97 88 81 73 65 58 49 43 33 28 17 13 1 
196 212 211 210 209 208 207 206 205 204 203 202 201 200 199 198 197 195 182 181 180 168 166 154 151 140 136 126 121 112 106 98 91 84 76 70 61 56 46 42 31 28 16 14 1 
197 213 212 211 209 208 207 206 205 204 203 202 201 200 199 198 196 195 183 182 181 169 167 165 155 152 141 137 127 122 113 107 99 92 85 77 71 62 57 47 43 32 29 17 2 
198 214 213 212 209 208 207 206 205 204 203 202 201 200 199 197 196 195 184 183 182 170 168 166 156 153 150 142 138 128 123 114 108 100 93 86 78 72 63 58 48 44 33 18 3 
199 215 214 213 209 208 207 206 205 204 203 202 201 200 198 197 196 195 185 184 183 171 169 167 157 154 151 143 139 135 129 124 115 109 101 94 87 79 73 64 59 49 34 19 4 
200 216 215 214 209 208 207 206 205 204 203 202 201 199 198 197 196 195 186 185 184 172 170 168 158 155 152 144 140 136 130 125 120 116 110 102 95 88 80 74 65 50 35 20 5 
201 217 216 215 209 208 207 206 205 204 203 202 200 199 198 197 196 195 187 186 185 173 171 169 159 156 153 145 141 137 131 126 121 117 111 105 103 96 89 81 66 51 36 21 6 
202 218 217 216 209 208 207 206 205 204 203 201 200 199 198 197 196 195 188 187 186 174 172 170 160 157 154 146 142 138 132 127 122 118 112 106 104 97 90 82 67 52 37 22 7 
203 219 218 217 209 208 207 206 205 204 202 201 200 199 198 197 196 195 189 188 187 175 173 171 161 158 155 147 143 139 133 128 123 119 113 107 98 91 83 75 68 53 38 23 8 
204 220 219 218 209 208 207 206 205 203 202 201 200 199 198 197 196 195 190 189 188 176 174 172 162 159 156 148 144 140 134 129 124 114 108 99 92 84 76 69 60 54 39 24 9 
205 221 220 219 209 208 207 206 204 203 202 201 200 199 198 197 196 195 191 190 189 177 175 173 163 160 157 149 145 141 130 125 115 109 100 93 85 77 70 61 55 45 40 25 10 
206 222 221 220 209 208 207 205 204 203 202 201 200 199 198 197 196 195 192 191 190 178 176 174 164 161 158 146 142 131 126 116 110 101 94 86 78 71 62 56 46 41 30 26 11 
207 223 222 221 209 208 206 205 204 203 202 201 200 199 198 197 196 195 193 192 191 179 177 175 162 159 147 143 132 127 117 111 102 95 87 79 72 63 57 47 42 31 27 15 12 
208 224 223 222 209 207 206 205 204 203 202 201 200 199 198 197 196 195 194 193 192 178 176 163 160 148 144 133 128 118 112 103 96 88 80 73 64 58 48 43 32 28 16 13 0 
15 223 210 207 195 191 180 175 165 159 150 143 135 127 120 111 105 95 90 79 75 63 60 47 45 31 30 29 28 27 26 25 24 23 22 21 20 19 18 17 16 1 0 
134 224 218 209 204 194 190 179 176 164 162 149 148 133 132 131 130 129 128 127 126 125 124 123 122 121 120 119 118 104 102 89 86 74 70 59 54 44 38 29 22 14 6 
135 215 210 199 195 183 180 167 165 151 150 149 148 147 146 145 144 143 142 141 140 139 138 137 136 121 120 107 105 93 90 79 75 65 60 51 45 37 30 23 15 9 0 
104 224 216 209 202 194 188 179 174 164 160 149 146 134 132 119 118 103 102 101 100 99 98 97 96 95 94 93 92 91 90 89 88 74 72 59 56 44 40 29 24 14 8 
105 217 210 201 195 185 180 169 165 153 150 137 135 121 120 119 118 117 116 115 114 113 112 111 110 109 108 107 106 91 90 77 75 63 60 49 45 35 30 21 15 7 0 
0 224 210 208 195 192 180 176 165 160 150 144 135 128 120 112 105 96 90 80 75 64 60 48 45 32 30 16 15 14 13 12 11 10 9 8 7 6 5 4 3 2 1 
1 211 209 196 193 181 177 166 161 151 145 136 129 121 113 106 97 91 81 76 65 61 49 46 33 31 17 16 15 14 13 12 11 10 9 8 7 6 5 4 3 2 0 
2 212 197 194 182 178 167 162 152 146 137 130 122 114 107 98 92 82 77 66 62 50 47 34 32 30 18 17 16 14 13 12 11 10 9 8 7 6 5 4 3 1 0 
3 213 198 183 179 168 163 153 147 138 131 123 115 108 99 93 83 78 67 63 51 48 45 35 33 31 19 18 17 14 13 12 11 10 9 8 7 6 5 4 2 1 0 
4 214 199 184 169 164 154 148 139 132 124 116 109 100 94 84 79 68 64 60 52 49 46 36 34 32 20 19 18 14 13 12 11 10 9 8 7 6 5 3 2 1 0 
179 224 221 209 207 194 193 178 177 176 175 174 173 172 171 170 169 168 167 166 165 164 163 149 147 134 131 119 115 104 99 89 83 74 67 59 51 44 35 29 19 14 3 
180 212 210 196 195 194 193 192 191 190 189 188 187 186 185 184 183 182 181 166 165 152 150 138 135 124 120 110 105 96 90 82 75 68 60 54 45 40 30 26 15 12 0 
59 224 213 209 199 194 185 179 171 164 157 149 143 134 129 119 115 104 101 89 87 74 73 58 57 56 55 54 53 52 51 50 49 48 47 46 45 44 43 29 27 14 11 
60 220 210 204 195 188 180 172 165 156 150 140 135 124 120 108 105 92 90 76 75 74 73 72 71 70 69 68 67 66 65 64 63 62 61 46 45 32 30 18 15 4 0 
5 215 200 185 170 155 149 140 133 125 117 110 101 95 85 80 75 69 65 61 53 50 47 37 35 33 21 20 19 14 13 12 11 10 9 8 7 6 4 3 2 1 0 
6 216 201 186 171 156 141 134 126 118 111 102 96 90 86 81 76 70 66 62 54 51 48 38 36 34 22 21 20 14 13 12 11 10 9 8 7 5 4 3 2 1 0 
7 217 202 187 172 157 142 127 119 112 105 103 97 91 87 82 77 71 67 63 55 52 49 39 37 35 23 22 21 14 13 12 11 10 9 8 6 5 4 3 2 1 0 
8 218 203 188 173 158 143 128 120 113 106 104 98 92 88 83 78 72 68 64 56 53 50 40 38 36 24 23 22 14 13 12 11 10 9 7 6 5 4 3 2 1 0 
149 224 219 209 205 194 191 179 177 164 163 148 147 146 145 144 143 142 141 140 139 138 137 136 135 134 133 119 117 104 101 89 85 74 69 59 53 44 37 29 21 14 5 
150 214 210 198 195 182 180 166 165 164 163 162 161 160 159 158 157 156 155 154 153 152 151 136 135 122 120 108 105 94 90 80 75 66 60 52 45 38 30 24 15 10 0 
89 224 215 209 201 194 187 179 173 164 159 149 145 134 131 119 117 104 103 88 87 86 85 84 83 82 81 80 79 78 77 76 75 74 73 59 57 44 41 29 25 14 9 
90 218 210 202 195 186 180 170 165 154 150 138 135 122 120 106 105 104 103 102 101 100 99 98 97 96 95 94 93 92 91 76 75 62 60 48 45 34 30 20 15 6 0 
119 224 217 209 203 194 189 179 175 164 161 149 147 134 133 118 117 116 115 114 113 112 111 110 109 108 107 106 105 104 103 89 87 74 71 59 55 44 39 29 23 14 7 
120 216 210 200 195 184 180 168 165 152 150 136 135 134 133 132 131 130 129 128 127 126 125 124 123 122 121 106 105 92 90 78 75 64 60 50 45 36 30 22 15 8 0 
9 219 204 189 174 159 144 135 129 121 114 107 99 93 89 84 79 73 69 65 57 54 51 41 39 37 25 24 23 14 13 12 11 10 8 7 6 5 4 3 2 1 0 
194 224 222 209 208 193 192 191 190 189 188 187 186 185 184 183 182 181 180 179 178 164 162 149 146 134 130 119 114 104 98 89 82 74 66 59 50 44 34 29 18 14 2 
195 211 210 209 208 207 206 205 204 203 202 201 200 199 198 197 196 181 180 167 165 153 150 139 135 125 120 111 105 97 90 83 75 69 60 55 45 41 30 27 15 13 0 
44 224 212 209 198 194 184 179 170 164 156 149 142 134 128 119 114 104 100 89 86 74 72 59 58 43 42 41 40 39 38 37 36 35 34 33 32 31 30 29 28 14 12 
45 221 210 205 195 189 180 173 165 157 150 141 135 125 120 109 105 93 90 77 75 61 60 59 58 57 56 55 54 53 52 51 50 49 48 47 46 31 30 17 15 3 0 
10 220 205 190 175 160 150 145 136 130 122 115 108 100 94 85 80 74 70 66 58 55 52 42 40 38 26 25 24 14 13 12 11 9 8 7 6 5 4 3 2 1 0 
11 221 206 191 176 165 161 151 146 137 131 123 116 109 101 95 86 81 71 67 59 56 53 43 41 39 27 26 25 14 13 12 10 9 8 7 6 5 4 3 2 1 0 
12 222 207 192 180 177 166 162 152 147 138 132 124 117 110 102 96 87 82 72 68 57 54 44 42 40 28 27 26 14 13 11 10 9 8 7 6 5 4 3 2 1 0 
29 224 211 209 197 194 183 179 169 164 155 149 141 134 127 119 113 104 99 89 85 74 71 59 57 44 43 28 27 26 25 24 23 22 21 20 19 18 17 16 15 14 13 
30 222 210 206 195 190 180 174 165 158 150 142 135 126 120 110 105 94 90 78 75 62 60 46 45 44 43 42 41 40 39 38 37 36 35 34 33 32 31 16 15 2 0 
13 223 208 195 193 181 178 167 163 153 148 139 133 125 118 111 103 97 88 83 73 69 58 55 43 41 29 28 27 14 12 11 10 9 8 7 6 5 4 3 2 1 0 
164 224 220 209 206 194 192 179 178 163 162 161 160 159 158 157 156 155 154 153 152 151 150 149 148 134 132 119 116 104 100 89 84 74 68 59 52 44 36 29 20 14 4 
165 213 210 197 195 181 180 179 178 177 176 175 174 173 172 171 170 169 168 167 166 151 150 137 135 123 120 109 105 95 90 81 75 67 60 53 45 39 30 25 15 11 0 
74 224 214 209 200 194 186 179 172 164 158 149 144 134 130 119 116 104 102 89 88 73 72 71 70 69 68 67 66 65 64 63 62 61 60 59 58 44 42 29 26 14 10 
75 219 210 203 195 187 180 171 165 155 150 139 135 123 120 107 105 91 90 89 88 87 86 85 84 83 82 81 80 79 78 77 76 61 60 47 45 33 30 19 15 5 0 
14 224 210 209 196 194 182 179 168 164 154 149 140 134 126 119 112 104 98 89 84 74 70 59 56 44 42 29 28 13 12 11 10 9 8 7 6 5 4 3 2 1 0 
209 224 223 208 207 206 205 204 203 202 201 200 199 198 197 196 195 194 193 179 177 164 161 149 145 134 129 119 113 104 97 89 81 74 65 59 49 44 33 29 17 14 1 
210 224 223 222 221 220 219 218 217 216 215 214 213 212 211 196 195 182 180 168 165 154 150 140 135 126 120 112 105 98 90 84 75 70 60 56 45 42 30 28 15 14 0 
211 224 223 222 221 220 219 218 217 216 215 214 213 212 210 197 196 195 183 181 169 166 155 151 141 136 127 121 113 106 99 91 85 76 71 61 57 46 43 31 29 16 1 
212 224 223 222 221 220 219 218 217 216 215 214 213 211 210 198 197 196 184 182 180 170 167 156 152 142 137 128 122 114 107 100 92 86 77 72 62 58 47 44 32 17 2 
213 224 223 222 221 220 219 218 217 216 215 214 212 211 210 199 198 197 185 183 181 171 168 165 157 153 143 138 129 123 115 108 101 93 87 78 73 63 59 48 33 18 3 
214 224 223 222 221 220 219 218 217 216 215 213 212 211 210 200 199 198 186 184 182 172 169 166 158 154 150 144 139 130 124 116 109 102 94 88 79 74 64 49 34 19 4 
215 224 223 222 221 220 219 218 217 216 214 213 212 211 210 201 200 199 187 185 183 173 170 167 159 155 151 145 140 135 131 125 117 110 103 95 89 80 65 50 35 20 5 
216 224 223 222 221 220 219 218 217 215 214 213 212 211 210 202 201 200 188 186 184 174 171 168 160 156 152 146 141 136 132 126 120 118 111 104 96 81 66 51 36 21 6 
217 224 223 222 221 220 219 218 216 215 214 213 212 211 210 203 202 201 189 187 185 175 172 169 161 157 153 147 142 137 133 127 121 119 112 105 97 82 67 52 37 22 7 
218 224 223 222 221 220 219 217 216 215 214 213 212 211 210 204 203 202 190 188 186 176 173 170 162 158 154 148 143 138 134 128 122 113 106 98 90 83 68 53 38 23 8 
219 224 223 222 221 220 218 217 216 215 214 213 212 211 210 205 204 203 191 189 187 177 174 171 163 159 155 149 144 139 129 123 114 107 99 91 84 75 69 54 39 24 9 
220 224 223 222 221 219 218 217 216 215 214 213 212 211 210 206 205 204 192 190 188 178 175 172 164 160 156 145 140 130 124 115 108 100 92 85 76 70 60 55 40 25 10 
221 224 223 222 220 219 218 217 216 215 214 213 212 211 210 207 206 205 193 191 189 179 176 173 161 157 146 141 131 125 116 109 101 93 86 77 71 61 56 45 41 26 11 
222 224 223 221 220 219 218 217 216 215 214 213 212 211 210 208 207 206 194 192 190 177 174 162 158 147 142 132 126 117 110 102 94 87 78 72 62 57 46 42 30 27 12 
223 224 222 221 220 219 218 217 216 215 214 213 212 211 210 209 208 207 193 191 178 175 163 159 148 143 133 127 118 111 103 95 88 79 73 63 58 47 43 31 28 15 13 
224 223 222 221 220 219 218 217 216 215 214 213 212 211 210 209 208 194 192 179 176 164 160 149 144 134 128 119 112 104 96 89 80 74 64 59 48 44 32 29 16 14 0 

