119 255 247 238 231 224 221 215 209 204 199 194 187 183 179 170 167 164 153 151 149 136 135 134 127 126 125 124 123 122 121 120 118 117 116 115 114 113 112 104 103 102 89 87 85 74 71 68 59 55 51 44 39 34 29 23 17 14 7 0 
120 248 240 239 232 225 222 216 210 205 200 195 188 184 180 171 168 165 154 152 150 137 136 135 127 126 125 124 123 122 121 119 118 117 116 115 114 113 112 105 104 103 90 88 86 75 72 69 60 56 52 45 40 35 30 24 18 15 8 1 
135 254 247 240 237 231 225 220 215 210 203 199 195 186 183 180 169 167 165 152 151 150 143 142 141 140 139 138 137 136 134 133 132 131 130 129 128 120 119 118 105 103 101 90 87 84 75 71 67 60 55 50 45 39 33 30 23 16 15 7 
136 255 248 241 238 232 226 221 216 211 204 200 196 187 184 181 170 168 166 153 152 151 143 142 141 140 139 138 137 135 134 133 132 131 130 129 128 121 120 119 106 104 102 91 88 85 76 72 68 61 56 51 46 40 34 31 24 17 8 0 
118 254 246 237 230 220 214 208 203 198 193 186 182 178 169 166 163 152 150 148 135 134 133 127 126 125 124 123 122 121 120 119 117 116 115 114 113 112 103 102 101 88 86 84 73 70 67 58 54 50 43 38 33 28 22 16 13 6 
102 255 246 238 230 221 214 204 198 192 187 182 177 170 166 162 153 150 147 136 134 132 119 118 117 111 110 109 108 107 106 105 104 103 101 100 99 98 97 96 87 86 85 72 70 68 57 54 51 42 38 34 27 22 17 12 6 0 
103 247 239 231 222 215 208 205 199 193 188 183 178 171 167 163 154 151 148 137 135 133 120 119 118 111 110 109 108 107 106 105 104 102 101 100 99 98 97 96 88 87 86 73 71 69 58 55 52 43 39 35 28 23 18 13 7 1 
121 249 241 233 226 223 217 211 206 201 196 189 185 181 172 169 166 155 153 151 138 137 136 127 126 125 124 123 122 120 119 118 117 116 115 114 113 112 106 105 104 91 89 87 76 73 70 61 57 53 46 41 36 31 25 19 9 2 
134 253 246 236 230 224 219 214 209 202 198 194 185 182 179 168 166 164 151 150 149 143 142 141 140 139 138 137 136 135 133 132 131 130 129 128 119 118 117 104 102 100 89 86 83 74 70 66 59 54 49 44 38 32 29 22 14 6 
104 248 232 224 223 216 209 206 200 194 189 184 179 172 168 164 155 152 149 138 136 134 121 120 119 111 110 109 108 107 106 105 103 102 101 100 99 98 97 96 89 88 87 74 72 70 59 56 53 44 40 36 29 24 19 14 8 2 
105 249 240 233 225 217 210 207 201 195 190 185 180 173 169 165 156 153 150 139 137 135 122 121 120 111 110 109 108 107 106 104 103 102 101 100 99 98 97 96 90 89 88 75 73 71 60 57 54 45 41 37 30 25 20 15 9 3 
137 249 242 239 233 227 222 217 212 205 201 197 188 185 182 171 169 167 154 153 152 143 142 141 140 139 138 136 135 134 133 132 131 130 129 128 122 121 120 107 105 103 92 89 86 77 73 69 62 57 52 47 41 35 25 18 9 1 
150 252 246 240 235 230 225 218 214 210 201 198 195 184 182 180 167 166 165 159 158 157 156 155 154 153 152 151 149 148 147 146 145 144 135 134 133 120 118 116 105 102 99 90 86 82 75 70 65 60 54 48 45 38 30 22 15 6 
151 253 247 241 236 231 226 219 215 211 202 199 196 185 183 181 168 167 166 159 158 157 156 155 154 153 152 150 149 148 147 146 145 144 136 135 134 121 119 117 106 103 100 91 87 83 76 71 66 61 55 49 46 39 32 31 23 7 
152 254 248 242 237 232 227 220 216 212 203 200 197 186 184 182 169 168 167 159 158 157 156 155 154 153 151 150 149 148 147 146 145 144 137 136 135 122 120 118 107 104 101 92 88 84 77 72 67 62 56 50 47 40 33 24 16 8 
153 255 249 243 238 233 228 221 217 213 204 201 198 187 185 183 170 169 168 159 158 157 156 155 154 152 151 150 149 148 147 146 145 144 138 137 136 123 121 119 108 105 102 93 89 85 78 73 68 63 57 51 41 34 25 17 9 0 
85 255 245 238 229 221 213 204 197 187 181 170 165 160 153 149 145 136 133 130 119 117 115 102 101 100 95 94 93 92 91 90 89 88 87 86 84 83 82 81 80 70 69 68 55 53 51 40 37 34 25 21 17 10 5 0 
122 250 242 234 227 218 212 207 202 197 190 186 182 173 170 167 156 154 152 139 138 137 127 126 125 124 123 121 120 119 118 117 116 115 114 113 112 107 106 105 92 90 88 77 74 71 62 58 54 47 42 37 26 20 10 3 
133 252 245 235 229 218 213 208 201 197 193 184 181 178 167 165 163 150 149 148 143 142 141 140 139 138 137 136 135 134 132 131 130 129 128 118 117 116 103 101 99 88 85 82 73 69 65 58 53 48 43 37 28 21 13 5 
86 246 239 230 222 214 205 198 188 182 176 171 166 161 154 150 146 137 134 131 120 118 116 103 102 101 95 94 93 92 91 90 89 88 87 85 84 83 82 81 80 71 70 69 56 54 52 41 38 35 26 22 18 11 6 1 
87 247 231 223 215 206 199 192 189 183 177 172 167 162 155 151 147 138 135 132 121 119 117 104 103 102 95 94 93 92 91 90 89 88 86 85 84 83 82 81 80 72 71 70 57 55 53 42 39 36 27 23 19 12 7 2 
88 248 232 216 208 207 200 193 190 184 178 173 168 163 156 152 148 139 136 133 122 120 118 105 104 103 95 94 93 92 91 90 89 87 86 85 84 83 82 81 80 73 72 71 58 56 54 43 40 37 28 24 20 13 8 3 
106 250 241 234 226 218 211 202 196 191 186 181 174 170 166 157 154 151 140 138 136 123 122 121 111 110 109 108 107 105 104 103 102 101 100 99 98 97 96 91 90 89 76 74 72 61 58 55 46 42 38 31 26 21 10 4 
138 250 243 234 228 223 218 213 206 202 198 189 186 183 172 170 168 155 154 153 143 142 141 140 139 137 136 135 134 133 132 131 130 129 128 123 122 121 108 106 104 93 90 87 78 74 70 63 58 53 42 36 26 19 10 2 
149 251 245 234 229 224 217 213 209 200 197 194 183 181 179 166 165 164 159 158 157 156 155 154 153 152 151 150 148 147 146 145 144 134 133 132 119 117 115 104 101 98 89 85 81 74 69 64 59 53 44 37 29 21 14 5 
117 253 245 236 229 219 213 202 197 192 185 181 177 168 165 162 151 149 147 134 133 132 127 126 125 124 123 122 121 120 119 118 116 115 114 113 112 102 101 100 87 85 83 72 69 66 57 53 49 42 37 32 27 21 12 5 
89 249 233 224 217 209 201 194 191 185 179 174 169 164 157 153 149 140 137 134 123 121 119 106 105 104 95 94 93 92 91 90 88 87 86 85 84 83 82 81 80 74 73 72 59 57 55 44 41 38 29 25 21 14 9 4 
90 250 240 234 225 218 210 202 195 186 180 175 170 165 158 154 150 141 138 135 124 122 120 107 106 105 95 94 93 92 91 89 88 87 86 85 84 83 82 81 80 75 74 73 60 58 56 45 42 39 30 26 22 15 10 5 
101 254 245 237 229 220 213 203 197 186 181 176 169 165 161 152 149 146 135 133 131 118 117 116 111 110 109 108 107 106 105 104 103 102 100 99 98 97 96 86 85 84 71 69 67 56 53 50 41 37 33 26 21 16 11 5 
154 250 244 239 234 229 222 218 214 205 202 199 188 186 184 171 170 169 159 158 157 156 155 153 152 151 150 149 148 147 146 145 144 139 138 137 124 122 120 109 106 103 94 90 86 79 74 69 58 52 42 35 26 18 10 1 
165 250 245 240 233 229 225 216 213 210 199 197 195 182 181 180 175 174 173 172 171 170 169 168 167 166 164 163 162 161 160 150 149 148 135 133 131 120 117 114 105 101 97 90 85 80 75 69 60 53 45 37 30 21 15 5 
166 251 246 241 234 230 226 217 214 211 200 198 196 183 182 181 175 174 173 172 171 170 169 168 167 165 164 163 162 161 160 151 150 149 136 134 132 121 118 115 106 102 98 91 86 81 76 70 64 61 54 46 38 31 22 6 
167 252 247 242 235 231 227 218 215 212 201 199 197 184 183 182 175 174 173 172 171 170 169 168 166 165 164 163 162 161 160 152 151 150 137 135 133 122 119 116 107 103 99 92 87 82 77 71 65 62 55 48 47 39 23 7 
168 253 248 243 236 232 228 219 216 213 202 200 198 185 184 183 175 174 173 172 171 170 169 167 166 165 164 163 162 161 160 153 152 151 138 136 134 123 120 117 108 104 100 93 88 83 78 72 66 63 56 49 40 32 24 8 
169 254 249 244 237 233 229 220 217 214 203 201 199 186 185 184 175 174 173 172 171 170 168 167 166 165 164 163 162 161 160 154 153 152 139 137 135 124 121 118 109 105 101 94 89 84 79 73 67 57 50 41 33 25 16 9 
170 255 250 245 238 234 230 221 218 215 204 202 200 187 186 185 175 174 173 172 171 169 168 167 166 165 164 163 162 161 160 155 154 153 140 138 136 125 122 119 110 106 102 95 90 85 74 68 58 51 42 34 26 17 10 0 
69 245 239 229 222 213 205 197 188 181 171 165 154 149 144 137 133 129 120 117 114 103 101 99 86 85 84 79 78 77 76 75 74 73 72 71 70 68 67 66 65 64 54 53 52 39 37 35 24 21 18 9 5 1 
70 246 230 223 214 206 198 189 182 172 166 160 155 150 145 138 134 130 121 118 115 104 102 100 87 86 85 79 78 77 76 75 74 73 72 71 69 68 67 66 65 64 55 54 53 40 38 36 25 22 19 10 6 2 
107 251 242 235 227 219 212 203 197 187 182 175 171 167 158 155 152 141 139 137 124 123 122 111 110 109 108 106 105 104 103 102 101 100 99 98 97 96 92 91 90 77 75 73 62 59 56 47 43 39 27 22 11 5 
139 251 244 235 229 219 214 207 203 199 190 187 184 173 171 169 156 155 154 143 142 141 140 138 137 136 135 134 133 132 131 130 129 128 124 123 122 109 107 105 94 91 88 79 75 71 59 54 43 37 27 20 11 3 
148 250 244 233 228 216 212 208 199 196 193 182 180 178 165 164 163 159 158 157 156 155 154 153 152 151 150 149 147 146 145 144 133 132 131 118 116 114 103 100 97 88 84 80 73 68 58 52 43 36 28 20 13 4 
116 252 244 235 228 218 212 201 196 184 180 176 167 164 161 150 148 146 133 132 131 127 126 125 124 123 122 121 120 119 118 117 115 114 113 112 101 100 99 86 84 82 71 68 65 56 52 48 41 36 26 20 11 4 
71 247 231 215 207 199 190 183 176 173 167 161 156 151 146 139 135 131 122 119 116 105 103 101 88 87 86 79 78 77 76 75 74 73 72 70 69 68 67 66 65 64 56 55 54 41 39 37 26 23 20 11 7 3 
72 248 232 216 200 192 191 184 177 174 168 162 157 152 147 140 136 132 123 120 117 106 104 102 89 88 87 79 78 77 76 75 74 73 71 70 69 68 67 66 65 64 57 56 55 42 40 38 27 24 21 12 8 4 
73 249 233 217 208 201 193 185 178 175 169 163 158 153 148 141 137 133 124 121 118 107 105 103 90 89 88 79 78 77 76 75 74 72 71 70 69 68 67 66 65 64 58 57 56 43 41 39 28 25 22 13 9 5 
91 251 241 235 226 219 211 203 196 187 181 171 166 159 155 151 142 139 136 125 123 121 108 107 106 95 94 93 92 90 89 88 87 86 85 84 83 82 81 80 76 75 74 61 59 57 46 43 40 31 27 23 11 6 
100 253 244 236 228 219 212 202 196 185 180 168 164 160 151 148 145 134 132 130 117 116 115 111 110 109 108 107 106 105 104 103 102 101 99 98 97 96 85 84 83 70 68 66 55 52 49 40 36 32 25 20 10 4 
155 251 245 235 230 223 219 215 206 203 200 189 187 185 172 171 170 159 158 157 156 154 153 152 151 150 149 148 147 146 145 144 140 139 138 125 123 121 110 107 104 95 91 87 75 70 59 53 43 36 27 19 11 2 
164 249 244 232 228 224 215 212 209 198 196 194 181 180 179 175 174 173 172 171 170 169 168 167 166 165 163 162 161 160 149 148 147 134 132 130 119 116 113 104 100 96 89 84 74 68 59 52 44 36 29 20 14 4 
74 250 234 224 218 209 202 194 186 179 170 164 159 154 149 142 138 134 125 122 119 108 106 104 91 90 89 79 78 77 76 75 73 72 71 70 69 68 67 66 65 64 59 58 57 44 42 40 29 26 23 14 10 6 
123 251 243 235 228 219 213 203 198 191 187 183 174 171 168 157 155 153 140 139 138 127 126 125 124 122 121 120 119 118 117 116 115 114 113 112 108 107 106 93 91 89 78 75 72 63 59 55 43 38 27 21 11 4 
132 251 244 234 228 217 212 200 196 192 183 180 177 166 164 162 149 148 147 143 142 141 140 139 138 137 136 135 134 133 131 130 129 128 117 116 115 102 100 98 87 84 81 72 68 64 57 52 42 36 27 20 12 4 
75 251 240 235 225 219 210 203 195 187 180 171 165 155 150 143 139 135 126 123 120 109 107 105 92 91 90 79 78 77 76 74 73 72 71 70 69 68 67 66 65 64 60 59 58 45 43 41 30 27 24 15 11 7 
84 254 244 237 228 220 212 203 196 186 180 169 164 152 148 144 135 132 129 118 116 114 101 100 99 95 94 93 92 91 90 89 88 87 86 85 83 82 81 80 69 68 67 54 52 50 39 36 33 24 20 16 9 4 
68 255 244 238 228 221 212 204 196 187 180 170 164 153 148 136 132 128 119 116 113 102 100 98 85 84 83 79 78 77 76 75 74 73 72 71 70 69 67 66 65 64 53 52 51 38 36 34 23 20 17 8 4 0 
171 251 246 239 235 231 222 219 216 205 203 201 188 187 186 175 174 173 172 170 169 168 167 166 165 164 163 162 161 160 156 155 154 141 139 137 126 123 120 111 107 103 91 86 75 69 59 52 43 35 27 18 11 1 
180 248 244 240 231 228 225 214 212 210 197 196 195 191 190 189 188 187 186 185 184 183 182 181 179 178 177 176 165 164 163 150 148 146 135 132 129 120 116 112 105 100 90 84 75 68 60 52 45 36 30 20 15 4 
181 249 245 241 232 229 226 215 213 211 198 197 196 191 190 189 188 187 186 185 184 183 182 180 179 178 177 176 166 165 164 151 149 147 136 133 130 121 117 113 106 101 96 91 85 76 69 61 53 46 37 31 21 5 
182 250 246 242 233 230 227 216 214 212 199 198 197 191 190 189 188 187 186 185 184 183 181 180 179 178 177 176 167 166 165 152 150 148 137 134 131 122 118 114 107 102 97 92 86 80 77 70 62 54 47 38 22 6 
183 251 247 243 234 231 228 217 215 213 200 199 198 191 190 189 188 187 186 185 184 182 181 180 179 178 177 176 168 167 166 153 151 149 138 135 132 123 119 115 108 103 98 93 87 81 78 71 64 63 55 39 23 7 
184 252 248 244 235 232 229 218 216 214 201 200 199 191 190 189 188 187 186 185 183 182 181 180 179 178 177 176 169 168 167 154 152 150 139 136 133 124 120 116 109 104 99 94 88 82 79 72 65 56 48 40 24 8 
185 253 249 245 236 233 230 219 217 215 202 201 200 191 190 189 188 187 186 184 183 182 181 180 179 178 177 176 170 169 168 155 153 151 140 137 134 125 121 117 110 105 100 95 89 83 73 66 57 49 41 32 25 9 
186 254 250 246 237 234 231 220 218 216 203 202 201 191 190 189 188 187 185 184 183 182 181 180 179 178 177 176 171 170 169 156 154 152 141 138 135 126 122 118 111 106 101 90 84 74 67 58 50 42 33 26 16 10 
187 255 251 247 238 235 232 221 219 217 204 203 202 191 190 189 188 186 185 184 183 182 181 180 179 178 177 176 172 171 170 157 155 153 142 139 136 127 123 119 107 102 91 85 75 68 59 51 43 34 27 17 11 0 
53 245 229 223 213 206 197 189 181 172 165 155 149 138 133 128 121 117 113 104 101 98 87 85 83 70 69 68 63 62 61 60 59 58 57 56 55 54 52 51 50 49 48 38 37 36 23 21 19 8 5 2 
54 246 230 214 207 198 190 182 173 166 156 150 144 139 134 129 122 118 114 105 102 99 88 86 84 71 70 69 63 62 61 60 59 58 57 56 55 53 52 51 50 49 48 39 38 37 24 22 20 9 6 3 
55 247 231 215 199 191 183 174 167 160 157 151 145 140 135 130 123 119 115 106 103 100 89 87 85 72 71 70 63 62 61 60 59 58 57 56 54 53 52 51 50 49 48 40 39 38 25 23 21 10 7 4 
92 252 242 236 227 220 212 204 197 188 182 172 167 156 152 143 140 137 126 124 122 109 108 107 95 94 93 91 90 89 88 87 86 85 84 83 82 81 80 77 76 75 62 60 58 47 44 41 28 24 12 7 
99 252 243 235 227 218 211 201 195 184 179 167 163 150 147 144 133 131 129 116 115 114 111 110 109 108 107 106 105 104 103 102 101 100 98 97 96 84 83 82 69 67 65 54 51 48 39 35 24 19 9 3 
156 252 246 236 231 220 216 207 204 201 190 188 186 173 172 171 159 158 157 155 154 153 152 151 150 149 148 147 146 145 144 141 140 139 126 124 122 111 108 105 92 88 76 71 60 54 44 37 28 20 12 3 
163 248 243 231 227 214 211 208 197 195 193 180 179 178 175 174 173 172 171 170 169 168 167 166 165 164 162 161 160 148 147 146 133 131 129 118 115 112 103 99 88 83 73 67 58 51 43 35 28 19 13 3 
56 248 232 216 200 184 176 175 168 161 158 152 146 141 136 131 124 120 116 107 104 101 90 88 86 73 72 71 63 62 61 60 59 58 57 55 54 53 52 51 50 49 48 41 40 39 26 24 22 11 8 5 
124 252 244 236 229 220 214 204 199 188 184 175 172 169 158 156 154 141 140 139 127 126 125 123 122 121 120 119 118 117 116 115 114 113 112 109 108 107 94 92 90 79 76 73 60 56 44 39 28 22 12 5 
131 250 243 233 227 216 211 199 195 182 179 176 165 163 161 148 147 146 143 142 141 140 139 138 137 136 135 134 133 132 130 129 128 116 115 114 101 99 97 86 83 80 71 67 56 51 41 35 26 19 11 3 
57 249 233 217 201 192 185 177 169 162 159 153 147 142 137 132 125 121 117 108 105 102 91 89 87 74 73 72 63 62 61 60 59 58 56 55 54 53 52 51 50 49 48 42 41 40 27 25 23 12 9 6 
58 250 234 218 208 202 193 186 178 170 163 154 148 143 138 133 126 122 118 109 106 103 92 90 88 75 74 73 63 62 61 60 59 57 56 55 54 53 52 51 50 49 48 43 42 41 28 26 24 13 10 7 
76 252 241 236 226 220 211 204 196 188 181 172 166 156 151 140 136 127 124 121 110 108 106 93 92 91 79 78 77 75 74 73 72 71 70 69 68 67 66 65 64 61 60 59 46 44 42 31 28 25 12 8 
83 253 243 236 227 219 211 202 195 185 179 168 163 151 147 134 131 128 117 115 113 100 99 98 95 94 93 92 91 90 89 88 87 86 85 84 82 81 80 68 67 66 53 51 49 38 35 32 23 19 8 3 
59 251 235 224 219 209 203 194 187 179 171 164 155 149 139 134 127 123 119 110 107 104 93 91 89 76 75 74 63 62 61 60 58 57 56 55 54 53 52 51 50 49 48 44 43 42 29 27 25 14 11 8 
172 252 247 236 232 223 220 217 206 204 202 189 188 187 175 174 173 171 170 169 168 167 166 165 164 163 162 161 160 157 156 155 142 140 138 127 124 121 108 104 92 87 76 70 60 53 44 36 28 19 12 2 
179 247 243 230 227 224 213 211 209 196 195 194 191 190 189 188 187 186 185 184 183 182 181 180 178 177 176 164 163 162 149 147 145 134 131 128 119 115 104 99 89 83 74 67 59 51 44 35 29 19 14 3 
60 252 240 236 225 220 210 204 195 188 180 172 165 156 150 140 135 124 120 111 108 105 94 92 90 77 76 75 63 62 61 59 58 57 56 55 54 53 52 51 50 49 48 45 44 43 30 28 26 15 12 9 
67 254 243 237 227 220 211 203 195 186 179 169 163 152 147 135 131 118 115 112 101 99 97 84 83 82 79 78 77 76 75 74 73 72 71 70 69 68 66 65 64 52 51 50 37 35 33 22 19 16 7 3 
108 252 243 236 228 220 213 204 198 188 183 172 168 159 156 153 142 140 138 125 124 123 111 110 109 107 106 105 104 103 102 101 100 99 98 97 96 93 92 91 78 76 74 63 60 57 44 40 28 23 12 6 
140 252 245 236 230 220 215 204 200 191 188 185 174 172 170 157 156 155 143 142 141 139 138 137 136 135 134 133 132 131 130 129 128 125 124 123 110 108 106 95 92 89 76 72 60 55 44 38 28 21 12 4 
147 249 243 232 227 215 211 198 195 192 181 179 177 164 163 162 159 158 157 156 155 154 153 152 151 150 149 148 146 145 144 132 131 130 117 115 113 102 99 96 87 83 72 67 57 51 42 35 27 19 12 3 
115 251 243 234 227 217 211 200 195 183 179 166 163 160 149 147 145 132 131 130 127 126 125 124 123 122 121 120 119 118 117 116 114 113 112 100 99 98 85 83 81 70 67 64 55 51 40 35 25 19 10 3 
51 255 243 238 227 221 211 204 195 187 179 170 163 153 147 136 131 119 115 102 99 96 85 83 81 68 67 66 63 62 61 60 59 58 57 56 55 54 53 52 50 49 48 36 35 34 21 19 17 6 3 0 
52 244 239 228 222 212 205 196 188 180 171 164 154 148 137 132 120 116 112 103 100 97 86 84 82 69 68 67 63 62 61 60 59 58 57 56 55 54 53 51 50 49 48 37 36 35 22 20 18 7 4 1 
188 252 248 239 236 233 222 220 218 205 204 203 191 190 189 187 186 185 184 183 182 181 180 179 178 177 176 173 172 171 158 156 154 143 140 137 124 120 108 103 92 86 76 69 60 52 44 35 28 18 12 1 
195 246 243 240 229 227 225 212 211 210 207 206 205 204 203 202 201 200 199 198 197 196 194 193 192 180 179 178 165 163 161 150 147 144 135 131 120 115 105 99 90 83 75 67 60 51 45 35 30 19 15 3 
196 247 244 241 230 228 226 213 212 211 207 206 205 204 203 202 201 200 199 198 197 195 194 193 192 181 180 179 166 164 162 151 148 145 136 132 128 121 116 106 100 91 84 76 68 61 52 46 36 31 20 4 
197 248 245 242 231 229 227 214 213 212 207 206 205 204 203 202 201 200 199 198 196 195 194 193 192 182 181 180 167 165 163 152 149 146 137 133 129 122 117 112 107 101 92 85 77 69 62 53 47 37 21 5 
198 249 246 243 232 230 228 215 214 213 207 206 205 204 203 202 201 200 199 197 196 195 194 193 192 183 182 181 168 166 164 153 150 147 138 134 130 123 118 113 108 102 96 93 86 78 70 63 54 38 22 6 
199 250 247 244 233 231 229 216 215 214 207 206 205 204 203 202 201 200 198 197 196 195 194 193 192 184 183 182 169 167 165 154 151 148 139 135 131 124 119 114 109 103 97 94 87 80 79 71 55 39 23 7 
200 251 248 245 234 232 230 217 216 215 207 206 205 204 203 202 201 199 198 197 196 195 194 193 192 185 184 183 170 168 166 155 152 149 140 136 132 125 120 115 110 104 98 95 88 81 72 64 56 40 24 8 
201 252 249 246 235 233 231 218 217 216 207 206 205 204 203 202 200 199 198 197 196 195 194 193 192 186 185 184 171 169 167 156 153 150 141 137 133 126 121 116 111 105 99 89 82 73 65 57 48 41 25 9 
202 253 250 247 236 234 232 219 218 217 207 206 205 204 203 201 200 199 198 197 196 195 194 193 192 187 186 185 172 170 168 157 154 151 142 138 134 127 122 117 106 100 90 83 74 66 58 49 42 32 26 10 
203 254 251 248 237 235 233 220 219 218 207 206 205 204 202 201 200 199 198 197 196 195 194 193 192 188 187 186 173 171 169 158 155 152 143 139 135 123 118 107 101 91 84 75 67 59 50 43 33 27 16 11 
204 255 252 249 238 236 234 221 220 219 207 206 205 203 202 201 200 199 198 197 196 195 194 193 192 189 188 187 174 172 170 159 156 153 140 136 124 119 108 102 92 85 76 68 60 51 44 34 28 17 12 0 
37 245 229 213 207 197 190 181 173 165 156 149 139 133 122 117 112 105 101 97 88 85 82 71 69 67 54 53 52 47 46 45 44 43 42 41 40 39 38 36 35 34 33 32 22 21 20 7 5 3 
38 246 230 214 198 191 182 174 166 157 150 140 134 128 123 118 113 106 102 98 89 86 83 72 70 68 55 54 53 47 46 45 44 43 42 41 40 39 37 36 35 34 33 32 23 22 21 8 6 4 
39 247 231 215 199 183 175 167 158 151 144 141 135 129 124 119 114 107 103 99 90 87 84 73 71 69 56 55 54 47 46 45 44 43 42 41 40 38 37 36 35 34 33 32 24 23 22 9 7 5 
40 248 232 216 200 184 168 160 159 152 145 142 136 130 125 120 115 108 104 100 91 88 85 74 72 70 57 56 55 47 46 45 44 43 42 41 39 38 37 36 35 34 33 32 25 24 23 10 8 6 
77 253 242 237 227 221 212 205 197 189 182 173 167 157 152 141 137 125 122 111 109 107 94 93 92 79 78 76 75 74 73 72 71 70 69 68 67 66 65 64 62 61 60 47 45 43 29 26 13 9 
82 252 242 235 226 218 210 201 194 184 178 167 162 150 146 133 130 116 114 112 99 98 97 95 94 93 92 91 90 89 88 87 86 85 84 83 81 80 67 66 65 52 50 48 37 34 22 18 7 2 
41 249 233 217 201 185 176 169 161 153 146 143 137 131 126 121 116 109 105 101 92 89 86 75 73 71 58 57 56 47 46 45 44 43 42 40 39 38 37 36 35 34 33 32 26 25 24 11 9 7 
173 253 248 237 233 221 218 207 205 203 190 189 188 175 174 172 171 170 169 168 167 166 165 164 163 162 161 160 158 157 156 143 141 139 125 122 109 105 93 88 77 71 61 54 45 37 29 20 13 3 
178 246 242 229 226 212 210 208 195 194 193 191 190 189 188 187 186 185 184 183 182 181 180 179 177 176 163 162 161 148 146 144 133 130 118 114 103 98 88 82 73 66 58 50 43 34 28 18 13 2 
42 250 234 218 202 192 186 177 170 162 154 147 138 132 127 122 117 110 106 102 93 90 87 76 74 72 59 58 57 47 46 45 44 43 41 40 39 38 37 36 35 34 33 32 27 26 25 12 10 8 
43 251 235 219 208 203 193 187 178 171 163 155 148 139 133 123 118 111 107 103 94 91 88 77 75 73 60 59 58 47 46 45 44 42 41 40 39 38 37 36 35 34 33 32 28 27 26 13 11 9 
109 253 244 237 229 221 214 205 199 189 184 173 169 157 154 143 141 139 126 125 124 111 110 108 107 106 105 104 103 102 101 100 99 98 97 96 94 93 92 79 77 75 61 58 45 41 29 24 13 7 
141 253 246 237 231 221 216 205 201 189 186 175 173 171 158 157 156 143 142 140 139 138 137 136 135 134 133 132 131 130 129 128 126 125 124 111 109 107 93 90 77 73 61 56 45 39 29 22 13 5 
146 248 242 231 226 214 210 197 194 180 178 176 163 162 161 159 158 157 156 155 154 153 152 151 150 149 148 147 145 144 131 130 129 116 114 112 101 98 86 82 71 66 56 50 41 34 26 18 11 2 
114 250 242 233 226 216 210 199 194 182 178 165 162 148 146 144 131 130 129 127 126 125 124 123 122 121 120 119 118 117 116 115 113 112 99 98 97 84 82 80 69 66 54 50 39 34 24 18 9 2 
61 253 241 237 226 221 211 205 196 189 181 173 166 157 151 141 136 125 121 109 106 95 93 91 78 77 76 63 62 60 59 58 57 56 55 54 53 52 51 50 49 48 46 45 44 31 29 27 13 10 
66 253 242 236 226 219 210 202 194 185 178 168 162 151 146 134 130 117 114 100 98 96 83 82 81 79 78 77 76 75 74 73 72 71 70 69 68 67 65 64 51 50 49 36 34 32 21 18 6 2 
44 252 236 224 220 209 204 194 188 179 172 164 156 149 140 134 124 119 108 104 95 92 89 78 76 74 61 60 59 47 46 45 43 42 41 40 39 38 37 36 35 34 33 32 29 28 27 14 12 10 
45 253 240 237 225 221 210 205 195 189 180 173 165 157 150 141 135 125 120 109 105 93 90 79 77 75 62 61 60 47 46 44 43 42 41 40 39 38 37 36 35 34 33 32 30 29 28 15 13 11 
189 253 249 237 234 223 221 219 206 205 204 191 190 188 187 186 185 184 183 182 181 180 179 178 177 176 174 173 172 159 157 155 141 138 125 121 109 104 93 87 77 70 61 53 45 36 29 19 13 2 
194 245 242 228 226 224 211 210 209 207 206 205 204 203 202 201 200 199 198 197 196 195 193 192 179 178 177 164 162 160 149 146 134 130 119 114 104 98 89 82 74 66 59 50 44 34 29 18 14 2 
50 254 242 237 226 220 210 203 194 186 178 169 162 152 146 135 130 118 114 101 98 84 82 80 67 66 65 63 62 61 60 59 58 57 56 55 54 53 52 51 49 48 35 34 33 20 18 16 5 2 
34 255 242 238 226 221 210 204 194 187 178 170 162 153 146 136 130 119 114 102 98 85 82 68 66 64 51 50 49 47 46 45 44 43 42 41 40 39 38 37 36 35 33 32 19 18 17 4 2 0 
35 243 239 227 222 211 205 195 188 179 171 163 154 147 137 131 120 115 103 99 86 83 80 69 67 65 52 51 50 47 46 45 44 43 42 41 40 39 38 37 36 34 33 32 20 19 18 5 3 1 
93 253 243 237 228 221 213 205 198 189 183 173 168 157 153 141 138 127 125 123 110 109 108 95 94 92 91 90 89 88 87 86 85 84 83 82 81 80 78 77 76 63 61 59 45 42 29 25 13 8 
98 251 242 234 226 217 210 200 194 183 178 166 162 149 146 132 130 128 115 114 113 111 110 109 108 107 106 105 104 103 102 101 100 99 97 96 83 82 81 68 66 64 53 50 38 34 23 18 8 2 
157 253 247 237 232 221 217 205 202 191 189 187 174 173 172 159 158 156 155 154 153 152 151 150 149 148 147 146 145 144 142 141 140 127 125 123 109 106 93 89 77 72 61 55 45 38 29 21 13 4 
162 247 242 230 226 213 210 196 194 192 179 178 177 175 174 173 172 171 170 169 168 167 166 165 164 163 161 160 147 146 145 132 130 128 117 114 102 98 87 82 72 66 57 50 42 34 27 18 12 2 
36 244 228 223 212 206 196 189 180 172 164 155 148 138 132 121 116 104 100 96 87 84 81 70 68 66 53 52 51 47 46 45 44 43 42 41 40 39 38 37 35 34 33 32 21 20 19 6 4 2 
125 253 245 237 230 221 215 205 200 189 185 173 170 159 157 155 142 141 140 127 126 124 123 122 121 120 119 118 117 116 115 114 113 112 110 109 108 95 93 91 77 74 61 57 45 40 29 23 13 6 
130 249 242 232 226 215 210 198 194 181 178 164 162 160 147 146 145 143 142 141 140 139 138 137 136 135 134 133 132 131 129 128 115 114 113 100 98 96 85 82 70 66 55 50 40 34 25 18 10 2 
205 253 250 239 237 235 222 221 220 207 206 204 203 202 201 200 199 198 197 196 195 194 193 192 190 189 188 175 173 171 157 154 141 137 125 120 109 103 93 86 77 69 61 52 45 35 29 18 13 1 
210 244 242 240 227 226 225 223 222 221 220 219 218 217 216 215 214 213 212 211 209 208 195 194 193 180 178 176 165 162 150 146 135 130 120 114 105 98 90 82 75 66 60 50 45 34 30 18 15 2 
211 245 243 241 228 227 226 223 222 221 220 219 218 217 216 215 214 213 212 210 209 208 196 195 194 181 179 177 166 163 160 151 147 136 131 121 115 106 99 91 83 76 67 61 51 46 35 31 19 3 
212 246 244 242 229 228 227 223 222 221 220 219 218 217 216 215 214 213 211 210 209 208 197 196 195 182 180 178 167 164 161 152 148 144 137 132 122 116 107 100 92 84 77 68 62 52 47 36 20 4 
213 247 245 243 230 229 228 223 222 221 220 219 218 217 216 215 214 212 211 210 209 208 198 197 196 183 181 179 168 165 162 153 149 145 138 133 128 123 117 108 101 93 85 78 69 63 53 37 21 5 
214 248 246 244 231 230 229 223 222 221 220 219 218 217 216 215 213 212 211 210 209 208 199 198 197 184 182 180 169 166 163 154 150 146 139 134 129 124 118 112 109 102 94 86 79 70 54 38 22 6 
215 249 247 245 232 231 230 223 222 221 220 219 218 217 216 214 213 212 211 210 209 208 200 199 198 185 183 181 170 167 164 155 151 147 140 135 130 125 119 113 110 103 96 95 87 71 55 39 23 7 
216 250 248 246 233 232 231 223 222 221 220 219 218 217 215 214 213 212 211 210 209 208 201 200 199 186 184 182 171 168 165 156 152 148 141 136 131 126 120 114 111 104 97 88 80 72 56 40 24 8 
217 251 249 247 234 233 232 223 222 221 220 219 218 216 215 214 213 212 211 210 209 208 202 201 200 187 185 183 172 169 166 157 153 149 142 137 132 127 121 115 105 98 89 81 73 64 57 41 25 9 
218 252 250 248 235 234 233 223 222 221 220 219 217 216 215 214 213 212 211 210 209 208 203 202 201 188 186 184 173 170 167 158 154 150 143 138 133 122 116 106 99 90 82 74 65 58 48 42 26 10 
219 253 251 249 236 235 234 223 222 221 220 218 217 216 215 214 213 212 211 210 209 208 204 203 202 189 187 185 174 171 168 159 155 151 139 134 123 117 107 100 91 83 75 66 59 49 43 32 27 11 
220 254 252 250 237 236 235 223 222 221 219 218 217 216 215 214 213 212 211 210 209 208 205 204 203 190 188 186 175 172 169 156 152 140 135 124 118 108 101 92 84 76 67 60 50 44 33 28 16 12 
221 255 253 251 238 237 236 223 222 220 219 218 217 216 215 214 213 212 211 210 209 208 206 205 204 191 189 187 173 170 157 153 141 136 125 119 109 102 93 85 77 68 61 51 45 34 29 17 13 0 
142 254 247 238 232 222 217 206 202 190 187 174 172 159 158 157 143 141 140 139 138 137 136 135 134 133 132 131 130 129 128 127 126 125 110 108 94 91 78 74 62 57 46 40 30 23 14 6 
145 247 241 230 225 213 209 196 193 179 177 162 161 160 159 158 157 156 155 154 153 152 151 150 149 148 147 146 144 130 129 128 115 113 100 97 85 81 70 65 55 49 40 33 25 17 10 1 
113 249 241 232 225 215 209 198 193 181 177 164 161 147 145 130 129 128 127 126 125 124 123 122 121 120 119 118 117 116 115 114 112 98 97 96 83 81 68 65 53 49 38 33 23 17 8 1 
24 248 232 216 200 184 168 152 144 143 136 129 126 120 114 109 104 99 92 88 84 75 72 69 58 56 54 41 40 39 31 30 29 28 27 26 25 23 22 21 20 19 18 17 16 9 8 7 
25 249 233 217 201 185 169 160 153 145 137 130 127 121 115 110 105 100 93 89 85 76 73 70 59 57 55 42 41 40 31 30 29 28 27 26 24 23 22 21 20 19 18 17 16 10 9 8 
62 254 242 238 227 222 212 206 197 190 182 174 167 158 152 142 137 126 122 110 107 94 92 79 78 77 63 61 60 59 58 57 56 55 54 53 52 51 50 49 48 47 46 45 30 28 14 11 
65 252 241 235 225 218 209 201 193 184 177 167 161 150 145 133 129 116 113 99 97 82 81 80 79 78 77 76 75 74 73 72 71 70 69 68 67 66 64 50 49 48 35 33 20 17 5 1 
26 250 234 218 202 186 176 170 161 154 146 138 131 122 116 111 106 101 94 90 86 77 74 71 60 58 56 43 42 41 31 30 29 28 27 25 24 23 22 21 20 19 18 17 16 11 10 9 
27 251 235 219 203 192 187 177 171 162 155 147 139 132 123 117 107 102 95 91 87 78 75 72 61 59 57 44 43 42 31 30 29 28 26 25 24 23 22 21 20 19 18 17 16 12 11 10 
190 254 250 238 235 222 220 207 206 205 191 189 188 187 186 185 184 183 182 181 180 179 178 177 176 175 174 173 158 156 142 139 126 122 110 105 94 88 78 71 62 54 46 37 30 20 14 3 
193 244 241 227 225 210 209 208 207 206 205 204 203 202 201 200 199 198 197 196 195 194 192 178 177 176 163 161 148 145 133 129 118 113 103 97 88 81 73 65 58 49 43 33 28 17 13 1 
28 252 236 220 208 204 193 188 178 172 163 156 148 140 133 124 118 108 103 92 88 79 76 73 62 60 58 45 44 43 31 30 29 27 26 25 24 23 22 21 20 19 18 17 16 13 12 11 
46 254 241 238 226 222 211 206 196 190 181 174 166 158 151 142 136 126 121 110 106 94 91 78 76 63 62 61 47 45 44 43 42 41 40 39 38 37 36 35 34 33 32 31 30 29 14 12 
49 253 241 236 225 219 209 202 193 185 177 168 161 151 145 134 129 117 113 100 97 83 81 66 65 64 63 62 61 60 59 58 57 56 55 54 53 52 51 50 48 34 33 32 19 17 4 1 
94 254 244 238 229 222 214 206 199 190 184 174 169 158 154 142 139 126 124 111 110 109 95 93 92 91 90 89 88 87 86 85 84 83 82 81 80 79 78 77 62 60 46 43 30 26 14 9 
97 250 241 233 225 216 209 199 193 182 177 165 161 148 145 131 129 114 113 112 111 110 109 108 107 106 105 104 103 102 101 100 99 98 96 82 81 80 67 65 52 49 37 33 22 17 7 1 
158 254 248 238 233 222 218 206 203 190 188 175 174 173 159 157 156 155 154 153 152 151 150 149 148 147 146 145 144 143 142 141 126 124 110 107 94 90 78 73 62 56 46 39 30 22 14 5 
161 246 241 229 225 212 209 195 193 178 177 176 175 174 173 172 171 170 169 168 167 166 165 164 163 162 160 146 145 144 131 129 116 113 101 97 86 81 71 65 56 49 41 33 26 17 11 1 
29 253 237 224 221 209 205 194 189 179 173 164 157 149 141 134 125 119 109 104 93 89 77 74 63 61 59 46 45 44 31 30 28 27 26 25 24 23 22 21 20 19 18 17 16 14 13 12 
126 254 246 238 231 222 216 206 201 190 186 174 171 158 156 143 142 141 127 125 124 123 122 121 120 119 118 117 116 115 114 113 112 111 110 109 94 92 78 75 62 58 46 41 30 24 14 7 
129 248 241 231 225 214 209 197 193 180 177 163 161 146 145 144 143 142 141 140 139 138 137 136 135 134 133 132 131 130 128 114 113 112 99 97 84 81 69 65 54 49 39 33 24 17 9 1 
30 254 240 238 225 222 210 206 195 190 180 174 165 158 150 142 135 126 120 110 105 94 90 78 75 62 60 47 46 45 31 29 28 27 26 25 24 23 22 21 20 19 18 17 16 15 14 13 
33 254 241 237 225 220 209 203 193 186 177 169 161 152 145 135 129 118 113 101 97 84 81 67 65 50 49 48 47 46 45 44 43 42 41 40 39 38 37 36 35 34 32 18 17 16 3 1 
206 254 251 238 236 223 222 221 207 205 204 203 202 201 200 199 198 197 196 195 194 193 192 191 190 189 174 172 158 155 142 138 126 121 110 104 94 87 78 70 62 53 46 36 30 19 14 2 
209 243 241 226 225 224 223 222 221 220 219 218 217 216 215 214 213 212 211 210 208 194 193 192 179 177 164 161 149 145 134 129 119 113 104 97 89 81 74 65 59 49 44 33 29 17 14 1 
17 255 241 238 225 221 209 204 193 187 177 170 161 153 145 136 129 119 113 102 97 85 81 68 65 51 49 34 33 32 31 30 29 28 27 26 25 24 23 22 21 20 19 18 16 2 1 0 
18 242 239 226 222 210 205 194 188 178 171 162 154 146 137 130 120 114 103 98 86 82 69 66 52 50 48 35 34 33 31 30 29 28 27 26 25 24 23 22 21 20 19 17 16 3 2 1 
19 243 227 223 211 206 195 189 179 172 163 155 147 138 131 121 115 104 99 87 83 70 67 64 53 51 49 36 35 34 31 30 29 28 27 26 25 24 23 22 21 20 18 17 16 4 3 2 
20 244 228 212 207 196 190 180 173 164 156 148 139 132 122 116 105 100 88 84 80 71 68 65 54 52 50 37 36 35 31 30 29 28 27 26 25 24 23 22 21 19 18 17 16 5 4 3 
78 254 243 238 228 222 213 206 198 190 183 174 168 158 153 142 138 126 123 110 108 95 94 93 79 77 76 75 74 73 72 71 70 69 68 67 66 65 64 63 62 61 46 44 30 27 14 10 
81 251 241 234 225 217 209 200 193 183 177 166 161 149 145 132 129 115 113 98 97 96 95 94 93 92 91 90 89 88 87 86 85 84 83 82 80 66 65 64 51 49 36 33 21 17 6 1 
21 245 229 213 197 191 181 174 165 157 149 140 133 123 117 106 101 96 89 85 81 72 69 66 55 53 51 38 37 36 31 30 29 28 27 26 25 24 23 22 20 19 18 17 16 6 5 4 
174 254 249 238 234 222 219 206 204 191 190 189 175 173 172 171 170 169 168 167 166 165 164 163 162 161 160 159 158 157 142 140 126 123 110 106 94 89 78 72 62 55 46 38 30 21 14 4 
177 245 241 228 225 211 209 194 193 192 191 190 189 188 187 186 185 184 183 182 181 180 179 178 176 162 161 160 147 145 132 129 117 113 102 97 87 81 72 65 57 49 42 33 27 17 12 1 
22 246 230 214 198 182 175 166 158 150 141 134 124 118 112 107 102 97 90 86 82 73 70 67 56 54 52 39 38 37 31 30 29 28 27 26 25 24 23 21 20 19 18 17 16 7 6 5 
23 247 231 215 199 183 167 159 151 142 135 128 125 119 113 108 103 98 91 87 83 74 71 68 57 55 53 40 39 38 31 30 29 28 27 26 25 24 22 21 20 19 18 17 16 8 7 6 
110 254 245 238 230 222 215 206 200 190 185 174 170 158 155 142 140 127 126 125 111 109 108 107 106 105 104 103 102 101 100 99 98 97 96 95 94 93 78 76 62 59 46 42 30 25 14 8 
222 254 252 239 238 237 223 221 220 219 218 217 216 215 214 213 212 211 210 209 208 207 206 205 190 188 174 171 158 154 142 137 126 120 110 103 94 86 78 69 62 52 46 35 30 18 14 1 
225 242 241 240 239 238 237 236 235 234 233 232 231 230 229 228 227 226 224 210 209 208 195 193 180 177 165 161 150 145 135 129 120 113 105 97 90 81 75 65 60 49 45 33 30 17 15 1 
226 243 242 241 239 238 237 236 235 234 233 232 231 230 229 228 227 225 224 211 210 209 196 194 192 181 178 166 162 151 146 136 130 121 114 106 98 91 82 76 66 61 50 46 34 31 18 2 
227 244 243 242 239 238 237 236 235 234 233 232 231 230 229 228 226 225 224 212 211 210 197 195 193 182 179 176 167 163 152 147 137 131 122 115 107 99 92 83 77 67 62 51 47 35 19 3 
228 245 244 243 239 238 237 236 235 234 233 232 231 230 229 227 226 225 224 213 212 211 198 196 194 183 180 177 168 164 160 153 148 138 132 123 116 108 100 93 84 78 68 63 52 36 20 4 
229 246 245 244 239 238 237 236 235 234 233 232 231 230 228 227 226 225 224 214 213 212 199 197 195 184 181 178 169 165 161 154 149 144 139 133 124 117 109 101 94 85 79 69 53 37 21 5 
230 247 246 245 239 238 237 236 235 234 233 232 231 229 228 227 226 225 224 215 214 213 200 198 196 185 182 179 170 166 162 155 150 145 140 134 128 125 118 110 102 95 86 70 54 38 22 6 
231 248 247 246 239 238 237 236 235 234 233 232 230 229 228 227 226 225 224 216 215 214 201 199 197 186 183 180 171 167 163 156 151 146 141 135 129 126 119 112 111 103 87 71 55 39 23 7 
232 249 248 247 239 238 237 236 235 234 233 231 230 229 228 227 226 225 224 217 216 215 202 200 198 187 184 181 172 168 164 157 152 147 142 136 130 127 120 113 104 96 88 72 56 40 24 8 
233 250 249 248 239 238 237 236 235 234 232 231 230 229 228 227 226 225 224 218 217 216 203 201 199 188 185 182 173 169 165 158 153 148 143 137 131 121 114 105 97 89 80 73 57 41 25 9 
234 251 250 249 239 238 237 236 235 233 232 231 230 229 228 227 226 225 224 219 218 217 204 202 200 189 186 183 174 170 166 159 154 149 138 132 122 115 106 98 90 81 74 64 58 42 26 10 
235 252 251 250 239 238 237 236 234 233 232 231 230 229 228 227 226 225 224 220 219 218 205 203 201 190 187 184 175 171 167 155 150 139 133 123 116 107 99 91 82 75 65 59 48 43 27 11 
236 253 252 251 239 238 237 235 234 233 232 231 230 229 228 227 226 225 224 221 220 219 206 204 202 191 188 185 172 168 156 151 140 134 124 117 108 100 92 83 76 66 60 49 44 32 28 12 
237 254 253 252 239 238 236 235 234 233 232 231 230 229 228 227 226 225 224 222 221 220 207 205 203 189 186 173 169 157 152 141 135 125 118 109 101 93 84 77 67 61 50 45 33 29 16 13 
238 255 254 253 239 237 236 235 234 233 232 231 230 229 228 227 226 225 224 223 222 221 206 204 190 187 174 170 158 153 142 136 126 119 110 102 94 85 78 68 62 51 46 34 30 17 14 0 
95 255 245 239 230 223 215 207 200 191 185 175 170 159 155 143 140 127 125 111 110 94 93 92 91 90 89 88 87 86 85 84 83 82 81 80 79 78 63 61 47 44 31 27 15 10 
96 249 240 232 224 215 208 198 192 181 176 164 160 147 144 130 128 113 112 111 110 109 108 107 106 105 104 103 102 101 100 99 98 97 81 80 66 64 51 48 36 32 21 16 6 0 
159 255 249 239 234 223 219 207 204 191 189 175 174 158 157 156 155 154 153 152 151 150 149 148 147 146 145 144 143 142 127 125 111 108 95 91 79 74 63 57 47 40 31 23 15 6 
160 245 240 228 224 211 208 194 192 177 176 175 174 173 172 171 170 169 168 167 166 165 164 163 162 161 145 144 130 128 115 112 100 96 85 80 70 64 55 48 40 32 25 16 10 0 
47 255 242 239 227 223 212 207 197 191 182 175 167 159 152 143 137 127 122 111 107 95 92 79 77 63 62 46 45 44 43 42 41 40 39 38 37 36 35 34 33 32 31 30 15 13 
127 255 247 239 232 223 217 207 202 191 187 175 172 159 157 143 142 126 125 124 123 122 121 120 119 118 117 116 115 114 113 112 111 110 95 93 79 76 63 59 47 42 31 25 15 8 
128 247 240 230 224 213 208 196 192 179 176 162 160 145 144 143 142 141 140 139 138 137 136 135 134 133 132 131 130 129 113 112 98 96 83 80 68 64 53 48 38 32 23 16 8 0 
48 252 240 235 224 218 208 201 192 184 176 167 160 150 144 133 128 116 112 99 96 82 80 65 64 63 62 61 60 59 58 57 56 55 54 53 52 51 50 49 33 32 18 16 3 0 
11 251 235 219 203 187 176 171 161 155 146 139 131 123 116 107 101 91 86 79 75 71 62 59 56 45 43 41 28 27 26 15 14 13 12 10 9 8 7 6 5 4 3 2 1 0 
12 252 236 220 204 192 188 177 172 162 156 147 140 132 124 117 108 102 92 87 76 72 63 60 57 46 44 42 29 28 27 15 14 13 11 10 9 8 7 6 5 4 3 2 1 0 
13 253 237 221 208 205 193 189 178 173 163 157 148 141 133 125 118 109 103 93 88 77 73 61 58 47 45 43 30 29 28 15 14 12 11 10 9 8 7 6 5 4 3 2 1 0 
207 255 252 239 237 223 222 206 205 204 203 202 201 200 199 198 197 196 195 194 193 192 191 190 175 173 159 156 143 139 127 122 111 105 95 88 79 71 63 54 47 37 31 20 15 3 
208 242 240 225 224 223 222 221 220 219 218 217 216 215 214 213 212 211 210 209 193 192 178 176 163 160 148 144 133 128 118 112 103 96 88 80 73 64 58 48 43 32 28 16 13 0 
31 255 241 239 226 223 211 207 196 191 181 175 166 159 151 143 136 127 121 111 106 95 91 79 76 63 61 47 46 30 29 28 27 26 25 24 23 22 21 20 19 18 17 16 15 14 
32 253 240 236 224 219 208 202 192 185 176 168 160 151 144 134 128 117 112 100 96 83 80 66 64 49 48 47 46 45 44 43 42 41 40 39 38 37 36 35 34 33 17 16 2 0 
14 254 238 224 222 209 206 194 190 179 174 164 158 149 142 134 126 119 110 104 94 89 78 74 62 59 46 44 31 30 29 15 13 12 11 10 9 8 7 6 5 4 3 2 1 0 
15 255 240 239 225 223 210 207 195 191 180 175 165 159 150 143 135 127 120 111 105 95 90 79 75 63 60 47 45 31 30 14 13 12 11 10 9 8 7 6 5 4 3 2 1 0 
79 255 244 239 229 223 214 207 199 191 184 175 169 159 154 143 139 127 124 111 109 95 94 78 77 76 75 74 73 72 71 70 69 68 67 66 65 64 63 62 47 45 31 28 15 11 
80 250 240 233 224 216 208 199 192 182 176 165 160 148 144 131 128 114 112 97 96 95 94 93 92 91 90 89 88 87 86 85 84 83 82 81 65 64 50 48 35 32 20 16 5 0 
16 254 240 237 224 220 208 203 192 186 176 169 160 152 144 135 128 118 112 101 96 84 80 67 64 50 48 33 32 31 30 29 28 27 26 25 24 23 22 21 20 19 18 17 1 0 
175 255 250 239 235 223 220 207 205 191 190 174 173 172 171 170 169 168 167 166 165 164 163 162 161 160 159 158 143 141 127 124 111 107 95 90 79 73 63 56 47 39 31 22 15 5 
176 244 240 227 224 210 208 193 192 191 190 189 188 187 186 185 184 183 182 181 180 179 178 177 161 160 146 144 131 128 116 112 101 96 86 80 71 64 56 48 41 32 26 16 11 0 
0 255 240 238 224 221 208 204 192 187 176 170 160 153 144 136 128 119 112 102 96 85 80 68 64 51 48 34 32 17 16 15 14 13 12 11 10 9 8 7 6 5 4 3 2 1 
1 241 239 225 222 209 205 193 188 177 171 161 154 145 137 129 120 113 103 97 86 81 69 65 52 49 35 33 18 17 16 15 14 13 12 11 10 9 8 7 6 5 4 3 2 0 
111 255 246 239 231 223 216 207 201 191 186 175 171 159 156 143 141 127 126 110 109 108 107 106 105 104 103 102 101 100 99 98 97 96 95 94 79 77 63 60 47 43 31 26 15 9 
143 255 248 239 233 223 218 207 203 191 188 175 173 159 158 142 141 140 139 138 137 136 135 134 133 132 131 130 129 128 127 126 111 109 95 92 79 75 63 58 47 41 31 24 15 7 
144 246 240 229 224 212 208 195 192 178 176 161 160 159 158 157 156 155 154 153 152 151 150 149 148 147 146 145 129 128 114 112 99 96 84 80 69 64 54 48 39 32 24 16 9 0 
223 255 253 239 238 222 221 220 219 218 217 216 215 214 213 212 211 210 209 208 207 206 191 189 175 172 159 155 143 138 127 121 111 104 95 87 79 70 63 53 47 36 31 19 15 2 
224 241 240 239 238 237 236 235 234 233 232 231 230 229 228 227 226 225 209 208 194 192 179 176 164 160 149 144 134 128 119 112 104 96 89 80 74 64 59 48 44 32 29 16 14 0 
112 248 240 231 224 214 208 197 192 180 176 163 160 146 144 129 128 127 126 125 124 123 122 121 120 119 118 117 116 115 114 113 97 96 82 80 67 64 52 48 37 32 22 16 7 0 
2 242 226 223 210 206 194 189 178 172 162 155 146 138 130 121 114 104 98 87 82 70 66 53 50 36 34 32 19 18 17 15 14 13 12 11 10 9 8 7 6 5 4 3 1 0 
3 243 227 211 207 195 190 179 173 163 156 147 139 131 122 115 105 99 88 83 71 67 54 51 48 37 35 33 20 19 18 15 14 13 12 11 10 9 8 7 6 5 4 2 1 0 
4 244 228 212 196 191 180 174 164 157 148 140 132 123 116 106 100 89 84 72 68 64 55 52 49 38 36 34 21 20 19 15 14 13 12 11 10 9 8 7 6 5 3 2 1 0 
5 245 229 213 197 181 175 165 158 149 141 133 124 117 107 101 90 85 80 73 69 65 56 53 50 39 37 35 22 21 20 15 14 13 12 11 10 9 8 7 6 4 3 2 1 0 
63 255 243 239 228 223 213 207 198 191 183 175 168 159 153 143 138 127 123 111 108 95 93 79 78 62 61 60 59 58 57 56 55 54 53 52 51 50 49 48 47 46 31 29 15 12 
64 251 240 234 224 217 208 200 192 183 176 166 160 149 144 132 128 115 112 98 96 81 80 79 78 77 76 75 74 73 72 71 70 69 68 67 66 65 49 48 34 32 19 16 4 0 
6 246 230 214 198 182 166 159 150 142 134 125 118 108 102 96 91 86 81 74 70 66 57 54 51 40 38 36 23 22 21 15 14 13 12 11 10 9 8 7 5 4 3 2 1 0 
7 247 231 215 199 183 167 151 143 135 126 119 112 109 103 97 92 87 82 75 71 67 58 55 52 41 39 37 24 23 22 15 14 13 12 11 10 9 8 6 5 4 3 2 1 0 
191 255 251 239 236 223 221 207 206 190 189 188 187 186 185 184 183 182 181 180 179 178 177 176 175 174 159 157 143 140 127 123 111 106 95 89 79 72 63 55 47 38 31 21 15 4 
192 243 240 226 224 209 208 207 206 205 204 203 202 201 200 199 198 197 196 195 194 193 177 176 162 160 147 144 132 128 117 112 102 96 87 80 72 64 57 48 42 32 27 16 12 0 
8 248 232 216 200 184 168 152 136 128 127 120 113 110 104 98 93 88 83 76 72 68 59 56 53 42 40 38 25 24 23 15 14 13 12 11 10 9 7 6 5 4 3 2 1 0 
9 249 233 217 201 185 169 153 144 137 129 121 114 111 105 99 94 89 84 77 73 69 60 57 54 43 41 39 26 25 24 15 14 13 12 11 10 8 7 6 5 4 3 2 1 0 
10 250 234 218 202 186 170 160 154 145 138 130 122 115 106 100 95 90 85 78 74 70 61 58 55 44 42 40 27 26 25 15 14 13 12 11 9 8 7 6 5 4 3 2 1 0 
239 255 254 238 237 236 235 234 233 232 231 230 229 228 227 226 225 224 223 222 207 205 191 188 175 171 159 154 143 137 127 120 111 103 95 86 79 69 63 52 47 35 31 18 15 1 
240 255 254 253 252 251 250 249 248 247 246 245 244 243 242 241 225 224 210 208 195 192 180 176 165 160 150 144 135 128 120 112 105 96 90 80 75 64 60 48 45 32 30 16 15 0 
241 255 254 253 252 251 250 249 248 247 246 245 244 243 242 240 226 225 224 211 209 196 193 181 177 166 161 151 145 136 129 121 113 106 97 91 81 76 65 61 49 46 33 31 17 1 
242 255 254 253 252 251 250 249 248 247 246 245 244 243 241 240 227 226 225 212 210 208 197 194 182 178 167 162 152 146 137 130 122 114 107 98 92 82 77 66 62 50 47 34 18 2 
243 255 254 253 252 251 250 249 248 247 246 245 244 242 241 240 228 227 226 213 211 209 198 195 192 183 179 168 163 153 147 138 131 123 115 108 99 93 83 78 67 63 51 35 19 3 
244 255 254 253 252 251 250 249 248 247 246 245 243 242 241 240 229 228 227 214 212 210 199 196 193 184 180 176 169 164 154 148 139 132 124 116 109 100 94 84 79 68 52 36 20 4 
245 255 254 253 252 251 250 249 248 247 246 244 243 242 241 240 230 229 228 215 213 211 200 197 194 185 181 177 170 165 160 155 149 140 133 125 117 110 101 95 85 69 53 37 21 5 
246 255 254 253 252 251 250 249 248 247 245 244 243 242 241 240 231 230 229 216 214 212 201 198 195 186 182 178 171 166 161 156 150 144 141 134 126 118 111 102 86 70 54 38 22 6 
247 255 254 253 252 251 250 249 248 246 245 244 243 242 241 240 232 231 230 217 215 213 202 199 196 187 183 179 172 167 162 157 151 145 142 135 128 127 119 103 87 71 55 39 23 7 
248 255 254 253 252 251 250 249 247 246 245 244 243 242 241 240 233 232 231 218 216 214 203 200 197 188 184 180 173 168 163 158 152 146 143 136 129 120 112 104 88 72 56 40 24 8 
249 255 254 253 252 251 250 248 247 246 245 244 243 242 241 240 234 233 232 219 217 215 204 201 198 189 185 181 174 169 164 159 153 147 137 130 121 113 105 96 89 73 57 41 25 9 
250 255 254 253 252 251 249 248 247 246 245 244 243 242 241 240 235 234 233 220 218 216 205 202 199 190 186 182 175 170 165 154 148 138 131 122 114 106 97 90 80 74 58 42 26 10 
251 255 254 253 252 250 249 248 247 246 245 244 243 242 241 240 236 235 234 221 219 217 206 203 200 191 187 183 171 166 155 149 139 132 123 115 107 98 91 81 75 64 59 43 27 11 
252 255 254 253 251 250 249 248 247 246 245 244 243 242 241 240 237 236 235 222 220 218 207 204 201 188 184 172 167 156 150 140 133 124 116 108 99 92 82 76 65 60 48 44 28 12 
253 255 254 252 251 250 249 248 247 246 245 244 243 242 241 240 238 237 236 223 221 219 205 202 189 185 173 168 157 151 141 134 125 117 109 100 93 83 77 66 61 49 45 32 29 13 
254 255 253 252 251 250 249 248 247 246 245 244 243 242 241 240 239 238 237 222 220 206 203 190 186 174 169 158 152 142 135 126 118 110 101 94 84 78 67 62 50 46 33 30 16 14 
255 254 253 252 251 250 249 248 247 246 245 244 243 242 241 240 239 238 223 221 207 204 191 187 175 170 159 153 143 136 127 119 111 102 95 85 79 68 63 51 47 34 31 17 15 0 

