60 120 115 110 108 104 100 96 93 90 84 82 80 72 71 70 65 64 63 62 61 59 58 57 56 55 50 49 48 40 38 36 30 27 24 20 16 12 10 5 0 
49 115 109 104 99 97 93 89 85 82 79 73 71 69 61 60 59 54 53 52 51 50 48 47 46 45 44 39 38 37 29 27 25 19 16 13 9 5 1 
50 116 110 105 100 98 94 90 86 83 80 74 72 70 62 61 60 54 53 52 51 49 48 47 46 45 44 40 39 38 30 28 26 20 17 14 10 6 2 
59 119 114 107 103 99 95 92 89 83 81 79 71 70 69 65 64 63 62 61 60 58 57 56 55 49 48 47 39 37 35 29 26 23 19 15 11 9 4 
48 120 114 108 103 96 92 88 84 81 78 72 70 68 60 59 58 54 53 52 51 50 49 47 46 45 44 38 37 36 28 26 24 18 15 12 8 4 0 
61 116 111 109 105 101 97 94 91 85 83 81 73 72 71 65 64 63 62 60 59 58 57 56 55 51 50 49 41 39 37 31 28 25 21 17 13 6 1 
70 118 114 110 106 103 100 94 92 90 82 81 80 76 75 74 73 72 71 69 68 67 66 60 59 58 50 48 46 40 37 34 30 26 22 20 15 10 4 
71 119 115 111 107 104 101 95 93 91 83 82 81 76 75 74 73 72 70 69 68 67 66 61 60 59 51 49 47 41 38 35 31 27 23 21 16 11 5 
72 120 116 112 108 105 102 96 94 92 84 83 82 76 75 74 73 71 70 69 68 67 66 62 61 60 52 50 48 42 39 36 32 28 24 17 12 6 0 
51 117 111 106 101 95 91 87 84 81 75 73 71 63 62 61 54 53 52 50 49 48 47 46 45 44 41 40 39 31 29 27 21 18 15 7 3 
58 118 113 106 102 94 91 88 82 80 78 70 69 68 65 64 63 62 61 60 59 57 56 55 48 47 46 38 36 34 28 25 22 18 14 8 3 
39 116 105 99 94 89 87 83 79 75 72 69 63 61 59 51 50 49 43 42 41 40 38 37 36 35 34 33 29 28 27 19 17 15 9 6 3 
40 117 110 106 100 95 90 84 80 76 73 70 64 62 60 52 51 50 43 42 41 39 38 37 36 35 34 33 30 29 28 20 18 16 10 7 4 
47 119 113 107 102 95 91 83 80 77 71 69 67 59 58 57 54 53 52 51 50 49 48 46 45 44 37 36 35 27 25 23 17 14 11 7 3 
62 117 112 106 102 98 95 92 86 84 82 74 73 72 65 64 63 61 60 59 58 57 56 55 52 51 50 42 40 38 32 29 26 18 14 7 2 
69 117 113 105 102 99 93 91 89 81 80 79 76 75 74 73 72 71 70 68 67 66 59 58 57 49 47 45 39 36 33 29 25 19 14 9 3 
36 120 113 108 102 96 91 84 80 72 69 66 60 58 56 48 47 46 43 42 41 40 39 38 37 35 34 33 26 25 24 16 14 12 6 3 0 
37 114 109 103 97 92 85 81 77 73 70 67 61 59 57 49 48 47 43 42 41 40 39 38 36 35 34 33 27 26 25 17 15 13 7 4 1 
38 115 104 98 93 88 86 82 78 74 71 68 62 60 58 50 49 48 43 42 41 40 39 37 36 35 34 33 28 27 26 18 16 14 8 5 2 
73 117 113 109 106 103 97 95 93 85 84 83 76 75 74 72 71 70 69 68 67 66 63 62 61 53 51 49 43 40 37 29 25 18 13 7 1 
80 116 113 110 104 102 100 92 91 90 87 86 85 84 83 82 81 79 78 77 70 69 68 60 58 56 50 47 44 40 36 30 25 20 14 10 3 
81 117 114 111 105 103 101 93 92 91 87 86 85 84 83 82 80 79 78 77 71 70 69 61 59 57 51 48 45 41 37 33 31 26 21 15 4 
82 118 115 112 106 104 102 94 93 92 87 86 85 84 83 81 80 79 78 77 72 71 70 62 60 58 52 49 46 42 38 34 32 27 22 16 5 
83 119 116 113 107 105 103 95 94 93 87 86 85 84 82 81 80 79 78 77 73 72 71 63 61 59 53 50 47 43 39 35 28 23 17 11 6 
84 120 117 114 108 106 104 96 95 94 87 86 85 83 82 81 80 79 78 77 74 73 72 64 62 60 54 51 48 40 36 29 24 18 12 7 0 
41 118 111 107 101 96 91 85 81 74 71 65 63 61 53 52 51 43 42 40 39 38 37 36 35 34 33 31 30 29 21 19 17 8 5 
46 118 112 106 101 94 90 82 79 70 68 66 58 57 56 54 53 52 51 50 49 48 47 45 44 36 35 34 26 24 22 16 13 6 2 
63 118 113 107 103 96 93 87 85 83 75 74 73 65 64 62 61 60 59 58 57 56 55 53 52 51 43 41 39 30 27 19 15 8 3 
68 116 112 104 101 92 90 88 80 79 78 76 75 74 73 72 71 70 69 67 66 58 57 56 48 46 44 38 35 28 24 18 13 8 2 
29 117 106 99 95 89 84 79 73 69 65 62 59 53 51 49 41 40 39 32 31 30 28 27 26 25 24 23 22 19 18 17 9 7 5 
30 118 110 107 100 96 90 85 80 74 70 63 60 54 52 50 42 41 40 32 31 29 28 27 26 25 24 23 22 20 19 18 10 8 6 
35 119 112 107 101 95 90 83 79 71 68 59 57 55 47 46 45 43 42 41 40 39 38 37 36 34 33 25 24 23 15 13 11 5 2 
24 120 112 108 101 96 90 84 79 72 68 60 57 48 46 44 36 35 34 32 31 30 29 28 27 26 25 23 22 14 13 12 4 2 0 
25 113 109 102 97 91 85 80 73 69 61 58 55 49 47 45 37 36 35 32 31 30 29 28 27 26 24 23 22 15 14 13 5 3 1 
74 118 114 107 104 98 96 94 86 85 84 76 75 73 72 71 70 69 68 67 66 64 63 62 54 52 50 41 38 30 26 19 14 8 2 
79 115 112 103 101 99 91 90 89 87 86 85 84 83 82 81 80 78 77 69 68 67 59 57 55 49 46 39 35 29 24 19 13 9 2 
52 118 112 107 102 96 92 85 82 76 74 72 64 63 62 54 53 51 50 49 48 47 46 45 44 42 41 40 32 30 28 19 16 8 4 
57 117 112 105 101 93 90 81 79 77 69 68 67 65 64 63 62 61 60 59 58 56 55 47 46 45 37 35 33 27 24 17 13 7 2 
26 114 103 98 92 86 81 74 70 66 62 59 56 50 48 46 38 37 36 32 31 30 29 28 27 25 24 23 22 16 15 14 6 4 2 
27 115 104 93 87 82 77 75 71 67 63 60 57 51 49 47 39 38 37 32 31 30 29 28 26 25 24 23 22 17 16 15 7 5 3 
28 116 105 94 88 83 78 76 72 68 64 61 58 52 50 48 40 39 38 32 31 30 29 27 26 25 24 23 22 18 17 16 8 6 4 
85 118 115 109 107 105 97 96 95 87 86 84 83 82 81 80 79 78 77 75 74 73 65 63 61 52 49 41 37 30 25 19 13 8 1 
90 114 112 110 102 101 100 98 97 96 95 94 93 92 91 89 88 80 79 78 70 68 66 60 57 50 46 40 35 30 24 20 13 10 2 
91 115 113 111 103 102 101 98 97 96 95 94 93 92 90 89 88 81 80 79 71 69 67 61 58 55 51 47 41 36 31 25 21 14 3 
92 116 114 112 104 103 102 98 97 96 95 94 93 91 90 89 88 82 81 80 72 70 68 62 59 56 52 48 44 42 37 32 26 15 4 
93 117 115 113 105 104 103 98 97 96 95 94 92 91 90 89 88 83 82 81 73 71 69 63 60 57 53 49 45 43 38 33 27 16 5 
94 118 116 114 106 105 104 98 97 96 95 93 92 91 90 89 88 84 83 82 74 72 70 64 61 58 54 50 46 39 34 28 22 17 6 
95 119 117 115 107 106 105 98 97 96 94 93 92 91 90 89 88 85 84 83 75 73 71 65 62 59 51 47 40 35 29 23 18 11 7 
96 120 118 116 108 107 106 98 97 95 94 93 92 91 90 89 88 86 85 84 76 74 72 63 60 52 48 41 36 30 24 19 12 8 0 
31 119 111 108 101 97 91 86 81 75 71 64 61 53 51 43 42 41 32 30 29 28 27 26 25 24 23 22 21 20 19 9 7 
34 118 111 106 100 94 89 82 78 70 67 58 56 46 45 44 43 42 41 40 39 38 37 36 35 33 24 23 22 14 12 4 1 
19 118 107 99 96 89 85 79 74 69 63 59 52 49 43 41 39 31 30 29 21 20 18 17 16 15 14 13 12 11 9 8 7 
20 119 110 108 100 97 90 86 80 75 70 64 60 53 50 42 40 32 31 30 21 19 18 17 16 15 14 13 12 11 10 9 8 
75 119 115 108 105 97 95 87 86 85 76 74 73 72 71 70 69 68 67 66 65 64 63 53 51 42 39 31 27 20 15 9 3 
78 114 111 102 100 90 89 88 87 86 85 84 83 82 81 80 79 77 68 67 66 58 56 48 45 38 34 28 23 18 12 8 1 
53 119 113 108 103 97 93 86 83 75 73 65 64 63 54 52 51 50 49 48 47 46 45 44 43 42 41 31 29 20 17 9 5 
56 116 111 104 100 92 89 80 78 68 67 66 65 64 63 62 61 60 59 58 57 55 46 45 44 36 34 26 23 16 12 6 1 
23 119 111 107 100 95 89 83 78 71 67 59 56 47 45 35 34 33 32 31 30 29 28 27 26 25 24 22 13 12 11 3 1 
12 120 111 108 100 96 89 84 78 72 67 60 56 48 45 36 34 24 23 22 21 20 19 18 17 16 15 14 13 11 2 1 0 
13 112 109 101 97 90 85 79 73 68 61 57 49 46 37 35 33 25 24 23 21 20 19 18 17 16 15 14 12 11 3 2 1 
14 113 102 98 91 86 80 74 69 62 58 50 47 44 38 36 34 26 25 24 21 20 19 18 17 16 15 13 12 11 4 3 2 
15 114 103 92 87 81 75 70 63 59 55 51 48 45 39 37 35 27 26 25 21 20 19 18 17 16 14 13 12 11 5 4 3 
86 119 116 108 106 98 97 96 87 85 84 83 82 81 80 79 78 77 76 75 74 64 62 53 50 42 38 31 26 20 14 9 2 
89 113 111 101 100 99 98 97 96 95 94 93 92 91 90 88 79 78 77 69 67 59 56 49 45 39 34 29 23 19 12 9 1 
42 119 112 108 102 97 92 86 82 75 72 64 62 54 53 52 43 41 40 39 38 37 36 35 34 33 32 31 30 20 18 9 6 
45 117 111 105 100 93 89 81 78 69 67 57 56 55 54 53 52 51 50 49 48 47 46 44 35 34 33 25 23 15 12 5 1 
64 119 114 108 104 97 94 86 84 76 75 74 65 63 62 61 60 59 58 57 56 55 54 53 52 42 40 31 28 20 16 9 4 
67 115 111 103 100 91 89 79 78 77 76 75 74 73 72 71 70 69 68 66 57 56 55 47 45 37 34 27 23 17 12 7 1 
16 115 104 93 82 76 71 66 64 60 56 52 49 46 40 38 36 28 27 26 21 20 19 18 17 15 14 13 12 11 6 5 4 
17 116 105 94 83 77 72 67 65 61 57 53 50 47 41 39 37 29 28 27 21 20 19 18 16 15 14 13 12 11 7 6 5 
18 117 106 95 88 84 78 73 68 62 58 54 51 48 42 40 38 30 29 28 21 20 19 17 16 15 14 13 12 11 8 7 6 
97 119 117 109 108 107 98 96 95 94 93 92 91 90 89 88 87 86 85 75 73 64 61 53 49 42 37 31 25 20 13 9 1 
100 112 111 110 109 108 107 106 105 104 103 102 101 99 90 89 88 80 78 70 67 60 56 50 45 40 34 30 23 20 12 10 1 
101 113 112 111 109 108 107 106 105 104 103 102 100 99 91 90 89 81 79 77 71 68 61 57 51 46 41 35 31 24 21 13 2 
102 114 113 112 109 108 107 106 105 104 103 101 100 99 92 91 90 82 80 78 72 69 66 62 58 52 47 42 36 32 25 14 3 
103 115 114 113 109 108 107 106 105 104 102 101 100 99 93 92 91 83 81 79 73 70 67 63 59 55 53 48 43 37 26 15 4 
104 116 115 114 109 108 107 106 105 103 102 101 100 99 94 93 92 84 82 80 74 71 68 64 60 56 54 49 44 38 27 16 5 
105 117 116 115 109 108 107 106 104 103 102 101 100 99 95 94 93 85 83 81 75 72 69 65 61 57 50 45 39 33 28 17 6 
106 118 117 116 109 108 107 105 104 103 102 101 100 99 96 95 94 86 84 82 76 73 70 62 58 51 46 40 34 29 22 18 7 
107 119 118 117 109 108 106 105 104 103 102 101 100 99 97 96 95 87 85 83 74 71 63 59 52 47 41 35 30 23 19 11 8 
108 120 119 118 109 107 106 105 104 103 102 101 100 99 98 97 96 86 84 75 72 64 60 53 48 42 36 31 24 20 12 9 0 
21 120 111 109 101 98 91 87 81 76 71 65 61 54 51 43 41 32 31 20 19 18 17 16 15 14 13 12 11 10 9 
22 118 110 106 99 94 88 82 77 70 66 58 55 46 44 34 33 32 31 30 29 28 27 26 25 24 23 12 11 2 0 
9 119 108 99 97 89 86 79 75 69 64 59 53 49 42 39 31 29 21 20 19 10 8 7 6 5 4 3 2 1 0 
10 120 110 109 100 98 90 87 80 76 70 65 60 54 50 43 40 32 30 21 20 9 8 7 6 5 4 3 2 1 0 
11 119 110 107 99 95 88 83 77 71 66 59 55 47 44 35 33 23 22 21 20 19 18 17 16 15 14 13 12 1 0 
0 120 110 108 99 96 88 84 77 72 66 60 55 48 44 36 33 24 22 12 11 10 9 8 7 6 5 4 3 2 1 
87 120 117 109 107 98 97 86 85 84 83 82 81 80 79 78 77 76 75 65 63 54 51 43 39 32 27 21 15 10 3 
88 112 110 100 99 98 97 96 95 94 93 92 91 90 89 78 77 68 66 58 55 48 44 38 33 28 22 18 11 8 0 
43 120 113 109 103 98 93 87 83 76 73 65 63 54 53 42 41 40 39 38 37 36 35 34 33 32 31 21 19 10 7 
44 116 110 104 99 92 88 80 77 68 66 56 55 54 53 52 51 50 49 48 47 46 45 34 33 24 22 14 11 4 0 
65 120 115 109 105 98 95 87 85 76 75 64 63 62 61 60 59 58 57 56 55 54 53 43 41 32 29 21 17 10 5 
66 114 110 102 99 90 88 78 77 76 75 74 73 72 71 70 69 68 67 56 55 46 44 36 33 26 22 16 11 6 0 
1 111 109 100 97 89 85 78 73 67 61 56 49 45 37 34 25 23 13 12 11 10 9 8 7 6 5 4 3 2 0 
2 112 101 98 90 86 79 74 68 62 57 50 46 38 35 26 24 22 14 13 12 10 9 8 7 6 5 4 3 1 0 
3 113 102 91 87 80 75 69 63 58 51 47 39 36 33 27 25 23 15 14 13 10 9 8 7 6 5 4 2 1 0 
4 114 103 92 81 76 70 64 59 52 48 44 40 37 34 28 26 24 16 15 14 10 9 8 7 6 5 3 2 1 0 
5 115 104 93 82 71 65 60 55 53 49 45 41 38 35 29 27 25 17 16 15 10 9 8 7 6 4 3 2 1 0 
98 120 118 109 108 97 96 95 94 93 92 91 90 89 88 87 86 76 74 65 62 54 50 43 38 32 26 21 14 10 2 
99 111 110 109 108 107 106 105 104 103 102 101 100 89 88 79 77 69 66 59 55 49 44 39 33 29 22 19 11 9 0 
32 120 112 109 102 98 92 87 82 76 72 65 62 54 52 43 42 31 30 29 28 27 26 25 24 23 22 21 20 10 8 
33 117 110 105 99 93 88 81 77 69 66 57 55 45 44 43 42 41 40 39 38 37 36 35 34 23 22 13 11 3 0 
6 116 105 94 83 72 66 61 56 54 50 46 42 39 36 30 28 26 18 17 16 10 9 8 7 5 4 3 2 1 0 
7 117 106 95 84 77 73 67 62 57 51 47 43 40 37 31 29 27 19 18 17 10 9 8 6 5 4 3 2 1 0 
76 120 116 109 106 98 96 87 86 75 74 73 72 71 70 69 68 67 66 65 64 54 52 43 40 32 28 21 16 10 4 
77 113 110 101 99 89 88 87 86 85 84 83 82 81 80 79 78 67 66 57 55 47 44 37 33 27 22 17 11 7 0 
54 120 114 109 104 98 94 87 84 76 74 65 64 53 52 51 50 49 48 47 46 45 44 43 42 32 30 21 18 10 6 
55 115 110 103 99 91 88 79 77 67 66 65 64 63 62 61 60 59 58 57 56 45 44 35 33 25 22 15 11 5 0 
8 118 107 96 88 85 78 74 68 63 58 52 48 41 38 32 30 28 20 19 18 10 9 7 6 5 4 3 2 1 0 
109 120 119 108 107 106 105 104 103 102 101 100 99 98 97 87 85 76 73 65 61 54 49 43 37 32 25 21 13 10 1 
110 120 119 118 117 116 115 114 113 112 111 100 99 90 88 80 77 70 66 60 55 50 44 40 33 30 22 20 11 10 0 
111 120 119 118 117 116 115 114 113 112 110 101 100 99 91 89 81 78 71 67 61 56 51 45 41 34 31 23 21 12 1 
112 120 119 118 117 116 115 114 113 111 110 102 101 100 92 90 88 82 79 72 68 62 57 52 46 42 35 32 24 13 2 
113 120 119 118 117 116 115 114 112 111 110 103 102 101 93 91 89 83 80 77 73 69 63 58 53 47 43 36 25 14 3 
114 120 119 118 117 116 115 113 112 111 110 104 103 102 94 92 90 84 81 78 74 70 66 64 59 54 48 37 26 15 4 
115 120 119 118 117 116 114 113 112 111 110 105 104 103 95 93 91 85 82 79 75 71 67 65 60 55 49 38 27 16 5 
116 120 119 118 117 115 114 113 112 111 110 106 105 104 96 94 92 86 83 80 76 72 68 61 56 50 44 39 28 17 6 
117 120 119 118 116 115 114 113 112 111 110 107 106 105 97 95 93 87 84 81 73 69 62 57 51 45 40 33 29 18 7 
118 120 119 117 116 115 114 113 112 111 110 108 107 106 98 96 94 85 82 74 70 63 58 52 46 41 34 30 22 19 8 
119 120 118 117 116 115 114 113 112 111 110 109 108 107 97 95 86 83 75 71 64 59 53 47 42 35 31 23 20 11 9 
120 119 118 117 116 115 114 113 112 111 110 109 108 98 96 87 84 76 72 65 60 54 48 43 36 32 24 21 12 10 0 

