44 99 94 88 84 80 77 74 71 66 64 62 55 54 53 49 48 47 46 45 43 42 41 40 35 34 33 26 24 22 17 14 11 8 4 0 
45 95 90 89 85 81 78 75 72 67 65 63 56 55 54 49 48 47 46 44 43 42 41 40 36 35 34 27 25 23 18 15 12 9 5 1 
54 98 94 90 87 84 81 76 74 72 65 64 63 59 58 57 56 55 53 52 51 50 45 44 43 36 34 32 27 24 21 18 14 10 9 4 
55 99 95 91 88 85 82 77 75 73 66 65 64 59 58 57 56 54 53 52 51 50 46 45 44 37 35 33 28 25 22 19 15 11 5 0 
43 98 93 87 83 76 73 70 65 63 61 54 53 52 49 48 47 46 45 44 42 41 40 34 33 32 25 23 21 16 13 10 7 3 
33 99 93 88 83 77 73 66 63 60 55 53 51 44 43 42 39 38 37 36 35 34 32 31 30 24 23 22 15 13 11 6 3 0 
34 94 89 84 78 74 70 67 64 61 56 54 52 45 44 43 39 38 37 36 35 33 32 31 30 25 24 23 16 14 12 7 4 1 
46 96 91 86 82 79 76 73 68 66 64 57 56 55 49 48 47 45 44 43 42 41 40 37 36 35 28 26 24 19 16 13 6 2 
53 97 93 86 83 80 75 73 71 64 63 62 59 58 57 56 55 54 52 51 50 44 43 42 35 33 31 26 23 20 17 13 8 3 
35 95 85 80 79 75 71 68 65 62 57 55 53 46 45 44 39 38 37 36 34 33 32 31 30 26 25 24 17 15 13 8 5 2 
36 96 90 86 81 76 72 69 66 63 58 56 54 47 46 45 39 38 37 35 34 33 32 31 30 27 26 25 18 16 14 9 6 3 
56 96 92 89 86 83 78 76 74 67 66 65 59 58 57 55 54 53 52 51 50 47 46 45 38 36 34 29 26 23 16 12 6 1 
63 96 93 90 85 83 81 74 73 72 69 68 67 66 65 64 62 61 60 54 53 52 45 43 41 36 33 30 27 23 18 13 9 3 
64 97 94 91 86 84 82 75 74 73 69 68 67 66 65 63 62 61 60 55 54 53 46 44 42 37 34 31 28 24 20 19 14 4 
65 98 95 92 87 85 83 76 75 74 69 68 67 66 64 63 62 61 60 56 55 54 47 45 43 38 35 32 29 25 21 15 10 5 
66 99 96 93 88 86 84 77 76 75 69 68 67 65 64 63 62 61 60 57 56 55 48 46 44 39 36 33 26 22 16 11 6 0 
22 99 92 88 82 77 72 66 62 55 52 44 42 40 33 32 31 29 28 27 26 25 24 23 21 20 13 12 11 4 2 0 
47 97 92 87 83 77 74 69 67 65 58 57 56 49 48 46 45 44 43 42 41 40 38 37 36 29 27 25 17 14 7 3 
52 96 92 85 82 74 72 70 63 62 61 59 58 57 56 55 54 53 51 50 43 42 41 34 32 30 25 22 16 12 7 2 
23 93 89 83 78 73 67 63 56 53 50 45 43 41 34 33 32 29 28 27 26 25 24 22 21 20 14 13 12 5 3 1 
24 94 84 79 74 68 64 60 57 54 51 46 44 42 35 34 33 29 28 27 26 25 23 22 21 20 15 14 13 6 4 2 
25 95 85 75 70 69 65 61 58 55 52 47 45 43 36 35 34 29 28 27 26 24 23 22 21 20 16 15 14 7 5 3 
37 97 91 87 82 77 73 67 64 59 57 55 48 47 46 39 38 36 35 34 33 32 31 30 28 27 26 19 17 15 7 4 
57 97 93 87 84 79 77 75 68 67 66 59 58 56 55 54 53 52 51 50 48 47 46 39 37 35 27 24 17 13 7 2 
62 95 92 84 82 80 73 72 71 69 68 67 66 65 64 63 61 60 53 52 51 44 42 40 35 32 26 22 17 12 8 2 
42 97 92 86 82 75 72 64 62 60 53 52 51 49 48 47 46 45 44 43 41 40 33 32 31 24 22 20 15 12 6 2 
26 96 86 80 76 71 66 62 59 56 53 48 46 44 37 36 35 29 28 27 25 24 23 22 21 20 17 16 15 8 6 4 
27 97 90 87 81 77 72 67 63 57 54 49 47 45 38 37 36 29 28 26 25 24 23 22 21 20 18 17 16 9 7 5 
32 98 92 87 82 76 72 65 62 54 52 50 43 42 41 39 38 37 36 35 34 33 31 30 23 22 21 14 12 10 5 2 
67 97 94 89 87 85 78 77 76 69 68 66 65 64 63 62 61 60 58 57 56 49 47 45 37 34 27 23 17 12 7 1 
72 94 92 90 83 82 81 79 78 77 76 75 74 73 71 70 63 62 61 54 52 50 45 42 36 32 27 22 18 12 9 2 
73 95 93 91 84 83 82 79 78 77 76 75 74 72 71 70 64 63 62 55 53 51 46 43 40 37 33 28 23 19 13 3 
74 96 94 92 85 84 83 79 78 77 76 75 73 72 71 70 65 64 63 56 54 52 47 44 41 38 34 30 29 24 14 4 
75 97 95 93 86 85 84 79 78 77 76 74 73 72 71 70 66 65 64 57 55 53 48 45 42 39 35 31 25 20 15 5 
76 98 96 94 87 86 85 79 78 77 75 74 73 72 71 70 67 66 65 58 56 54 49 46 43 36 32 26 21 16 10 6 
77 99 97 95 88 87 86 79 78 76 75 74 73 72 71 70 68 67 66 59 57 55 47 44 37 33 27 22 17 11 7 0 
12 92 89 82 78 72 67 62 56 52 45 42 34 32 30 23 22 21 19 18 17 16 15 14 13 11 10 3 2 1 
13 93 83 79 73 68 63 57 53 46 43 40 35 33 31 24 23 22 19 18 17 16 15 14 12 11 10 4 3 2 
38 98 92 88 83 78 74 68 65 58 56 49 48 47 39 37 36 35 34 33 32 31 30 29 28 27 18 16 8 5 
58 98 94 88 85 78 76 69 68 67 59 57 56 55 54 53 52 51 50 49 48 47 38 36 28 25 18 14 8 3 
61 94 91 83 81 72 71 70 69 68 67 66 65 64 63 62 60 52 51 50 43 41 34 31 25 21 16 11 7 1 
41 96 91 85 81 74 71 63 61 52 51 50 49 48 47 46 45 44 43 42 40 32 31 30 23 21 14 11 5 1 
14 94 84 74 69 64 58 54 50 47 44 41 36 34 32 25 24 23 19 18 17 16 15 13 12 11 10 5 4 3 
15 95 85 75 65 60 59 55 51 48 45 42 37 35 33 26 25 24 19 18 17 16 14 13 12 11 10 6 5 4 
16 96 86 76 70 66 61 56 52 49 46 43 38 36 34 27 26 25 19 18 17 15 14 13 12 11 10 7 6 5 
28 98 91 88 82 78 73 68 64 58 55 48 46 39 38 37 29 27 26 25 24 23 22 21 20 19 18 17 8 6 
31 97 91 86 81 75 71 64 61 53 51 42 41 40 39 38 37 36 35 34 33 32 30 22 21 20 13 11 4 1 
68 98 95 88 86 79 78 77 69 67 66 65 64 63 62 61 60 59 58 57 48 46 38 35 28 24 18 13 8 2 
71 93 91 82 81 80 79 78 77 76 75 74 73 72 70 62 61 60 53 51 44 41 35 31 26 21 17 11 8 1 
17 97 87 80 77 71 67 62 57 53 47 44 39 37 35 28 27 26 19 18 16 15 14 13 12 11 10 8 7 6 
48 98 93 88 84 78 75 68 66 59 58 57 49 47 46 45 44 43 42 41 40 39 38 37 28 26 18 15 8 4 
51 95 91 84 81 73 71 62 61 60 59 58 57 56 55 54 53 52 50 42 41 40 33 31 24 21 15 11 6 1 
18 98 90 88 81 78 72 68 63 58 54 48 45 38 36 29 28 27 19 17 16 15 14 13 12 11 10 9 8 7 
21 98 91 87 81 76 71 65 61 54 51 43 41 32 31 30 29 28 27 26 25 24 23 22 20 12 11 10 3 1 
11 99 91 88 81 77 71 66 61 55 51 44 41 33 31 22 21 20 19 18 17 16 15 14 13 12 10 2 1 0 
78 98 96 89 88 87 79 77 76 75 74 73 72 71 70 69 68 67 58 56 48 45 38 34 28 23 18 12 8 1 
81 92 91 90 89 88 87 86 85 84 83 82 80 72 71 70 63 61 54 51 45 41 36 31 27 21 18 11 9 1 
82 93 92 91 89 88 87 86 85 84 83 81 80 73 72 71 64 62 60 55 52 46 42 37 32 28 22 19 12 2 
83 94 93 92 89 88 87 86 85 84 82 81 80 74 73 72 65 63 61 56 53 50 47 43 38 33 29 23 13 3 
84 95 94 93 89 88 87 86 85 83 82 81 80 75 74 73 66 64 62 57 54 51 48 44 40 39 34 24 14 4 
85 96 95 94 89 88 87 86 84 83 82 81 80 76 75 74 67 65 63 58 55 52 49 45 41 35 30 25 15 5 
86 97 96 95 89 88 87 85 84 83 82 81 80 77 76 75 68 66 64 59 56 53 46 42 36 31 26 20 16 6 
87 98 97 96 89 88 86 85 84 83 82 81 80 78 77 76 69 67 65 57 54 47 43 37 32 27 21 17 10 7 
88 99 98 97 89 87 86 85 84 83 82 81 80 79 78 77 68 66 58 55 48 44 38 33 28 22 18 11 8 0 
2 92 82 79 72 68 62 57 52 46 42 35 32 24 22 20 13 12 11 9 8 7 6 5 4 3 1 0 
3 93 83 73 69 63 58 53 47 43 36 33 30 25 23 21 14 13 12 9 8 7 6 5 4 2 1 0 
4 94 84 74 64 59 54 48 44 40 37 34 31 26 24 22 15 14 13 9 8 7 6 5 3 2 1 0 
29 99 92 89 83 79 74 69 65 59 56 49 47 39 38 28 27 26 25 24 23 22 21 20 19 18 9 7 
30 96 90 85 80 74 70 63 60 52 50 41 40 39 38 37 36 35 34 33 32 31 21 20 12 10 3 0 
69 99 96 89 87 79 78 68 67 66 65 64 63 62 61 60 59 58 49 47 39 36 29 25 19 14 9 3 
70 92 90 81 80 79 78 77 76 75 74 73 72 71 61 60 52 50 43 40 34 30 25 20 16 10 7 0 
5 95 85 75 65 55 50 49 45 41 38 35 32 27 25 23 16 15 14 9 8 7 6 4 3 2 1 0 
49 99 94 89 85 79 76 69 67 59 58 48 47 46 45 44 43 42 41 40 39 38 29 27 19 16 9 5 
50 94 90 83 80 72 70 61 60 59 58 57 56 55 54 53 52 51 41 40 32 30 23 20 14 10 5 0 
6 96 86 76 66 60 56 51 46 42 39 36 33 28 26 24 17 16 15 9 8 7 5 4 3 2 1 0 
7 97 87 77 70 67 61 57 52 47 43 37 34 29 27 25 18 17 16 9 8 6 5 4 3 2 1 0 
19 99 91 89 82 79 73 69 64 59 55 49 46 39 37 29 28 18 17 16 15 14 13 12 11 10 9 8 
20 97 90 86 80 75 70 64 60 53 50 42 40 31 30 29 28 27 26 25 24 23 22 21 11 10 2 0 
8 98 88 80 78 71 68 62 58 53 48 44 38 35 28 26 19 18 17 9 7 6 5 4 3 2 1 0 
79 99 97 89 88 78 77 76 75 74 73 72 71 70 69 68 59 57 49 46 39 35 29 24 19 13 9 2 
80 91 90 89 88 87 86 85 84 83 82 81 71 70 62 60 53 50 44 40 35 30 26 20 17 10 8 0 
9 99 90 89 81 79 72 69 63 59 54 49 45 39 36 29 27 19 18 8 7 6 5 4 3 2 1 0 
10 98 90 87 80 76 70 65 60 54 50 43 40 32 30 21 20 19 18 17 16 15 14 13 12 11 1 0 
39 99 93 89 84 79 75 69 66 59 57 49 48 38 37 36 35 34 33 32 31 30 29 28 19 17 9 6 
59 99 95 89 86 79 77 69 68 58 57 56 55 54 53 52 51 50 49 48 39 37 29 26 19 15 9 4 
60 93 90 82 80 71 70 69 68 67 66 65 64 63 62 61 51 50 42 40 33 30 24 20 15 10 6 0 
40 95 90 84 80 73 70 62 60 51 50 49 48 47 46 45 44 43 42 41 31 30 22 20 13 10 4 0 
0 99 90 88 80 77 70 66 60 55 50 44 40 33 30 22 20 11 10 9 8 7 6 5 4 3 2 1 
1 91 89 81 78 71 67 61 56 51 45 41 34 31 23 21 12 11 10 9 8 7 6 5 4 3 2 0 
89 99 98 88 87 86 85 84 83 82 81 80 79 78 69 67 59 56 49 45 39 34 29 23 19 12 9 1 
90 99 98 97 96 95 94 93 92 91 81 80 72 70 63 60 54 50 45 40 36 30 27 20 18 10 9 0 
91 99 98 97 96 95 94 93 92 90 82 81 80 73 71 64 61 55 51 46 41 37 31 28 21 19 11 1 
92 99 98 97 96 95 94 93 91 90 83 82 81 74 72 70 65 62 56 52 47 42 38 32 29 22 12 2 
93 99 98 97 96 95 94 92 91 90 84 83 82 75 73 71 66 63 60 57 53 48 43 39 33 23 13 3 
94 99 98 97 96 95 93 92 91 90 85 84 83 76 74 72 67 64 61 58 54 50 49 44 34 24 14 4 
95 99 98 97 96 94 93 92 91 90 86 85 84 77 75 73 68 65 62 59 55 51 45 40 35 25 15 5 
96 99 98 97 95 94 93 92 91 90 87 86 85 78 76 74 69 66 63 56 52 46 41 36 30 26 16 6 
97 99 98 96 95 94 93 92 91 90 88 87 86 79 77 75 67 64 57 53 47 42 37 31 27 20 17 7 
98 99 97 96 95 94 93 92 91 90 89 88 87 78 76 68 65 58 54 48 43 38 32 28 21 18 10 8 
99 98 97 96 95 94 93 92 91 90 89 88 79 77 69 66 59 55 49 44 39 33 29 22 19 11 9 0 

