14 35 32 28 26 24 21 20 19 17 16 15 13 12 9 8 7 4 2 0 
15 33 30 29 27 25 22 21 20 17 16 14 13 12 10 9 8 5 3 1 
20 34 32 30 27 26 25 23 22 21 19 18 15 14 13 10 8 6 5 2 
21 35 33 31 28 27 26 23 22 20 19 18 16 15 14 11 9 7 3 0 
13 34 31 27 25 20 19 18 17 16 15 14 12 8 7 6 3 1 
7 35 31 28 25 21 19 14 13 12 11 10 9 8 6 2 1 0 
8 32 29 26 22 20 18 15 14 13 11 10 9 7 6 3 2 1 
16 34 31 28 26 23 22 21 17 15 14 13 12 11 10 9 4 2 
19 33 31 26 25 24 23 22 21 20 18 14 13 12 9 7 4 1 
9 33 27 24 23 21 19 16 15 14 11 10 8 7 6 4 3 2 
10 34 30 28 25 22 20 17 16 15 11 9 8 7 6 5 4 3 
22 34 32 29 28 27 23 21 20 19 18 17 16 15 10 8 4 1 
25 32 31 30 29 28 27 26 24 20 19 18 15 13 10 7 5 1 
26 33 32 31 29 28 27 25 24 21 20 19 16 14 12 11 8 2 
27 34 33 32 29 28 26 25 24 22 21 20 17 15 13 9 6 3 
28 35 34 33 29 27 26 25 24 23 22 21 16 14 10 7 4 0 
0 35 30 28 24 21 18 14 12 7 6 5 4 3 2 1 
17 35 32 29 27 23 22 16 15 14 13 12 11 10 5 3 
18 32 30 25 24 23 22 21 20 19 13 12 8 6 3 0 
1 31 29 25 22 19 15 13 8 7 6 5 4 3 2 0 
2 32 26 23 20 16 14 12 9 8 7 5 4 3 1 0 
3 33 27 21 18 17 15 13 10 9 8 5 4 2 1 0 
11 35 31 29 26 23 21 17 16 10 9 8 7 6 5 4 
23 35 33 29 28 22 21 20 19 18 17 16 11 9 5 2 
24 31 30 29 28 27 26 25 19 18 14 12 9 6 4 0 
12 33 30 26 24 19 18 17 16 15 14 13 7 6 2 0 
4 34 28 24 22 19 16 14 11 10 9 5 3 2 1 0 
5 35 30 29 25 23 20 17 15 11 10 4 3 2 1 0 
6 34 30 27 24 20 18 13 12 11 10 9 8 7 1 0 
29 35 34 28 27 26 25 24 23 22 17 15 11 8 5 1 
30 35 34 33 32 31 25 24 20 18 15 12 10 6 5 0 
31 35 34 33 32 30 26 25 24 21 19 16 13 11 7 1 
32 35 34 33 31 30 27 26 25 22 20 18 17 14 8 2 
33 35 34 32 31 30 28 27 26 23 21 19 15 12 9 3 
34 35 33 32 31 30 29 28 27 22 20 16 13 10 6 4 
35 34 33 32 31 30 29 28 23 21 17 14 11 7 5 0 

