0 143 132 130 120 117 108 104 96 91 84 78 72 65 60 52 48 39 36 26 24 13 12 11 10 9 8 7 6 5 4 3 2 1 
1 133 131 121 118 109 105 97 92 85 79 73 66 61 53 49 40 37 27 25 14 13 12 11 10 9 8 7 6 5 4 3 2 0 
2 134 122 119 110 106 98 93 86 80 74 67 62 54 50 41 38 28 26 24 15 14 13 11 10 9 8 7 6 5 4 3 1 0 
3 135 123 111 107 99 94 87 81 75 68 63 55 51 42 39 36 29 27 25 16 15 14 11 10 9 8 7 6 5 4 2 1 0 
4 136 124 112 100 95 88 82 76 69 64 56 52 48 43 40 37 30 28 26 17 16 15 11 10 9 8 7 6 5 3 2 1 0 
5 137 125 113 101 89 83 77 70 65 60 57 53 49 44 41 38 31 29 27 18 17 16 11 10 9 8 7 6 4 3 2 1 0 
6 138 126 114 102 90 78 72 71 66 61 58 54 50 45 42 39 32 30 28 19 18 17 11 10 9 8 7 5 4 3 2 1 0 
7 139 127 115 103 91 84 79 73 67 62 59 55 51 46 43 40 33 31 29 20 19 18 11 10 9 8 6 5 4 3 2 1 0 
8 140 128 116 104 96 92 85 80 74 68 63 56 52 47 44 41 34 32 30 21 20 19 11 10 9 7 6 5 4 3 2 1 0 
9 141 129 117 108 105 97 93 86 81 75 69 64 57 53 45 42 35 33 31 22 21 20 11 10 8 7 6 5 4 3 2 1 0 
10 142 130 120 118 109 106 98 94 87 82 76 70 65 58 54 46 43 34 32 23 22 21 11 9 8 7 6 5 4 3 2 1 0 
11 143 132 131 121 119 110 107 99 95 88 83 77 71 66 59 55 47 44 35 33 23 22 10 9 8 7 6 5 4 3 2 1 0 
12 142 132 129 120 116 108 103 96 90 84 77 72 64 60 51 48 38 36 25 24 23 22 21 20 19 18 17 16 15 14 13 1 0 
13 143 133 130 121 117 109 104 97 91 85 78 73 65 61 52 49 39 37 26 25 24 23 22 21 20 19 18 17 16 15 14 12 2 1 0 
14 134 131 122 118 110 105 98 92 86 79 74 66 62 53 50 40 38 36 27 26 25 23 22 21 20 19 18 17 16 15 13 12 3 2 1 
15 135 123 119 111 106 99 93 87 80 75 67 63 54 51 48 41 39 37 28 27 26 23 22 21 20 19 18 17 16 14 13 12 4 3 2 
16 136 124 112 107 100 94 88 81 76 68 64 60 55 52 49 42 40 38 29 28 27 23 22 21 20 19 18 17 15 14 13 12 5 4 3 
17 137 125 113 101 95 89 82 77 72 69 65 61 56 53 50 43 41 39 30 29 28 23 22 21 20 19 18 16 15 14 13 12 6 5 4 
18 138 126 114 102 90 84 83 78 73 70 66 62 57 54 51 44 42 40 31 30 29 23 22 21 20 19 17 16 15 14 13 12 7 6 5 
19 139 127 115 103 96 91 85 79 74 71 67 63 58 55 52 45 43 41 32 31 30 23 22 21 20 18 17 16 15 14 13 12 8 7 6 
20 140 128 116 108 104 97 92 86 80 75 68 64 59 56 53 46 44 42 33 32 31 23 22 21 19 18 17 16 15 14 13 12 9 8 7 
21 141 129 120 117 109 105 98 93 87 81 76 69 65 57 54 47 45 43 34 33 32 23 22 20 19 18 17 16 15 14 13 12 10 9 8 
22 142 132 130 121 118 110 106 99 94 88 82 77 70 66 58 55 46 44 35 34 33 23 21 20 19 18 17 16 15 14 13 12 11 10 9 
23 143 133 131 122 119 111 107 100 95 89 83 78 71 67 59 56 47 45 35 34 22 21 20 19 18 17 16 15 14 13 12 11 10 
24 141 132 128 120 115 108 102 96 89 84 76 72 63 60 50 48 37 36 35 34 33 32 31 30 29 28 27 26 25 13 12 2 0 
25 142 133 129 121 116 109 103 97 90 85 77 73 64 61 51 49 38 37 36 35 34 33 32 31 30 29 28 27 26 24 14 13 12 3 1 
26 143 134 130 122 117 110 104 98 91 86 78 74 65 62 52 50 48 39 38 37 35 34 33 32 31 30 29 28 27 25 24 15 14 13 4 2 0 
27 135 131 123 118 111 105 99 92 87 79 75 66 63 60 53 51 49 40 39 38 35 34 33 32 31 30 29 28 26 25 24 16 15 14 5 3 1 
28 136 124 119 112 106 100 93 88 80 76 72 67 64 61 54 52 50 41 40 39 35 34 33 32 31 30 29 27 26 25 24 17 16 15 6 4 2 
29 137 125 113 107 101 94 89 84 81 77 73 68 65 62 55 53 51 42 41 40 35 34 33 32 31 30 28 27 26 25 24 18 17 16 7 5 3 
30 138 126 114 102 96 95 90 85 82 78 74 69 66 63 56 54 52 43 42 41 35 34 33 32 31 29 28 27 26 25 24 19 18 17 8 6 4 
31 139 127 115 108 103 97 91 86 83 79 75 70 67 64 57 55 53 44 43 42 35 34 33 32 30 29 28 27 26 25 24 20 19 18 9 7 5 
32 140 128 120 116 109 104 98 92 87 80 76 71 68 65 58 56 54 45 44 43 35 34 33 31 30 29 28 27 26 25 24 21 20 19 10 8 6 
33 141 132 129 121 117 110 105 99 93 88 81 77 69 66 59 57 55 46 45 44 35 34 32 31 30 29 28 27 26 25 24 22 21 20 11 9 7 
34 142 133 130 122 118 111 106 100 94 89 82 78 70 67 58 56 47 46 45 35 33 32 31 30 29 28 27 26 25 24 23 22 21 10 8 
35 143 134 131 123 119 112 107 101 95 90 83 79 71 68 59 57 47 46 34 33 32 31 30 29 28 27 26 25 24 23 22 11 9 
36 140 132 127 120 114 108 101 96 88 84 75 72 62 60 49 48 47 46 45 44 43 42 41 40 39 38 37 25 24 14 12 3 0 
37 141 133 128 121 115 109 102 97 89 85 76 73 63 61 50 49 48 47 46 45 44 43 42 41 40 39 38 36 26 25 24 15 13 4 1 
38 142 134 129 122 116 110 103 98 90 86 77 74 64 62 60 51 50 49 47 46 45 44 43 42 41 40 39 37 36 27 26 25 16 14 12 5 2 
39 143 135 130 123 117 111 104 99 91 87 78 75 72 65 63 61 52 51 50 47 46 45 44 43 42 41 40 38 37 36 28 27 26 17 15 13 6 3 0 
40 136 131 124 118 112 105 100 92 88 84 79 76 73 66 64 62 53 52 51 47 46 45 44 43 42 41 39 38 37 36 29 28 27 18 16 14 7 4 1 
41 137 125 119 113 106 101 96 93 89 85 80 77 74 67 65 63 54 53 52 47 46 45 44 43 42 40 39 38 37 36 30 29 28 19 17 15 8 5 2 
42 138 126 114 108 107 102 97 94 90 86 81 78 75 68 66 64 55 54 53 47 46 45 44 43 41 40 39 38 37 36 31 30 29 20 18 16 9 6 3 
43 139 127 120 115 109 103 98 95 91 87 82 79 76 69 67 65 56 55 54 47 46 45 44 42 41 40 39 38 37 36 32 31 30 21 19 17 10 7 4 
44 140 132 128 121 116 110 104 99 92 88 83 80 77 70 68 66 57 56 55 47 46 45 43 42 41 40 39 38 37 36 33 32 31 22 20 18 11 8 5 
45 141 133 129 122 117 111 105 100 93 89 81 78 71 69 67 58 57 56 47 46 44 43 42 41 40 39 38 37 36 34 33 32 23 21 19 9 6 
46 142 134 130 123 118 112 106 101 94 90 82 79 70 68 59 58 57 47 45 44 43 42 41 40 39 38 37 36 35 34 33 22 20 10 7 
47 143 135 131 124 119 113 107 102 95 91 83 80 71 69 59 58 46 45 44 43 42 41 40 39 38 37 36 35 34 23 21 11 8 
48 139 132 126 120 113 108 100 96 87 84 74 72 61 60 59 58 57 56 55 54 53 52 51 50 49 37 36 26 24 15 12 4 0 
49 140 133 127 121 114 109 101 97 88 85 75 73 62 61 60 59 58 57 56 55 54 53 52 51 50 48 38 37 36 27 25 16 13 5 1 
50 141 134 128 122 115 110 102 98 89 86 76 74 72 63 62 61 59 58 57 56 55 54 53 52 51 49 48 39 38 37 28 26 24 17 14 6 2 
51 142 135 129 123 116 111 103 99 90 87 84 77 75 73 64 63 62 59 58 57 56 55 54 53 52 50 49 48 40 39 38 29 27 25 18 15 12 7 3 
52 143 136 130 124 117 112 104 100 96 91 88 85 78 76 74 65 64 63 59 58 57 56 55 54 53 51 50 49 48 41 40 39 30 28 26 19 16 13 8 4 0 
53 137 131 125 118 113 108 105 101 97 92 89 86 79 77 75 66 65 64 59 58 57 56 55 54 52 51 50 49 48 42 41 40 31 29 27 20 17 14 9 5 1 
54 138 126 120 119 114 109 106 102 98 93 90 87 80 78 76 67 66 65 59 58 57 56 55 53 52 51 50 49 48 43 42 41 32 30 28 21 18 15 10 6 2 
55 139 132 127 121 115 110 107 103 99 94 91 88 81 79 77 68 67 66 59 58 57 56 54 53 52 51 50 49 48 44 43 42 33 31 29 22 19 16 11 7 3 
56 140 133 128 122 116 111 104 100 95 92 89 82 80 78 69 68 67 59 58 57 55 54 53 52 51 50 49 48 45 44 43 34 32 30 23 20 17 8 4 
57 141 134 129 123 117 112 105 101 93 90 83 81 79 70 69 68 59 58 56 55 54 53 52 51 50 49 48 46 45 44 35 33 31 21 18 9 5 
58 142 135 130 124 118 113 106 102 94 91 82 80 71 70 69 59 57 56 55 54 53 52 51 50 49 48 47 46 45 34 32 22 19 10 6 
59 143 136 131 125 119 114 107 103 95 92 83 81 71 70 58 57 56 55 54 53 52 51 50 49 48 47 46 35 33 23 20 11 7 
60 138 132 125 120 112 108 99 96 86 84 73 72 71 70 69 68 67 66 65 64 63 62 61 49 48 38 36 27 24 16 12 5 0 
61 139 133 126 121 113 109 100 97 87 85 74 73 72 71 70 69 68 67 66 65 64 63 62 60 50 49 48 39 37 28 25 17 13 6 1 
62 140 134 127 122 114 110 101 98 88 86 84 75 74 73 71 70 69 68 67 66 65 64 63 61 60 51 50 49 40 38 36 29 26 18 14 7 2 
63 141 135 128 123 115 111 102 99 96 89 87 85 76 75 74 71 70 69 68 67 66 65 64 62 61 60 52 51 50 41 39 37 30 27 24 19 15 8 3 
64 142 136 129 124 116 112 108 103 100 97 90 88 86 77 76 75 71 70 69 68 67 66 65 63 62 61 60 53 52 51 42 40 38 31 28 25 20 16 12 9 4 
65 143 137 130 125 120 117 113 109 104 101 98 91 89 87 78 77 76 71 70 69 68 67 66 64 63 62 61 60 54 53 52 43 41 39 32 29 26 21 17 13 10 5 0 
66 138 132 131 126 121 118 114 110 105 102 99 92 90 88 79 78 77 71 70 69 68 67 65 64 63 62 61 60 55 54 53 44 42 40 33 30 27 22 18 14 11 6 1 
67 139 133 127 122 119 115 111 106 103 100 93 91 89 80 79 78 71 70 69 68 66 65 64 63 62 61 60 56 55 54 45 43 41 34 31 28 23 19 15 7 2 
68 140 134 128 123 116 112 107 104 101 94 92 90 81 80 79 71 70 69 67 66 65 64 63 62 61 60 57 56 55 46 44 42 35 32 29 20 16 8 3 
69 141 135 129 124 117 113 105 102 95 93 91 82 81 80 71 70 68 67 66 65 64 63 62 61 60 58 57 56 47 45 43 33 30 21 17 9 4 
70 142 136 130 125 118 114 106 103 94 92 83 82 81 71 69 68 67 66 65 64 63 62 61 60 59 58 57 46 44 34 31 22 18 10 5 
71 143 137 131 126 119 115 107 104 95 93 83 82 70 69 68 67 66 65 64 63 62 61 60 59 58 47 45 35 32 23 19 11 6 
72 137 132 124 120 111 108 98 96 85 84 83 82 81 80 79 78 77 76 75 74 73 61 60 50 48 39 36 28 24 17 12 6 0 
73 138 133 125 121 112 109 99 97 86 85 84 83 82 81 80 79 78 77 76 75 74 72 62 61 60 51 49 40 37 29 25 18 13 7 1 
74 139 134 126 122 113 110 100 98 96 87 86 85 83 82 81 80 79 78 77 76 75 73 72 63 62 61 52 50 48 41 38 30 26 19 14 8 2 
75 140 135 127 123 114 111 108 101 99 97 88 87 86 83 82 81 80 79 78 77 76 74 73 72 64 63 62 53 51 49 42 39 36 31 27 20 15 9 3 
76 141 136 128 124 120 115 112 109 102 100 98 89 88 87 83 82 81 80 79 78 77 75 74 73 72 65 64 63 54 52 50 43 40 37 32 28 24 21 16 10 4 
77 142 137 132 129 125 121 116 113 110 103 101 99 90 89 88 83 82 81 80 79 78 76 75 74 73 72 66 65 64 55 53 51 44 41 38 33 29 25 22 17 12 11 5 
78 143 138 133 130 126 122 117 114 111 104 102 100 91 90 89 83 82 81 80 79 77 76 75 74 73 72 67 66 65 56 54 52 45 42 39 34 30 26 23 18 13 6 0 
79 139 134 131 127 123 118 115 112 105 103 101 92 91 90 83 82 81 80 78 77 76 75 74 73 72 68 67 66 57 55 53 46 43 40 35 31 27 19 14 7 1 
80 140 135 128 124 119 116 113 106 104 102 93 92 91 83 82 81 79 78 77 76 75 74 73 72 69 68 67 58 56 54 47 44 41 32 28 20 15 8 2 
81 141 136 129 125 117 114 107 105 103 94 93 92 83 82 80 79 78 77 76 75 74 73 72 70 69 68 59 57 55 45 42 33 29 21 16 9 3 
82 142 137 130 126 118 115 106 104 95 94 93 83 81 80 79 78 77 76 75 74 73 72 71 70 69 58 56 46 43 34 30 22 17 10 4 
83 143 138 131 127 119 116 107 105 95 94 82 81 80 79 78 77 76 75 74 73 72 71 70 59 57 47 44 35 31 23 18 11 5 
84 136 132 123 120 110 108 97 96 95 94 93 92 91 90 89 88 87 86 85 73 72 62 60 51 48 40 36 29 24 18 12 7 0 
85 137 133 124 121 111 109 98 97 96 95 94 93 92 91 90 89 88 87 86 84 74 73 72 63 61 52 49 41 37 30 25 19 13 8 1 
86 138 134 125 122 112 110 108 99 98 97 95 94 93 92 91 90 89 88 87 85 84 75 74 73 64 62 60 53 50 42 38 31 26 20 14 9 2 
87 139 135 126 123 120 113 111 109 100 99 98 95 94 93 92 91 90 89 88 86 85 84 76 75 74 65 63 61 54 51 48 43 39 32 27 21 15 10 3 
88 140 136 132 127 124 121 114 112 110 101 100 99 95 94 93 92 91 90 89 87 86 85 84 77 76 75 66 64 62 55 52 49 44 40 36 33 28 22 16 11 4 
89 141 137 133 128 125 122 115 113 111 102 101 100 95 94 93 92 91 90 88 87 86 85 84 78 77 76 67 65 63 56 53 50 45 41 37 34 29 24 23 17 5 
90 142 138 134 129 126 123 116 114 112 103 102 101 95 94 93 92 91 89 88 87 86 85 84 79 78 77 68 66 64 57 54 51 46 42 38 35 30 25 18 12 6 
91 143 139 135 130 127 124 117 115 113 104 103 102 95 94 93 92 90 89 88 87 86 85 84 80 79 78 69 67 65 58 55 52 47 43 39 31 26 19 13 7 0 
92 140 136 131 128 125 118 116 114 105 104 103 95 94 93 91 90 89 88 87 86 85 84 81 80 79 70 68 66 59 56 53 44 40 32 27 20 14 8 1 
93 141 137 129 126 119 117 115 106 105 104 95 94 92 91 90 89 88 87 86 85 84 82 81 80 71 69 67 57 54 45 41 33 28 21 15 9 2 
94 142 138 130 127 118 116 107 106 105 95 93 92 91 90 89 88 87 86 85 84 83 82 81 70 68 58 55 46 42 34 29 22 16 10 3 
95 143 139 131 128 119 117 107 106 94 93 92 91 90 89 88 87 86 85 84 83 82 71 69 59 56 47 43 35 30 23 17 11 4 
96 135 132 122 120 109 108 107 106 105 104 103 102 101 100 99 98 97 85 84 74 72 63 60 52 48 41 36 30 24 19 12 8 0 
97 136 133 123 121 110 109 108 107 106 105 104 103 102 101 100 99 98 96 86 85 84 75 73 64 61 53 49 42 37 31 25 20 13 9 1 
98 137 134 124 122 120 111 110 109 107 106 105 104 103 102 101 100 99 97 96 87 86 85 76 74 72 65 62 54 50 43 38 32 26 21 14 10 2 
99 138 135 132 125 123 121 112 111 110 107 106 105 104 103 102 101 100 98 97 96 88 87 86 77 75 73 66 63 60 55 51 44 39 33 27 22 15 11 3 
100 139 136 133 126 124 122 113 112 111 107 106 105 104 103 102 101 99 98 97 96 89 88 87 78 76 74 67 64 61 56 52 48 45 40 34 28 23 16 4 
101 140 137 134 127 125 123 114 113 112 107 106 105 104 103 102 100 99 98 97 96 90 89 88 79 77 75 68 65 62 57 53 49 46 41 36 35 29 17 5 
102 141 138 135 128 126 124 115 114 113 107 106 105 104 103 101 100 99 98 97 96 91 90 89 80 78 76 69 66 63 58 54 50 47 42 37 30 24 18 6 
103 142 139 136 129 127 125 116 115 114 107 106 105 104 102 101 100 99 98 97 96 92 91 90 81 79 77 70 67 64 59 55 51 43 38 31 25 19 12 7 
104 143 140 137 130 128 126 117 116 115 107 106 105 103 102 101 100 99 98 97 96 93 92 91 82 80 78 71 68 65 56 52 44 39 32 26 20 13 8 0 
105 141 138 131 129 127 118 117 116 107 106 104 103 102 101 100 99 98 97 96 94 93 92 83 81 79 69 66 57 53 45 40 33 27 21 14 9 1 
106 142 139 130 128 119 118 117 107 105 104 103 102 101 100 99 98 97 96 95 94 93 82 80 70 67 58 54 46 41 34 28 22 15 10 2 
107 143 140 131 129 119 118 106 105 104 103 102 101 100 99 98 97 96 95 94 83 81 71 68 59 55 47 42 35 29 23 16 11 3 
108 134 132 121 120 119 118 117 116 115 114 113 112 111 110 109 97 96 86 84 75 72 64 60 53 48 42 36 31 24 20 12 9 0 
109 135 133 122 121 120 119 118 117 116 115 114 113 112 111 110 108 98 97 96 87 85 76 73 65 61 54 49 43 37 32 25 21 13 10 1 
110 136 134 132 123 122 121 119 118 117 116 115 114 113 112 111 109 108 99 98 97 88 86 84 77 74 66 62 55 50 44 38 33 26 22 14 11 2 
111 137 135 133 124 123 122 119 118 117 116 115 114 113 112 110 109 108 100 99 98 89 87 85 78 75 72 67 63 56 51 45 39 34 27 23 15 3 
112 138 136 134 125 124 123 119 118 117 116 115 114 113 111 110 109 108 101 100 99 90 88 86 79 76 73 68 64 60 57 52 46 40 35 28 16 4 
113 139 137 135 126 125 124 119 118 117 116 115 114 112 111 110 109 108 102 101 100 91 89 87 80 77 74 69 65 61 58 53 48 47 41 29 17 5 
114 140 138 136 127 126 125 119 118 117 116 115 113 112 111 110 109 108 103 102 101 92 90 88 81 78 75 70 66 62 59 54 49 42 36 30 18 6 
115 141 139 137 128 127 126 119 118 117 116 114 113 112 111 110 109 108 104 103 102 93 91 89 82 79 76 71 67 63 55 50 43 37 31 24 19 7 
116 142 140 138 129 128 127 119 118 117 115 114 113 112 111 110 109 108 105 104 103 94 92 90 83 80 77 68 64 56 51 44 38 32 25 20 12 8 
117 143 141 139 130 129 128 119 118 116 115 114 113 112 111 110 109 108 106 105 104 95 93 91 81 78 69 65 57 52 45 39 33 26 21 13 9 0 
118 142 140 131 130 129 119 117 116 115 114 113 112 111 110 109 108 107 106 105 94 92 82 79 70 66 58 53 46 40 34 27 22 14 10 1 
119 143 141 131 130 118 117 116 115 114 113 112 111 110 109 108 107 106 95 93 83 80 71 67 59 54 47 41 35 28 23 15 11 2 
120 133 132 131 130 129 128 127 126 125 124 123 122 121 109 108 98 96 87 84 76 72 65 60 54 48 43 36 32 24 21 12 10 0 
121 134 133 132 131 130 129 128 127 126 125 124 123 122 120 110 109 108 99 97 88 85 77 73 66 61 55 49 44 37 33 25 22 13 11 1 
122 135 134 133 131 130 129 128 127 126 125 124 123 121 120 111 110 109 100 98 96 89 86 78 74 67 62 56 50 45 38 34 26 23 14 2 
123 136 135 134 131 130 129 128 127 126 125 124 122 121 120 112 111 110 101 99 97 90 87 84 79 75 68 63 57 51 46 39 35 27 15 3 
124 137 136 135 131 130 129 128 127 126 125 123 122 121 120 113 112 111 102 100 98 91 88 85 80 76 72 69 64 58 52 47 40 28 16 4 
125 138 137 136 131 130 129 128 127 126 124 123 122 121 120 114 113 112 103 101 99 92 89 86 81 77 73 70 65 60 59 53 41 29 17 5 
126 139 138 137 131 130 129 128 127 125 124 123 122 121 120 115 114 113 104 102 100 93 90 87 82 78 74 71 66 61 54 48 42 30 18 6 
127 140 139 138 131 130 129 128 126 125 124 123 122 121 120 116 115 114 105 103 101 94 91 88 83 79 75 67 62 55 49 43 36 31 19 7 
128 141 140 139 131 130 129 127 126 125 124 123 122 121 120 117 116 115 106 104 102 95 92 89 80 76 68 63 56 50 44 37 32 24 20 8 
129 142 141 140 131 130 128 127 126 125 124 123 122 121 120 118 117 116 107 105 103 93 90 81 77 69 64 57 51 45 38 33 25 21 12 9 
130 143 142 141 131 129 128 127 126 125 124 123 122 121 120 119 118 117 106 104 94 91 82 78 70 65 58 52 46 39 34 26 22 13 10 0 
131 143 142 130 129 128 127 126 125 124 123 122 121 120 119 118 107 105 95 92 83 79 71 66 59 53 47 40 35 27 23 14 11 1 
132 143 142 141 140 139 138 137 136 135 134 133 121 120 110 108 99 96 88 84 77 72 66 60 55 48 44 36 33 24 22 12 11 0 
133 143 142 141 140 139 138 137 136 135 134 132 122 121 120 111 109 100 97 89 85 78 73 67 61 56 49 45 37 34 25 23 13 1 
134 143 142 141 140 139 138 137 136 135 133 132 123 122 121 112 110 108 101 98 90 86 79 74 68 62 57 50 46 38 35 26 14 2 
135 143 142 141 140 139 138 137 136 134 133 132 124 123 122 113 111 109 102 99 96 91 87 80 75 69 63 58 51 47 39 27 15 3 
136 143 142 141 140 139 138 137 135 134 133 132 125 124 123 114 112 110 103 100 97 92 88 84 81 76 70 64 59 52 40 28 16 4 
137 143 142 141 140 139 138 136 135 134 133 132 126 125 124 115 113 111 104 101 98 93 89 85 82 77 72 71 65 53 41 29 17 5 
138 143 142 141 140 139 137 136 135 134 133 132 127 126 125 116 114 112 105 102 99 94 90 86 83 78 73 66 60 54 42 30 18 6 
139 143 142 141 140 138 137 136 135 134 133 132 128 127 126 117 115 113 106 103 100 95 91 87 79 74 67 61 55 48 43 31 19 7 
140 143 142 141 139 138 137 136 135 134 133 132 129 128 127 118 116 114 107 104 101 92 88 80 75 68 62 56 49 44 36 32 20 8 
141 143 142 140 139 138 137 136 135 134 133 132 130 129 128 119 117 115 105 102 93 89 81 76 69 63 57 50 45 37 33 24 21 9 
142 143 141 140 139 138 137 136 135 134 133 132 131 130 129 118 116 106 103 94 90 82 77 70 64 58 51 46 38 34 25 22 12 10 
143 142 141 140 139 138 137 136 135 134 133 132 131 130 119 117 107 104 95 91 83 78 71 65 59 52 47 39 35 26 23 13 11 0 

