84 168 162 156 154 149 144 140 136 132 126 123 120 112 110 108 98 97 96 90 89 88 87 86 85 83 82 81 80 79 78 72 71 70 60 58 56 48 45 42 36 32 28 24 19 14 12 6 0 
71 162 155 149 143 141 136 131 127 123 119 113 110 107 99 97 95 85 84 83 77 76 75 74 73 72 70 69 68 67 66 65 59 58 57 47 45 43 35 32 29 23 19 15 11 6 1 
72 163 156 150 144 142 137 132 128 124 120 114 111 108 100 98 96 86 85 84 77 76 75 74 73 71 70 69 68 67 66 65 60 59 58 48 46 44 36 33 30 24 20 16 12 7 2 
83 167 161 153 148 143 139 135 131 125 122 119 111 109 107 97 96 95 90 89 88 87 86 85 84 82 81 80 79 78 71 70 69 59 57 55 47 44 41 35 31 27 23 18 13 11 5 
70 168 161 154 148 140 135 130 126 122 118 112 109 106 98 96 94 84 83 82 77 76 75 74 73 72 71 69 68 67 66 65 58 57 56 46 44 42 34 31 28 22 18 14 10 5 0 
85 163 157 155 150 145 141 137 133 127 124 121 113 111 109 99 98 97 90 89 88 87 86 84 83 82 81 80 79 78 73 72 71 61 59 57 49 46 43 37 33 29 25 20 15 7 1 
96 166 161 156 152 148 144 138 135 132 124 122 120 110 109 108 103 102 101 100 99 98 97 95 94 93 92 91 84 83 82 72 70 68 60 57 54 48 44 40 36 31 26 24 18 12 5 
97 167 162 157 153 149 145 139 136 133 125 123 121 111 110 109 103 102 101 100 99 98 96 95 94 93 92 91 85 84 83 73 71 69 61 58 55 49 45 41 37 32 27 25 19 13 6 
98 168 163 158 154 150 146 140 137 134 126 124 122 112 111 110 103 102 101 100 99 97 96 95 94 93 92 91 86 85 84 74 72 70 62 59 56 50 46 42 38 33 28 20 14 7 0 
73 164 157 151 145 138 133 129 125 121 115 112 109 101 99 97 87 86 85 77 76 75 74 72 71 70 69 68 67 66 65 61 60 59 49 47 45 37 34 31 25 21 17 8 3 
82 166 160 152 147 138 134 130 124 121 118 110 108 106 96 95 94 90 89 88 87 86 85 84 83 81 80 79 78 70 69 68 58 56 54 46 43 40 34 30 26 22 17 10 4 
59 163 150 143 137 131 129 124 119 115 111 107 101 98 95 87 85 83 73 72 71 64 63 62 61 60 58 57 56 55 54 53 52 47 46 45 35 33 31 23 20 17 11 7 3 
60 164 156 151 144 138 132 125 120 116 112 108 102 99 96 88 86 84 74 73 72 64 63 62 61 59 58 57 56 55 54 53 52 48 47 46 36 34 32 24 21 18 12 8 4 
69 167 160 153 147 139 134 125 121 117 111 108 105 97 95 93 83 82 81 77 76 75 74 73 72 71 70 68 67 66 65 57 56 55 45 43 41 33 30 27 21 17 13 9 4 
86 164 158 151 146 142 138 134 128 125 122 114 112 110 100 99 98 90 89 88 87 85 84 83 82 81 80 79 78 74 73 72 62 60 58 50 47 44 38 34 30 21 16 8 2 
95 165 160 151 147 143 137 134 131 123 121 119 109 108 107 103 102 101 100 99 98 97 96 94 93 92 91 83 82 81 71 69 67 59 56 53 47 43 39 35 30 23 17 11 4 
56 168 160 154 147 140 134 126 121 112 108 104 98 95 92 84 82 80 70 69 68 64 63 62 61 60 59 58 57 55 54 53 52 44 43 42 32 30 28 20 17 14 8 4 0 
57 161 155 148 141 135 127 122 117 113 109 105 99 96 93 85 83 81 71 70 69 64 63 62 61 60 59 58 56 55 54 53 52 45 44 43 33 31 29 21 18 15 9 5 1 
58 162 149 142 136 130 128 123 118 114 110 106 100 97 94 86 84 82 72 71 70 64 63 62 61 60 59 57 56 55 54 53 52 46 45 44 34 32 30 22 19 16 10 6 2 
99 164 159 155 151 147 141 138 135 127 125 123 113 112 111 103 102 101 100 98 97 96 95 94 93 92 91 87 86 85 75 73 71 63 60 57 51 47 43 34 29 21 15 8 1 
108 164 160 156 150 147 144 136 134 132 122 121 120 116 115 114 113 112 111 110 109 107 106 105 104 96 95 94 84 82 80 72 69 66 60 56 52 48 43 36 30 24 17 12 4 
109 165 161 157 151 148 145 137 135 133 123 122 121 116 115 114 113 112 111 110 108 107 106 105 104 97 96 95 85 83 81 73 70 67 61 57 53 49 44 39 37 31 25 18 5 
110 166 162 158 152 149 146 138 136 134 124 123 122 116 115 114 113 112 111 109 108 107 106 105 104 98 97 96 86 84 82 74 71 68 62 58 54 50 45 40 38 32 26 19 6 
111 167 163 159 153 150 147 139 137 135 125 124 123 116 115 114 113 112 110 109 108 107 106 105 104 99 98 97 87 85 83 75 72 69 63 59 55 51 46 41 33 27 20 13 7 
112 168 164 160 154 151 148 140 138 136 126 125 124 116 115 114 113 111 110 109 108 107 106 105 104 100 99 98 88 86 84 76 73 70 64 60 56 47 42 34 28 21 14 8 0 
61 165 157 152 145 139 133 126 121 113 109 103 100 97 89 87 85 75 74 73 64 63 62 60 59 58 57 56 55 54 53 52 49 48 47 37 35 33 25 22 19 9 5 
68 166 159 152 146 138 133 124 120 110 107 104 96 94 92 82 81 80 77 76 75 74 73 72 71 70 69 67 66 65 56 55 54 44 42 40 32 29 26 20 16 8 3 
87 165 159 152 147 139 135 129 126 123 115 113 111 101 100 99 90 89 88 86 85 84 83 82 81 80 79 78 75 74 73 63 61 59 51 48 45 35 31 22 17 9 3 
94 164 159 150 146 136 133 130 122 120 118 108 107 106 103 102 101 100 99 98 97 96 95 93 92 91 82 81 80 70 68 66 58 55 52 46 42 34 29 22 16 10 3 
47 164 151 143 138 131 125 119 112 107 103 99 95 89 86 83 75 73 71 61 60 59 51 50 49 48 46 45 44 43 42 41 40 39 35 34 33 23 21 19 11 8 5 
48 165 156 152 144 139 132 126 120 113 108 100 96 90 87 84 76 74 72 62 61 60 51 50 49 47 46 45 44 43 42 41 40 39 36 35 34 24 22 20 12 9 6 
55 167 159 153 146 139 133 125 120 111 107 97 94 91 83 81 79 69 68 67 64 63 62 61 60 59 58 57 56 54 53 52 43 42 41 31 29 27 19 16 13 7 3 
42 168 159 154 146 140 133 126 120 112 107 98 94 84 81 78 70 68 66 56 55 54 51 50 49 48 47 46 45 44 43 41 40 39 30 29 28 18 16 14 6 3 0 
43 160 155 147 141 134 127 121 113 108 99 95 91 85 82 79 71 69 67 57 56 55 51 50 49 48 47 46 45 44 42 41 40 39 31 30 29 19 17 15 7 4 1 
100 165 160 152 148 142 139 136 128 126 124 114 113 112 103 102 101 99 98 97 96 95 94 93 92 91 88 87 86 76 74 72 64 61 58 48 44 35 30 22 16 9 2 
107 163 159 149 146 143 135 133 131 121 120 119 116 115 114 113 112 111 110 109 108 106 105 104 95 94 93 83 81 79 71 68 65 59 55 47 42 35 29 23 16 11 3 
74 165 158 152 146 139 134 126 122 116 113 110 102 100 98 88 87 86 77 76 75 73 72 71 70 69 68 67 66 65 62 61 60 50 48 46 38 35 32 22 18 9 4 
81 165 159 151 146 137 133 123 120 117 109 107 105 95 94 93 90 89 88 87 86 85 84 83 82 80 79 78 69 68 67 57 55 53 45 42 39 33 29 21 16 9 3 
44 161 148 142 135 128 122 114 109 104 100 96 92 86 83 80 72 70 68 58 57 56 51 50 49 48 47 46 45 43 42 41 40 39 32 31 30 20 18 16 8 5 2 
45 162 149 136 129 123 117 115 110 105 101 97 93 87 84 81 73 71 69 59 58 57 51 50 49 48 47 46 44 43 42 41 40 39 33 32 31 21 19 17 9 6 3 
46 163 150 137 130 124 118 116 111 106 102 98 94 88 85 82 74 72 70 60 59 58 51 50 49 48 47 45 44 43 42 41 40 39 34 33 32 22 20 18 10 7 4 
113 165 161 155 152 149 141 139 137 127 126 125 116 115 114 112 111 110 109 108 107 106 105 104 101 100 99 89 87 85 77 74 71 61 57 48 43 35 29 22 15 9 1 
120 162 159 156 148 146 144 134 133 132 129 128 127 126 125 124 123 122 121 119 118 117 108 107 106 96 94 92 84 81 78 72 68 60 55 48 42 36 29 24 16 12 3 
121 163 160 157 149 147 145 135 134 133 129 128 127 126 125 124 123 122 120 119 118 117 109 108 107 97 95 93 85 82 79 73 69 65 61 56 49 43 37 30 25 17 4 
122 164 161 158 150 148 146 136 135 134 129 128 127 126 125 124 123 121 120 119 118 117 110 109 108 98 96 94 86 83 80 74 70 66 62 57 52 50 44 38 31 18 5 
123 165 162 159 151 149 147 137 136 135 129 128 127 126 125 124 122 121 120 119 118 117 111 110 109 99 97 95 87 84 81 75 71 67 63 58 53 51 45 39 32 19 6 
124 166 163 160 152 150 148 138 137 136 129 128 127 126 125 123 122 121 120 119 118 117 112 111 110 100 98 96 88 85 82 76 72 68 64 59 54 46 40 33 26 20 7 
125 167 164 161 153 151 149 139 138 137 129 128 127 126 124 123 122 121 120 119 118 117 113 112 111 101 99 97 89 86 83 77 73 69 60 55 47 41 34 27 21 13 8 
126 168 165 162 154 152 150 140 139 138 129 128 127 125 124 123 122 121 120 119 118 117 114 113 112 102 100 98 90 87 84 74 70 61 56 48 42 35 28 22 14 9 0 
49 166 157 153 145 140 133 127 121 114 109 101 97 88 85 77 75 73 63 62 61 51 50 48 47 46 45 44 43 42 41 40 39 37 36 35 25 23 21 10 7 
54 166 158 152 145 138 132 124 119 110 106 96 93 82 80 78 68 67 66 64 63 62 61 60 59 58 57 56 55 53 52 42 41 40 30 28 26 18 15 6 2 
35 165 152 143 139 131 126 119 113 107 100 95 87 83 77 74 71 63 61 59 49 48 47 38 37 36 34 33 32 31 30 29 28 27 26 23 22 21 11 9 7 
36 166 156 153 144 140 132 127 120 114 108 101 96 88 84 75 72 64 62 60 50 49 48 38 37 35 34 33 32 31 30 29 28 27 26 24 23 22 12 10 8 
101 166 161 153 149 140 137 129 127 125 115 114 113 103 102 100 99 98 97 96 95 94 93 92 91 89 88 87 77 75 73 62 59 49 45 36 31 23 17 10 3 
106 162 158 148 145 134 132 130 120 119 118 116 115 114 113 112 111 110 109 108 107 105 104 94 93 92 82 80 78 70 67 58 54 46 41 34 28 22 15 10 2 
75 166 159 153 147 140 135 127 123 114 111 103 101 99 89 88 87 77 76 74 73 72 71 70 69 68 67 66 65 63 62 61 51 49 47 36 33 23 19 10 5 
80 164 158 150 145 136 132 122 119 108 106 104 94 93 92 90 89 88 87 86 85 84 83 82 81 79 78 68 67 66 56 54 52 44 41 32 28 20 15 8 2 
41 167 158 153 145 139 132 125 119 111 106 97 93 83 80 69 67 65 55 54 53 51 50 49 48 47 46 45 44 43 42 40 39 29 28 27 17 15 13 5 2 
28 168 158 154 145 140 132 126 119 112 106 98 93 84 80 70 67 56 54 52 42 41 40 38 37 36 35 34 33 32 31 30 29 27 26 16 15 14 4 2 0 
29 159 155 146 141 133 127 120 113 107 99 94 85 81 71 68 65 57 55 53 43 42 41 38 37 36 35 34 33 32 31 30 28 27 26 17 16 15 5 3 1 
30 160 147 142 134 128 121 114 108 100 95 86 82 78 72 69 66 58 56 54 44 43 42 38 37 36 35 34 33 32 31 29 28 27 26 18 17 16 6 4 2 
31 161 148 135 129 122 115 109 101 96 91 87 83 79 73 70 67 59 57 55 45 44 43 38 37 36 35 34 33 32 30 29 28 27 26 19 18 17 7 5 3 
114 166 162 153 150 142 140 138 128 127 126 116 115 113 112 111 110 109 108 107 106 105 104 102 101 100 90 88 86 75 72 62 58 49 44 36 30 23 16 10 2 
119 161 158 147 145 143 133 132 131 129 128 127 126 125 124 123 122 121 120 118 117 107 106 105 95 93 91 83 80 71 67 59 54 47 41 35 28 23 15 11 2 
62 166 158 153 146 140 134 127 122 114 110 101 98 90 88 86 76 75 74 64 63 61 60 59 58 57 56 55 54 53 52 50 49 48 38 36 34 23 20 10 6 
67 165 158 151 145 137 132 123 119 109 106 95 93 91 81 80 79 77 76 75 74 73 72 71 70 69 68 66 65 55 54 53 43 41 39 31 28 19 15 7 2 
88 166 160 153 148 140 136 127 124 116 114 112 102 101 100 90 89 87 86 85 84 83 82 81 80 79 78 76 75 74 64 62 60 49 46 36 32 23 18 10 4 
93 163 158 149 145 135 132 121 119 117 107 106 105 103 102 101 100 99 98 97 96 95 94 92 91 81 80 79 69 67 65 57 54 45 41 33 28 21 15 9 2 
32 162 149 136 123 116 110 104 102 97 92 88 84 80 74 71 68 60 58 56 46 45 44 38 37 36 35 34 33 31 30 29 28 27 26 20 19 18 8 6 4 
33 163 150 137 124 117 111 105 103 98 93 89 85 81 75 72 69 61 59 57 47 46 45 38 37 36 35 34 32 31 30 29 28 27 26 21 20 19 9 7 5 
34 164 151 138 130 125 118 112 106 99 94 90 86 82 76 73 70 62 60 58 48 47 46 38 37 36 35 33 32 31 30 29 28 27 26 22 21 20 10 8 6 
127 166 163 155 153 151 141 140 139 129 128 126 125 124 123 122 121 120 119 118 117 115 114 113 103 101 99 88 85 75 71 62 57 49 43 36 29 23 15 10 1 
132 160 158 156 146 145 144 142 141 140 139 138 137 136 135 134 133 131 130 120 119 118 108 106 104 96 93 84 80 72 67 60 54 48 41 36 28 24 15 12 2 
133 161 159 157 147 146 145 142 141 140 139 138 137 136 135 134 132 131 130 121 120 119 109 107 105 97 94 91 85 81 73 68 61 55 49 42 37 29 25 16 3 
134 162 160 158 148 147 146 142 141 140 139 138 137 136 135 133 132 131 130 122 121 120 110 108 106 98 95 92 86 82 78 74 69 62 56 50 43 38 30 17 4 
135 163 161 159 149 148 147 142 141 140 139 138 137 136 134 133 132 131 130 123 122 121 111 109 107 99 96 93 87 83 79 75 70 65 63 57 51 44 31 18 5 
136 164 162 160 150 149 148 142 141 140 139 138 137 135 134 133 132 131 130 124 123 122 112 110 108 100 97 94 88 84 80 76 71 66 64 58 52 45 32 19 6 
137 165 163 161 151 150 149 142 141 140 139 138 136 135 134 133 132 131 130 125 124 123 113 111 109 101 98 95 89 85 81 77 72 67 59 53 46 39 33 20 7 
138 166 164 162 152 151 150 142 141 140 139 137 136 135 134 133 132 131 130 126 125 124 114 112 110 102 99 96 90 86 82 73 68 60 54 47 40 34 26 21 8 
139 167 165 163 153 152 151 142 141 140 138 137 136 135 134 133 132 131 130 127 126 125 115 113 111 103 100 97 87 83 74 69 61 55 48 41 35 27 22 13 9 
140 168 166 164 154 153 152 142 141 139 138 137 136 135 134 133 132 131 130 128 127 126 116 114 112 101 98 88 84 75 70 62 56 49 42 36 28 23 14 10 0 
37 167 157 154 145 141 133 128 121 115 109 102 97 89 85 76 73 63 61 51 50 49 38 36 35 34 33 32 31 30 29 28 27 26 25 24 23 11 9 
40 166 157 152 144 138 131 124 118 110 105 96 92 82 79 68 66 54 53 52 51 50 49 48 47 46 45 44 43 42 41 39 28 27 26 16 14 4 1 
23 166 153 143 140 131 127 119 114 107 101 95 88 83 75 71 62 59 51 49 47 37 36 35 25 24 22 21 20 19 18 17 16 15 14 13 11 10 9 
24 167 156 154 144 141 132 128 120 115 108 102 96 89 84 76 72 63 60 50 48 38 37 36 25 23 22 21 20 19 18 17 16 15 14 13 12 11 10 
27 167 157 153 144 139 131 125 118 111 105 97 92 83 79 69 66 55 53 41 40 39 38 37 36 35 34 33 32 31 30 29 28 26 15 14 13 3 1 
14 168 157 154 144 140 131 126 118 112 105 98 92 84 79 70 66 56 53 42 40 28 27 26 25 24 23 22 21 20 19 18 17 16 15 13 2 1 0 
115 167 163 154 151 141 139 129 128 127 116 114 113 112 111 110 109 108 107 106 105 104 103 102 101 89 87 76 73 63 59 50 45 37 31 24 17 11 3 
118 160 157 146 144 132 131 130 129 128 127 126 125 124 123 122 121 120 119 117 106 105 104 94 92 82 79 70 66 58 53 46 40 34 27 22 14 10 1 
63 167 159 154 147 141 135 128 123 115 111 102 99 89 87 77 76 75 64 62 61 60 59 58 57 56 55 54 53 52 51 50 49 37 35 24 21 11 7 
66 164 157 150 144 136 131 122 118 108 105 94 92 80 79 78 77 76 75 74 73 72 71 70 69 68 67 65 54 53 52 42 40 30 27 18 14 6 1 
89 167 161 154 149 141 137 128 125 115 113 103 102 101 90 88 87 86 85 84 83 82 81 80 79 78 77 76 75 63 61 50 47 37 33 24 19 11 5 
92 162 157 148 144 134 131 120 118 106 105 104 103 102 101 100 99 98 97 96 95 94 93 91 80 79 78 68 66 56 53 44 40 32 27 20 14 8 1 
15 158 155 145 141 132 127 119 113 106 99 93 85 80 71 67 57 54 43 41 39 29 28 27 25 24 23 22 21 20 19 18 17 16 14 13 3 2 1 
16 159 146 142 133 128 120 114 107 100 94 86 81 72 68 58 55 52 44 42 40 30 29 28 25 24 23 22 21 20 19 18 17 15 14 13 4 3 2 
17 160 147 134 129 121 115 108 101 95 87 82 73 69 65 59 56 53 45 43 41 31 30 29 25 24 23 22 21 20 19 18 16 15 14 13 5 4 3 
18 161 148 135 122 116 109 102 96 88 83 78 74 70 66 60 57 54 46 44 42 32 31 30 25 24 23 22 21 20 19 17 16 15 14 13 6 5 4 
19 162 149 136 123 110 103 97 91 89 84 79 75 71 67 61 58 55 47 45 43 33 32 31 25 24 23 22 21 20 18 17 16 15 14 13 7 6 5 
128 167 164 154 152 142 141 140 129 127 126 125 124 123 122 121 120 119 118 117 116 115 114 102 100 89 86 76 72 63 58 50 44 37 30 24 16 11 2 
131 159 157 145 144 143 142 141 140 139 138 137 136 135 134 133 132 130 119 118 117 107 105 95 92 83 79 71 66 59 53 47 40 35 27 23 14 11 1 
50 167 158 154 146 141 134 128 122 115 110 102 98 89 86 76 74 64 63 62 51 49 48 47 46 45 44 43 42 41 40 39 38 37 36 24 22 11 8 
53 165 157 151 144 137 131 123 118 109 105 95 92 81 79 67 66 65 64 63 62 61 60 59 58 57 56 55 54 52 41 40 39 29 27 17 14 5 1 
20 163 150 137 124 111 104 98 92 90 85 80 76 72 68 62 59 56 48 46 44 34 33 32 25 24 23 22 21 19 18 17 16 15 14 13 8 7 6 
21 164 151 138 125 117 112 105 99 93 86 81 77 73 69 63 60 57 49 47 45 35 34 33 25 24 23 22 20 19 18 17 16 15 14 13 9 8 7 
102 167 162 154 150 141 138 128 126 116 115 114 103 101 100 99 98 97 96 95 94 93 92 91 90 89 88 76 74 63 60 50 46 37 32 24 18 11 4 
105 161 157 147 144 133 131 119 118 117 116 115 114 113 112 111 110 109 108 107 106 104 93 92 91 81 79 69 66 57 53 45 40 33 27 21 14 9 1 
76 167 160 154 148 141 136 128 124 115 112 102 100 90 89 88 77 75 74 73 72 71 70 69 68 67 66 65 64 63 62 50 48 37 34 24 20 11 6 
79 163 157 149 144 135 131 121 118 107 105 93 92 91 90 89 88 87 86 85 84 83 82 81 80 78 67 66 65 55 53 43 40 31 27 19 14 7 1 
22 165 152 139 130 126 118 113 106 100 94 87 82 74 70 64 61 58 50 48 46 36 35 34 25 24 23 21 20 19 18 17 16 15 14 13 10 9 8 
141 167 165 155 154 153 142 140 139 138 137 136 135 134 133 132 131 130 129 128 127 115 113 102 99 89 85 76 71 63 57 50 43 37 29 24 15 11 1 
144 158 157 156 155 154 153 152 151 150 149 148 147 146 145 143 132 131 130 120 118 108 105 96 92 84 79 72 66 60 53 48 40 36 27 24 14 12 1 
145 159 158 157 155 154 153 152 151 150 149 148 147 146 144 143 133 132 131 121 119 117 109 106 97 93 85 80 73 67 61 54 49 41 37 28 25 15 2 
146 160 159 158 155 154 153 152 151 150 149 148 147 145 144 143 134 133 132 122 120 118 110 107 104 98 94 86 81 74 68 62 55 50 42 38 29 16 3 
147 161 160 159 155 154 153 152 151 150 149 148 146 145 144 143 135 134 133 123 121 119 111 108 105 99 95 91 87 82 75 69 63 56 51 43 30 17 4 
148 162 161 160 155 154 153 152 151 150 149 147 146 145 144 143 136 135 134 124 122 120 112 109 106 100 96 92 88 83 78 76 70 64 57 44 31 18 5 
149 163 162 161 155 154 153 152 151 150 148 147 146 145 144 143 137 136 135 125 123 121 113 110 107 101 97 93 89 84 79 77 71 65 58 45 32 19 6 
150 164 163 162 155 154 153 152 151 149 148 147 146 145 144 143 138 137 136 126 124 122 114 111 108 102 98 94 90 85 80 72 66 59 52 46 33 20 7 
151 165 164 163 155 154 153 152 150 149 148 147 146 145 144 143 139 138 137 127 125 123 115 112 109 103 99 95 86 81 73 67 60 53 47 39 34 21 8 
152 166 165 164 155 154 153 151 150 149 148 147 146 145 144 143 140 139 138 128 126 124 116 113 110 100 96 87 82 74 68 61 54 48 40 35 26 22 9 
153 167 166 165 155 154 152 151 150 149 148 147 146 145 144 143 141 140 139 129 127 125 114 111 101 97 88 83 75 69 62 55 49 41 36 27 23 13 10 
154 168 167 166 155 153 152 151 150 149 148 147 146 145 144 143 142 141 140 128 126 115 112 102 98 89 84 76 70 63 56 50 42 37 28 24 14 11 0 
91 161 156 147 143 133 130 119 117 105 104 103 102 101 100 99 98 97 96 95 94 93 92 79 78 67 65 55 52 43 39 31 26 19 13 7 0 
26 166 156 152 143 138 130 124 117 110 104 96 91 82 78 68 65 54 52 40 39 38 37 36 35 34 33 32 31 30 29 28 27 14 13 2 0 
11 167 154 143 141 131 128 119 115 107 102 95 89 83 76 71 63 59 50 47 37 35 25 24 23 12 10 9 8 7 6 5 4 3 2 1 0 
12 168 156 155 144 142 132 129 120 116 108 103 96 90 84 77 72 64 60 51 48 38 36 25 24 11 10 9 8 7 6 5 4 3 2 1 0 
13 167 156 153 143 139 130 125 117 111 104 97 91 83 78 69 65 55 52 41 39 27 26 25 24 23 22 21 20 19 18 17 16 15 14 1 0 
0 168 156 154 143 140 130 126 117 112 104 98 91 84 78 70 65 56 52 42 39 28 26 14 13 12 11 10 9 8 7 6 5 4 3 2 1 
1 157 155 144 141 131 127 118 113 105 99 92 85 79 71 66 57 53 43 40 29 27 15 14 13 12 11 10 9 8 7 6 5 4 3 2 0 
2 158 145 142 132 128 119 114 106 100 93 86 80 72 67 58 54 44 41 30 28 26 16 15 14 12 11 10 9 8 7 6 5 4 3 1 0 
129 168 165 155 153 142 141 128 127 126 125 124 123 122 121 120 119 118 117 116 115 103 101 90 87 77 73 64 59 51 45 38 31 25 17 12 3 
130 158 156 144 143 142 141 140 139 138 137 136 135 134 133 132 131 118 117 106 104 94 91 82 78 70 65 58 52 46 39 34 26 22 13 10 0 
51 168 159 155 147 142 135 129 123 116 111 103 99 90 87 77 75 64 63 50 49 48 47 46 45 44 43 42 41 40 39 38 37 25 23 12 9 
52 164 156 150 143 136 130 122 117 108 104 94 91 80 78 66 65 64 63 62 61 60 59 58 57 56 55 54 53 40 39 28 26 16 13 4 0 
3 159 146 133 129 120 115 107 101 94 87 81 73 68 59 55 45 42 39 31 29 27 17 16 15 12 11 10 9 8 7 6 5 4 2 1 0 
4 160 147 134 121 116 108 102 95 88 82 74 69 60 56 52 46 43 40 32 30 28 18 17 16 12 11 10 9 8 7 6 5 3 2 1 0 
103 168 163 155 151 142 139 129 127 116 115 102 101 100 99 98 97 96 95 94 93 92 91 90 89 77 75 64 61 51 47 38 33 25 19 12 5 
104 160 156 146 143 132 130 118 117 116 115 114 113 112 111 110 109 108 107 106 105 92 91 80 78 68 65 56 52 44 39 32 26 20 13 8 0 
77 168 161 155 149 142 137 129 125 116 113 103 101 90 89 76 75 74 73 72 71 70 69 68 67 66 65 64 63 51 49 38 35 25 21 12 7 
78 162 156 148 143 134 130 120 117 106 104 92 91 90 89 88 87 86 85 84 83 82 81 80 79 66 65 54 52 42 39 30 26 18 13 6 0 
5 161 148 135 122 109 103 96 89 83 75 70 65 61 57 53 47 44 41 33 31 29 19 18 17 12 11 10 9 8 7 6 4 3 2 1 0 
6 162 149 136 123 110 97 90 84 78 76 71 66 62 58 54 48 45 42 34 32 30 20 19 18 12 11 10 9 8 7 5 4 3 2 1 0 
7 163 150 137 124 111 98 91 85 79 77 72 67 63 59 55 49 46 43 35 33 31 21 20 19 12 11 10 9 8 6 5 4 3 2 1 0 
142 168 166 155 154 141 140 139 138 137 136 135 134 133 132 131 130 129 128 116 114 103 100 90 86 77 72 64 58 51 44 38 30 25 16 12 2 
143 157 156 155 154 153 152 151 150 149 148 147 146 145 144 131 130 119 117 107 104 95 91 83 78 71 65 59 52 47 39 35 26 23 13 11 0 
38 168 158 155 146 142 134 129 122 116 110 103 98 90 86 77 74 64 62 51 50 37 36 35 34 33 32 31 30 29 28 27 26 25 24 12 10 
39 165 156 151 143 137 130 123 117 109 104 95 91 81 78 67 65 53 52 51 50 49 48 47 46 45 44 43 42 41 40 27 26 15 13 3 0 
8 164 151 138 125 112 104 99 92 86 80 73 68 64 60 56 50 47 44 36 34 32 22 21 20 12 11 10 9 7 6 5 4 3 2 1 0 
9 165 152 139 126 117 113 105 100 93 87 81 74 69 61 57 51 48 45 37 35 33 23 22 21 12 11 10 8 7 6 5 4 3 2 1 0 
10 166 153 140 130 127 118 114 106 101 94 88 82 75 70 62 58 49 46 38 36 34 24 23 22 12 11 9 8 7 6 5 4 3 2 1 0 
25 168 157 155 145 142 133 129 121 116 109 103 97 90 85 77 73 64 61 51 49 38 37 24 23 22 21 20 19 18 17 16 15 14 13 12 11 
116 168 164 155 152 142 140 129 128 115 114 113 112 111 110 109 108 107 106 105 104 103 102 90 88 77 74 64 60 51 46 38 32 25 18 12 4 
117 159 156 145 143 131 130 129 128 127 126 125 124 123 122 121 120 119 118 105 104 93 91 81 78 69 65 57 52 45 39 33 26 21 13 9 0 
64 168 160 155 148 142 136 129 124 116 112 103 100 90 88 77 76 63 62 61 60 59 58 57 56 55 54 53 52 51 50 38 36 25 22 12 8 
65 163 156 149 143 135 130 121 117 107 104 93 91 79 78 77 76 75 74 73 72 71 70 69 68 67 66 53 52 41 39 29 26 17 13 5 0 
90 168 162 155 150 142 138 129 126 116 114 103 102 89 88 87 86 85 84 83 82 81 80 79 78 77 76 64 62 51 48 38 34 25 20 12 6 
155 168 167 154 153 152 151 150 149 148 147 146 145 144 143 142 141 129 127 116 113 103 99 90 85 77 71 64 57 51 43 38 29 25 15 12 1 
156 168 167 166 165 164 163 162 161 160 159 158 157 144 143 132 130 120 117 108 104 96 91 84 78 72 65 60 52 48 39 36 26 24 13 12 0 
157 168 167 166 165 164 163 162 161 160 159 158 156 145 144 143 133 131 121 118 109 105 97 92 85 79 73 66 61 53 49 40 37 27 25 14 1 
158 168 167 166 165 164 163 162 161 160 159 157 156 146 145 144 134 132 130 122 119 110 106 98 93 86 80 74 67 62 54 50 41 38 28 15 2 
159 168 167 166 165 164 163 162 161 160 158 157 156 147 146 145 135 133 131 123 120 117 111 107 99 94 87 81 75 68 63 55 51 42 29 16 3 
160 168 167 166 165 164 163 162 161 159 158 157 156 148 147 146 136 134 132 124 121 118 112 108 104 100 95 88 82 76 69 64 56 43 30 17 4 
161 168 167 166 165 164 163 162 160 159 158 157 156 149 148 147 137 135 133 125 122 119 113 109 105 101 96 91 89 83 77 70 57 44 31 18 5 
162 168 167 166 165 164 163 161 160 159 158 157 156 150 149 148 138 136 134 126 123 120 114 110 106 102 97 92 90 84 78 71 58 45 32 19 6 
163 168 167 166 165 164 162 161 160 159 158 157 156 151 150 149 139 137 135 127 124 121 115 111 107 103 98 93 85 79 72 65 59 46 33 20 7 
164 168 167 166 165 163 162 161 160 159 158 157 156 152 151 150 140 138 136 128 125 122 116 112 108 99 94 86 80 73 66 60 52 47 34 21 8 
165 168 167 166 164 163 162 161 160 159 158 157 156 153 152 151 141 139 137 129 126 123 113 109 100 95 87 81 74 67 61 53 48 39 35 22 9 
166 168 167 165 164 163 162 161 160 159 158 157 156 154 153 152 142 140 138 127 124 114 110 101 96 88 82 75 68 62 54 49 40 36 26 23 10 
167 168 166 165 164 163 162 161 160 159 158 157 156 155 154 153 141 139 128 125 115 111 102 97 89 83 76 69 63 55 50 41 37 27 24 13 11 
168 167 166 165 164 163 162 161 160 159 158 157 156 155 154 142 140 129 126 116 112 103 98 90 84 77 70 64 56 51 42 38 28 25 14 12 0 

