0 48 42 40 35 32 28 24 21 16 14 8 7 6 5 4 3 2 1 
1 43 41 36 33 29 25 22 17 15 9 8 7 6 5 4 3 2 0 
2 44 37 34 30 26 23 18 16 14 10 9 8 6 5 4 3 1 0 
3 45 38 31 27 24 21 19 17 15 11 10 9 6 5 4 2 1 0 
4 46 39 32 28 25 22 20 18 16 12 11 10 6 5 3 2 1 0 
5 47 40 35 33 29 26 23 19 17 13 12 11 6 4 3 2 1 0 
6 48 42 41 36 34 30 27 24 20 18 13 12 5 4 3 2 1 0 
7 47 42 39 35 31 28 23 21 15 14 13 12 11 10 9 8 1 0 
8 48 43 40 36 32 29 24 22 16 15 14 13 12 11 10 9 7 2 1 0 
9 44 41 37 33 30 25 23 21 17 16 15 13 12 11 10 8 7 3 2 1 
10 45 38 34 31 28 26 24 22 18 17 16 13 12 11 9 8 7 4 3 2 
11 46 39 35 32 29 27 25 23 19 18 17 13 12 10 9 8 7 5 4 3 
12 47 42 40 36 33 30 26 24 20 19 18 13 11 10 9 8 7 6 5 4 
13 48 43 41 37 34 31 27 25 20 19 12 11 10 9 8 7 6 5 
14 46 42 38 35 30 28 22 21 20 19 18 17 16 15 8 7 2 0 
15 47 43 39 36 31 29 23 22 21 20 19 18 17 16 14 9 8 7 3 1 
16 48 44 40 37 32 30 28 24 23 22 20 19 18 17 15 14 10 9 8 4 2 0 
17 45 41 38 35 33 31 29 25 24 23 20 19 18 16 15 14 11 10 9 5 3 1 
18 46 42 39 36 34 32 30 26 25 24 20 19 17 16 15 14 12 11 10 6 4 2 
19 47 43 40 37 33 31 27 26 25 20 18 17 16 15 14 13 12 11 5 3 
20 48 44 41 38 34 32 27 26 19 18 17 16 15 14 13 12 6 4 
21 45 42 37 35 29 28 27 26 25 24 23 22 15 14 9 7 3 0 
22 46 43 38 36 30 29 28 27 26 25 24 23 21 16 15 14 10 8 4 1 
23 47 44 39 37 35 31 30 29 27 26 25 24 22 21 17 16 15 11 9 7 5 2 
24 48 45 42 40 38 36 32 31 30 27 26 25 23 22 21 18 17 16 12 10 8 6 3 0 
25 46 43 41 39 37 33 32 31 27 26 24 23 22 21 19 18 17 13 11 9 4 1 
26 47 44 40 38 34 33 32 27 25 24 23 22 21 20 19 18 12 10 5 2 
27 48 45 41 39 34 33 26 25 24 23 22 21 20 19 13 11 6 3 
28 44 42 36 35 34 33 32 31 30 29 22 21 16 14 10 7 4 0 
29 45 43 37 36 35 34 33 32 31 30 28 23 22 21 17 15 11 8 5 1 
30 46 44 42 38 37 36 34 33 32 31 29 28 24 23 22 18 16 14 12 9 6 2 
31 47 45 43 39 38 37 34 33 32 30 29 28 25 24 23 19 17 15 13 10 7 3 
32 48 46 44 40 39 38 34 33 31 30 29 28 26 25 24 20 18 16 11 8 4 0 
33 47 45 41 40 39 34 32 31 30 29 28 27 26 25 19 17 12 9 5 1 
34 48 46 41 40 33 32 31 30 29 28 27 26 20 18 13 10 6 2 
35 43 42 41 40 39 38 37 36 29 28 23 21 17 14 11 7 5 0 
36 44 43 42 41 40 39 38 37 35 30 29 28 24 22 18 15 12 8 6 1 
37 45 44 43 41 40 39 38 36 35 31 30 29 25 23 21 19 16 13 9 2 
38 46 45 44 41 40 39 37 36 35 32 31 30 26 24 22 20 17 14 10 3 
39 47 46 45 41 40 38 37 36 35 33 32 31 27 25 23 18 15 11 7 4 
40 48 47 46 41 39 38 37 36 35 34 33 32 26 24 19 16 12 8 5 0 
41 48 47 40 39 38 37 36 35 34 33 27 25 20 17 13 9 6 1 
42 48 47 46 45 44 43 36 35 30 28 24 21 18 14 12 7 6 0 
43 48 47 46 45 44 42 37 36 35 31 29 25 22 19 15 13 8 1 
44 48 47 46 45 43 42 38 37 36 32 30 28 26 23 20 16 9 2 
45 48 47 46 44 43 42 39 38 37 33 31 29 27 24 21 17 10 3 
46 48 47 45 44 43 42 40 39 38 34 32 30 25 22 18 14 11 4 
47 48 46 45 44 43 42 41 40 39 33 31 26 23 19 15 12 7 5 
48 47 46 45 44 43 42 41 40 34 32 27 24 20 16 13 8 6 0 

