0 80 72 70 63 60 54 50 45 40 36 30 27 20 18 10 9 8 7 6 5 4 3 2 1 
1 73 71 64 61 55 51 46 41 37 31 28 21 19 11 10 9 8 7 6 5 4 3 2 0 
2 74 65 62 56 52 47 42 38 32 29 22 20 18 12 11 10 8 7 6 5 4 3 1 0 
3 75 66 57 53 48 43 39 33 30 27 23 21 19 13 12 11 8 7 6 5 4 2 1 0 
4 76 67 58 49 44 40 36 34 31 28 24 22 20 14 13 12 8 7 6 5 3 2 1 0 
5 77 68 59 50 45 41 37 35 32 29 25 23 21 15 14 13 8 7 6 4 3 2 1 0 
6 78 69 60 54 51 46 42 38 33 30 26 24 22 16 15 14 8 7 5 4 3 2 1 0 
7 79 70 63 61 55 52 47 43 39 34 31 25 23 17 16 15 8 6 5 4 3 2 1 0 
8 80 72 71 64 62 56 53 48 44 40 35 32 26 24 17 16 7 6 5 4 3 2 1 0 
9 79 72 69 63 59 54 49 45 39 36 29 27 19 18 17 16 15 14 13 12 11 10 1 0 
10 80 73 70 64 60 55 50 46 40 37 30 28 20 19 18 17 16 15 14 13 12 11 9 2 1 0 
11 74 71 65 61 56 51 47 41 38 31 29 27 21 20 19 17 16 15 14 13 12 10 9 3 2 1 
12 75 66 62 57 52 48 42 39 36 32 30 28 22 21 20 17 16 15 14 13 11 10 9 4 3 2 
13 76 67 58 53 49 45 43 40 37 33 31 29 23 22 21 17 16 15 14 12 11 10 9 5 4 3 
14 77 68 59 54 50 46 44 41 38 34 32 30 24 23 22 17 16 15 13 12 11 10 9 6 5 4 
15 78 69 63 60 55 51 47 42 39 35 33 31 25 24 23 17 16 14 13 12 11 10 9 7 6 5 
16 79 72 70 64 61 56 52 48 43 40 34 32 26 25 24 17 15 14 13 12 11 10 9 8 7 6 
17 80 73 71 65 62 57 53 49 44 41 35 33 26 25 16 15 14 13 12 11 10 9 8 7 
18 78 72 68 63 58 54 48 45 38 36 28 27 26 25 24 23 22 21 20 19 10 9 2 0 
19 79 73 69 64 59 55 49 46 39 37 29 28 27 26 25 24 23 22 21 20 18 11 10 9 3 1 
20 80 74 70 65 60 56 50 47 40 38 36 30 29 28 26 25 24 23 22 21 19 18 12 11 10 4 2 0 
21 75 71 66 61 57 51 48 45 41 39 37 31 30 29 26 25 24 23 22 20 19 18 13 12 11 5 3 1 
22 76 67 62 58 54 52 49 46 42 40 38 32 31 30 26 25 24 23 21 20 19 18 14 13 12 6 4 2 
23 77 68 63 59 55 53 50 47 43 41 39 33 32 31 26 25 24 22 21 20 19 18 15 14 13 7 5 3 
24 78 72 69 64 60 56 51 48 44 42 40 34 33 32 26 25 23 22 21 20 19 18 16 15 14 8 6 4 
25 79 73 70 65 61 57 52 49 43 41 35 34 33 26 24 23 22 21 20 19 18 17 16 15 7 5 
26 80 74 71 66 62 58 53 50 44 42 35 34 25 24 23 22 21 20 19 18 17 16 8 6 
27 77 72 67 63 57 54 47 45 37 36 35 34 33 32 31 30 29 28 19 18 11 9 3 0 
28 78 73 68 64 58 55 48 46 38 37 36 35 34 33 32 31 30 29 27 20 19 18 12 10 4 1 
29 79 74 69 65 59 56 49 47 45 39 38 37 35 34 33 32 31 30 28 27 21 20 19 13 11 9 5 2 
30 80 75 70 66 60 57 54 50 48 46 40 39 38 35 34 33 32 31 29 28 27 22 21 20 14 12 10 6 3 0 
31 76 71 67 63 61 58 55 51 49 47 41 40 39 35 34 33 32 30 29 28 27 23 22 21 15 13 11 7 4 1 
32 77 72 68 64 62 59 56 52 50 48 42 41 40 35 34 33 31 30 29 28 27 24 23 22 16 14 12 8 5 2 
33 78 73 69 65 60 57 53 51 49 43 42 41 35 34 32 31 30 29 28 27 25 24 23 17 15 13 6 3 
34 79 74 70 66 61 58 52 50 44 43 42 35 33 32 31 30 29 28 27 26 25 24 16 14 7 4 
35 80 75 71 67 62 59 53 51 44 43 34 33 32 31 30 29 28 27 26 25 17 15 8 5 
36 76 72 66 63 56 54 46 45 44 43 42 41 40 39 38 37 28 27 20 18 12 9 4 0 
37 77 73 67 64 57 55 47 46 45 44 43 42 41 40 39 38 36 29 28 27 21 19 13 10 5 1 
38 78 74 68 65 58 56 54 48 47 46 44 43 42 41 40 39 37 36 30 29 28 22 20 18 14 11 6 2 
39 79 75 69 66 63 59 57 55 49 48 47 44 43 42 41 40 38 37 36 31 30 29 23 21 19 15 12 9 7 3 
40 80 76 72 70 67 64 60 58 56 50 49 48 44 43 42 41 39 38 37 36 32 31 30 24 22 20 16 13 10 8 4 0 
41 77 73 71 68 65 61 59 57 51 50 49 44 43 42 40 39 38 37 36 33 32 31 25 23 21 17 14 11 5 1 
42 78 74 69 66 62 60 58 52 51 50 44 43 41 40 39 38 37 36 34 33 32 26 24 22 15 12 6 2 
43 79 75 70 67 61 59 53 52 51 44 42 41 40 39 38 37 36 35 34 33 25 23 16 13 7 3 
44 80 76 71 68 62 60 53 52 43 42 41 40 39 38 37 36 35 34 26 24 17 14 8 4 
45 75 72 65 63 55 54 53 52 51 50 49 48 47 46 37 36 29 27 21 18 13 9 5 0 
46 76 73 66 64 56 55 54 53 52 51 50 49 48 47 45 38 37 36 30 28 22 19 14 10 6 1 
47 77 74 67 65 63 57 56 55 53 52 51 50 49 48 46 45 39 38 37 31 29 27 23 20 15 11 7 2 
48 78 75 72 68 66 64 58 57 56 53 52 51 50 49 47 46 45 40 39 38 32 30 28 24 21 18 16 12 8 3 
49 79 76 73 69 67 65 59 58 57 53 52 51 50 48 47 46 45 41 40 39 33 31 29 25 22 19 17 13 9 4 
50 80 77 74 70 68 66 60 59 58 53 52 51 49 48 47 46 45 42 41 40 34 32 30 26 23 20 14 10 5 0 
51 78 75 71 69 67 61 60 59 53 52 50 49 48 47 46 45 43 42 41 35 33 31 24 21 15 11 6 1 
52 79 76 70 68 62 61 60 53 51 50 49 48 47 46 45 44 43 42 34 32 25 22 16 12 7 2 
53 80 77 71 69 62 61 52 51 50 49 48 47 46 45 44 43 35 33 26 23 17 13 8 3 
54 74 72 64 63 62 61 60 59 58 57 56 55 46 45 38 36 30 27 22 18 14 9 6 0 
55 75 73 65 64 63 62 61 60 59 58 57 56 54 47 46 45 39 37 31 28 23 19 15 10 7 1 
56 76 74 72 66 65 64 62 61 60 59 58 57 55 54 48 47 46 40 38 36 32 29 24 20 16 11 8 2 
57 77 75 73 67 66 65 62 61 60 59 58 56 55 54 49 48 47 41 39 37 33 30 27 25 21 17 12 3 
58 78 76 74 68 67 66 62 61 60 59 57 56 55 54 50 49 48 42 40 38 34 31 28 26 22 18 13 4 
59 79 77 75 69 68 67 62 61 60 58 57 56 55 54 51 50 49 43 41 39 35 32 29 23 19 14 9 5 
60 80 78 76 70 69 68 62 61 59 58 57 56 55 54 52 51 50 44 42 40 33 30 24 20 15 10 6 0 
61 79 77 71 70 69 62 60 59 58 57 56 55 54 53 52 51 43 41 34 31 25 21 16 11 7 1 
62 80 78 71 70 61 60 59 58 57 56 55 54 53 52 44 42 35 32 26 22 17 12 8 2 
63 73 72 71 70 69 68 67 66 65 64 55 54 47 45 39 36 31 27 23 18 15 9 7 0 
64 74 73 72 71 70 69 68 67 66 65 63 56 55 54 48 46 40 37 32 28 24 19 16 10 8 1 
65 75 74 73 71 70 69 68 67 66 64 63 57 56 55 49 47 45 41 38 33 29 25 20 17 11 2 
66 76 75 74 71 70 69 68 67 65 64 63 58 57 56 50 48 46 42 39 36 34 30 26 21 12 3 
67 77 76 75 71 70 69 68 66 65 64 63 59 58 57 51 49 47 43 40 37 35 31 27 22 13 4 
68 78 77 76 71 70 69 67 66 65 64 63 60 59 58 52 50 48 44 41 38 32 28 23 18 14 5 
69 79 78 77 71 70 68 67 66 65 64 63 61 60 59 53 51 49 42 39 33 29 24 19 15 9 6 
70 80 79 78 71 69 68 67 66 65 64 63 62 61 60 52 50 43 40 34 30 25 20 16 10 7 0 
71 80 79 70 69 68 67 66 65 64 63 62 61 53 51 44 41 35 31 26 21 17 11 8 1 
72 80 79 78 77 76 75 74 73 64 63 56 54 48 45 40 36 32 27 24 18 16 9 8 0 
73 80 79 78 77 76 75 74 72 65 64 63 57 55 49 46 41 37 33 28 25 19 17 10 1 
74 80 79 78 77 76 75 73 72 66 65 64 58 56 54 50 47 42 38 34 29 26 20 11 2 
75 80 79 78 77 76 74 73 72 67 66 65 59 57 55 51 48 45 43 39 35 30 21 12 3 
76 80 79 78 77 75 74 73 72 68 67 66 60 58 56 52 49 46 44 40 36 31 22 13 4 
77 80 79 78 76 75 74 73 72 69 68 67 61 59 57 53 50 47 41 37 32 27 23 14 5 
78 80 79 77 76 75 74 73 72 70 69 68 62 60 58 51 48 42 38 33 28 24 18 15 6 
79 80 78 77 76 75 74 73 72 71 70 69 61 59 52 49 43 39 34 29 25 19 16 9 7 
80 79 78 77 76 75 74 73 72 71 70 62 60 53 50 44 40 35 30 26 20 17 10 8 0 

