0 91 84 78 72 65 60 52 48 39 36 26 24 13 12 11 10 9 8 7 6 5 4 3 2 1 
1 92 85 79 73 66 61 53 49 40 37 27 25 14 13 12 11 10 9 8 7 6 5 4 3 2 0 
2 93 86 80 74 67 62 54 50 41 38 28 26 24 15 14 13 11 10 9 8 7 6 5 4 3 1 0 
3 94 87 81 75 68 63 55 51 42 39 36 29 27 25 16 15 14 11 10 9 8 7 6 5 4 2 1 0 
4 95 88 82 76 69 64 56 52 48 43 40 37 30 28 26 17 16 15 11 10 9 8 7 6 5 3 2 1 0 
5 89 83 77 70 65 60 57 53 49 44 41 38 31 29 27 18 17 16 11 10 9 8 7 6 4 3 2 1 0 
6 90 78 72 71 66 61 58 54 50 45 42 39 32 30 28 19 18 17 11 10 9 8 7 5 4 3 2 1 0 
7 91 84 79 73 67 62 59 55 51 46 43 40 33 31 29 20 19 18 11 10 9 8 6 5 4 3 2 1 0 
8 92 85 80 74 68 63 56 52 47 44 41 34 32 30 21 20 19 11 10 9 7 6 5 4 3 2 1 0 
9 93 86 81 75 69 64 57 53 45 42 35 33 31 22 21 20 11 10 8 7 6 5 4 3 2 1 0 
10 94 87 82 76 70 65 58 54 46 43 34 32 23 22 21 11 9 8 7 6 5 4 3 2 1 0 
11 95 88 83 77 71 66 59 55 47 44 35 33 23 22 10 9 8 7 6 5 4 3 2 1 0 
12 90 84 77 72 64 60 51 48 38 36 25 24 23 22 21 20 19 18 17 16 15 14 13 1 0 
13 91 85 78 73 65 61 52 49 39 37 26 25 24 23 22 21 20 19 18 17 16 15 14 12 2 1 0 
14 92 86 79 74 66 62 53 50 40 38 36 27 26 25 23 22 21 20 19 18 17 16 15 13 12 3 2 1 
15 93 87 80 75 67 63 54 51 48 41 39 37 28 27 26 23 22 21 20 19 18 17 16 14 13 12 4 3 2 
16 94 88 81 76 68 64 60 55 52 49 42 40 38 29 28 27 23 22 21 20 19 18 17 15 14 13 12 5 4 3 
17 95 89 82 77 72 69 65 61 56 53 50 43 41 39 30 29 28 23 22 21 20 19 18 16 15 14 13 12 6 5 4 
18 90 84 83 78 73 70 66 62 57 54 51 44 42 40 31 30 29 23 22 21 20 19 17 16 15 14 13 12 7 6 5 
19 91 85 79 74 71 67 63 58 55 52 45 43 41 32 31 30 23 22 21 20 18 17 16 15 14 13 12 8 7 6 
20 92 86 80 75 68 64 59 56 53 46 44 42 33 32 31 23 22 21 19 18 17 16 15 14 13 12 9 8 7 
21 93 87 81 76 69 65 57 54 47 45 43 34 33 32 23 22 20 19 18 17 16 15 14 13 12 10 9 8 
22 94 88 82 77 70 66 58 55 46 44 35 34 33 23 21 20 19 18 17 16 15 14 13 12 11 10 9 
23 95 89 83 78 71 67 59 56 47 45 35 34 22 21 20 19 18 17 16 15 14 13 12 11 10 
24 89 84 76 72 63 60 50 48 37 36 35 34 33 32 31 30 29 28 27 26 25 13 12 2 0 
25 90 85 77 73 64 61 51 49 38 37 36 35 34 33 32 31 30 29 28 27 26 24 14 13 12 3 1 
26 91 86 78 74 65 62 52 50 48 39 38 37 35 34 33 32 31 30 29 28 27 25 24 15 14 13 4 2 0 
27 92 87 79 75 66 63 60 53 51 49 40 39 38 35 34 33 32 31 30 29 28 26 25 24 16 15 14 5 3 1 
28 93 88 80 76 72 67 64 61 54 52 50 41 40 39 35 34 33 32 31 30 29 27 26 25 24 17 16 15 6 4 2 
29 94 89 84 81 77 73 68 65 62 55 53 51 42 41 40 35 34 33 32 31 30 28 27 26 25 24 18 17 16 7 5 3 
30 95 90 85 82 78 74 69 66 63 56 54 52 43 42 41 35 34 33 32 31 29 28 27 26 25 24 19 18 17 8 6 4 
31 91 86 83 79 75 70 67 64 57 55 53 44 43 42 35 34 33 32 30 29 28 27 26 25 24 20 19 18 9 7 5 
32 92 87 80 76 71 68 65 58 56 54 45 44 43 35 34 33 31 30 29 28 27 26 25 24 21 20 19 10 8 6 
33 93 88 81 77 69 66 59 57 55 46 45 44 35 34 32 31 30 29 28 27 26 25 24 22 21 20 11 9 7 
34 94 89 82 78 70 67 58 56 47 46 45 35 33 32 31 30 29 28 27 26 25 24 23 22 21 10 8 
35 95 90 83 79 71 68 59 57 47 46 34 33 32 31 30 29 28 27 26 25 24 23 22 11 9 
36 88 84 75 72 62 60 49 48 47 46 45 44 43 42 41 40 39 38 37 25 24 14 12 3 0 
37 89 85 76 73 63 61 50 49 48 47 46 45 44 43 42 41 40 39 38 36 26 25 24 15 13 4 1 
38 90 86 77 74 64 62 60 51 50 49 47 46 45 44 43 42 41 40 39 37 36 27 26 25 16 14 12 5 2 
39 91 87 78 75 72 65 63 61 52 51 50 47 46 45 44 43 42 41 40 38 37 36 28 27 26 17 15 13 6 3 0 
40 92 88 84 79 76 73 66 64 62 53 52 51 47 46 45 44 43 42 41 39 38 37 36 29 28 27 18 16 14 7 4 1 
41 93 89 85 80 77 74 67 65 63 54 53 52 47 46 45 44 43 42 40 39 38 37 36 30 29 28 19 17 15 8 5 2 
42 94 90 86 81 78 75 68 66 64 55 54 53 47 46 45 44 43 41 40 39 38 37 36 31 30 29 20 18 16 9 6 3 
43 95 91 87 82 79 76 69 67 65 56 55 54 47 46 45 44 42 41 40 39 38 37 36 32 31 30 21 19 17 10 7 4 
44 92 88 83 80 77 70 68 66 57 56 55 47 46 45 43 42 41 40 39 38 37 36 33 32 31 22 20 18 11 8 5 
45 93 89 81 78 71 69 67 58 57 56 47 46 44 43 42 41 40 39 38 37 36 34 33 32 23 21 19 9 6 
46 94 90 82 79 70 68 59 58 57 47 45 44 43 42 41 40 39 38 37 36 35 34 33 22 20 10 7 
47 95 91 83 80 71 69 59 58 46 45 44 43 42 41 40 39 38 37 36 35 34 23 21 11 8 
48 87 84 74 72 61 60 59 58 57 56 55 54 53 52 51 50 49 37 36 26 24 15 12 4 0 
49 88 85 75 73 62 61 60 59 58 57 56 55 54 53 52 51 50 48 38 37 36 27 25 16 13 5 1 
50 89 86 76 74 72 63 62 61 59 58 57 56 55 54 53 52 51 49 48 39 38 37 28 26 24 17 14 6 2 
51 90 87 84 77 75 73 64 63 62 59 58 57 56 55 54 53 52 50 49 48 40 39 38 29 27 25 18 15 12 7 3 
52 91 88 85 78 76 74 65 64 63 59 58 57 56 55 54 53 51 50 49 48 41 40 39 30 28 26 19 16 13 8 4 0 
53 92 89 86 79 77 75 66 65 64 59 58 57 56 55 54 52 51 50 49 48 42 41 40 31 29 27 20 17 14 9 5 1 
54 93 90 87 80 78 76 67 66 65 59 58 57 56 55 53 52 51 50 49 48 43 42 41 32 30 28 21 18 15 10 6 2 
55 94 91 88 81 79 77 68 67 66 59 58 57 56 54 53 52 51 50 49 48 44 43 42 33 31 29 22 19 16 11 7 3 
56 95 92 89 82 80 78 69 68 67 59 58 57 55 54 53 52 51 50 49 48 45 44 43 34 32 30 23 20 17 8 4 
57 93 90 83 81 79 70 69 68 59 58 56 55 54 53 52 51 50 49 48 46 45 44 35 33 31 21 18 9 5 
58 94 91 82 80 71 70 69 59 57 56 55 54 53 52 51 50 49 48 47 46 45 34 32 22 19 10 6 
59 95 92 83 81 71 70 58 57 56 55 54 53 52 51 50 49 48 47 46 35 33 23 20 11 7 
60 86 84 73 72 71 70 69 68 67 66 65 64 63 62 61 49 48 38 36 27 24 16 12 5 0 
61 87 85 74 73 72 71 70 69 68 67 66 65 64 63 62 60 50 49 48 39 37 28 25 17 13 6 1 
62 88 86 84 75 74 73 71 70 69 68 67 66 65 64 63 61 60 51 50 49 40 38 36 29 26 18 14 7 2 
63 89 87 85 76 75 74 71 70 69 68 67 66 65 64 62 61 60 52 51 50 41 39 37 30 27 24 19 15 8 3 
64 90 88 86 77 76 75 71 70 69 68 67 66 65 63 62 61 60 53 52 51 42 40 38 31 28 25 20 16 12 9 4 
65 91 89 87 78 77 76 71 70 69 68 67 66 64 63 62 61 60 54 53 52 43 41 39 32 29 26 21 17 13 10 5 0 
66 92 90 88 79 78 77 71 70 69 68 67 65 64 63 62 61 60 55 54 53 44 42 40 33 30 27 22 18 14 11 6 1 
67 93 91 89 80 79 78 71 70 69 68 66 65 64 63 62 61 60 56 55 54 45 43 41 34 31 28 23 19 15 7 2 
68 94 92 90 81 80 79 71 70 69 67 66 65 64 63 62 61 60 57 56 55 46 44 42 35 32 29 20 16 8 3 
69 95 93 91 82 81 80 71 70 68 67 66 65 64 63 62 61 60 58 57 56 47 45 43 33 30 21 17 9 4 
70 94 92 83 82 81 71 69 68 67 66 65 64 63 62 61 60 59 58 57 46 44 34 31 22 18 10 5 
71 95 93 83 82 70 69 68 67 66 65 64 63 62 61 60 59 58 47 45 35 32 23 19 11 6 
72 85 84 83 82 81 80 79 78 77 76 75 74 73 61 60 50 48 39 36 28 24 17 12 6 0 
73 86 85 84 83 82 81 80 79 78 77 76 75 74 72 62 61 60 51 49 40 37 29 25 18 13 7 1 
74 87 86 85 83 82 81 80 79 78 77 76 75 73 72 63 62 61 52 50 48 41 38 30 26 19 14 8 2 
75 88 87 86 83 82 81 80 79 78 77 76 74 73 72 64 63 62 53 51 49 42 39 36 31 27 20 15 9 3 
76 89 88 87 83 82 81 80 79 78 77 75 74 73 72 65 64 63 54 52 50 43 40 37 32 28 24 21 16 10 4 
77 90 89 88 83 82 81 80 79 78 76 75 74 73 72 66 65 64 55 53 51 44 41 38 33 29 25 22 17 12 11 5 
78 91 90 89 83 82 81 80 79 77 76 75 74 73 72 67 66 65 56 54 52 45 42 39 34 30 26 23 18 13 6 0 
79 92 91 90 83 82 81 80 78 77 76 75 74 73 72 68 67 66 57 55 53 46 43 40 35 31 27 19 14 7 1 
80 93 92 91 83 82 81 79 78 77 76 75 74 73 72 69 68 67 58 56 54 47 44 41 32 28 20 15 8 2 
81 94 93 92 83 82 80 79 78 77 76 75 74 73 72 70 69 68 59 57 55 45 42 33 29 21 16 9 3 
82 95 94 93 83 81 80 79 78 77 76 75 74 73 72 71 70 69 58 56 46 43 34 30 22 17 10 4 
83 95 94 82 81 80 79 78 77 76 75 74 73 72 71 70 59 57 47 44 35 31 23 18 11 5 
84 95 94 93 92 91 90 89 88 87 86 85 73 72 62 60 51 48 40 36 29 24 18 12 7 0 
85 95 94 93 92 91 90 89 88 87 86 84 74 73 72 63 61 52 49 41 37 30 25 19 13 8 1 
86 95 94 93 92 91 90 89 88 87 85 84 75 74 73 64 62 60 53 50 42 38 31 26 20 14 9 2 
87 95 94 93 92 91 90 89 88 86 85 84 76 75 74 65 63 61 54 51 48 43 39 32 27 21 15 10 3 
88 95 94 93 92 91 90 89 87 86 85 84 77 76 75 66 64 62 55 52 49 44 40 36 33 28 22 16 11 4 
89 95 94 93 92 91 90 88 87 86 85 84 78 77 76 67 65 63 56 53 50 45 41 37 34 29 24 23 17 5 
90 95 94 93 92 91 89 88 87 86 85 84 79 78 77 68 66 64 57 54 51 46 42 38 35 30 25 18 12 6 
91 95 94 93 92 90 89 88 87 86 85 84 80 79 78 69 67 65 58 55 52 47 43 39 31 26 19 13 7 0 
92 95 94 93 91 90 89 88 87 86 85 84 81 80 79 70 68 66 59 56 53 44 40 32 27 20 14 8 1 
93 95 94 92 91 90 89 88 87 86 85 84 82 81 80 71 69 67 57 54 45 41 33 28 21 15 9 2 
94 95 93 92 91 90 89 88 87 86 85 84 83 82 81 70 68 58 55 46 42 34 29 22 16 10 3 
95 94 93 92 91 90 89 88 87 86 85 84 83 82 71 69 59 56 47 43 35 30 23 17 11 4 

