27 63 59 54 51 48 45 43 41 36 35 34 31 30 29 28 26 25 24 20 19 18 13 11 9 6 3 0 
28 60 56 55 52 49 46 44 42 37 36 35 31 30 29 27 26 25 24 21 20 19 14 12 10 7 4 1 
35 62 59 56 53 51 49 44 43 42 39 38 37 36 34 33 32 28 27 26 21 19 17 14 11 8 7 3 
36 63 60 57 54 52 50 45 44 43 39 38 37 35 34 33 32 29 28 27 22 20 18 15 12 9 4 0 
26 62 58 53 50 44 42 40 35 34 33 31 30 29 28 27 25 24 19 18 17 12 10 8 5 2 
18 63 58 54 50 45 42 36 34 32 27 26 25 23 22 21 20 19 17 16 11 10 9 4 2 0 
19 59 55 51 46 43 40 37 35 33 28 27 26 23 22 21 20 18 17 16 12 11 10 5 3 1 
29 61 57 53 50 47 45 43 38 37 36 31 30 28 27 26 25 24 22 21 20 15 13 11 5 2 
34 61 58 52 50 48 43 42 41 39 38 37 36 35 33 32 27 26 25 20 18 16 13 10 6 2 
20 60 52 48 47 44 41 38 36 34 29 28 27 23 22 21 19 18 17 16 13 12 11 6 4 2 
21 61 56 53 49 45 42 39 37 35 30 29 28 23 22 20 19 18 17 16 14 13 12 7 5 3 
37 61 58 55 53 51 46 45 44 39 38 36 35 34 33 32 30 29 28 23 21 19 13 10 5 1 
42 60 58 56 51 50 49 47 46 45 44 43 41 40 35 34 33 28 26 24 21 18 14 10 7 2 
43 61 59 57 52 51 50 47 46 45 44 42 41 40 36 35 34 29 27 25 22 19 16 15 11 3 
44 62 60 58 53 52 51 47 46 45 43 42 41 40 37 36 35 30 28 26 23 20 17 12 8 4 
45 63 61 59 54 53 52 47 46 44 43 42 41 40 38 37 36 31 29 27 21 18 13 9 5 0 
9 63 57 54 49 45 41 36 33 27 25 18 17 16 15 14 13 12 11 10 8 2 1 0 
30 62 58 54 51 46 44 39 38 37 31 29 28 27 26 25 24 23 22 21 14 12 6 3 
33 60 57 51 49 42 41 40 39 38 37 36 35 34 32 26 25 24 19 17 12 9 5 1 
10 58 55 50 46 42 37 34 28 26 24 19 18 17 15 14 13 12 11 9 8 3 2 1 
11 59 51 47 43 38 35 32 29 27 25 20 19 18 15 14 13 12 10 9 8 4 3 2 
12 60 52 44 40 39 36 33 30 28 26 21 20 19 15 14 13 11 10 9 8 5 4 3 
22 62 57 54 50 46 43 38 36 31 30 29 23 21 20 19 18 17 16 15 14 13 6 4 
38 62 59 54 52 47 46 45 39 37 36 35 34 33 32 31 30 29 22 20 14 11 6 2 
41 59 57 50 49 48 47 46 45 44 43 42 40 34 33 32 27 25 20 17 13 9 6 1 
25 61 57 52 49 43 41 34 33 32 31 30 29 28 27 26 24 18 17 16 11 9 4 1 
13 61 53 48 45 41 37 34 31 29 27 22 21 20 15 14 12 11 10 9 8 6 5 4 
14 62 56 54 49 46 42 38 35 30 28 23 22 21 15 13 12 11 10 9 8 7 6 5 
17 62 57 53 49 44 41 35 33 26 25 24 23 22 21 20 19 18 16 10 9 8 3 1 
46 62 60 55 54 53 47 45 44 43 42 41 40 39 38 37 30 28 22 19 14 10 6 1 
49 58 57 56 55 54 53 52 51 50 48 42 41 40 35 33 28 25 21 17 14 9 7 1 
50 59 58 57 55 54 53 52 51 49 48 43 42 41 36 34 32 29 26 22 18 15 10 2 
51 60 59 58 55 54 53 52 50 49 48 44 43 42 37 35 33 30 27 24 23 19 11 3 
52 61 60 59 55 54 53 51 50 49 48 45 44 43 38 36 34 31 28 25 20 16 12 4 
53 62 61 60 55 54 52 51 50 49 48 46 45 44 39 37 35 29 26 21 17 13 8 5 
54 63 62 61 55 53 52 51 50 49 48 47 46 45 38 36 30 27 22 18 14 9 6 0 
1 57 55 49 46 41 37 33 28 25 19 17 10 9 8 7 6 5 4 3 2 0 
2 58 50 47 42 38 34 29 26 20 18 16 11 10 9 7 6 5 4 3 1 0 
23 63 58 55 51 47 44 39 37 31 30 22 21 20 19 18 17 16 15 14 7 5 
39 63 60 55 53 47 46 38 37 36 35 34 33 32 31 30 23 21 15 12 7 3 
40 58 56 49 48 47 46 45 44 43 42 41 33 32 26 24 19 16 12 8 5 0 
24 60 56 51 48 42 40 33 32 31 30 29 28 27 26 25 17 16 10 8 3 0 
3 59 51 43 39 35 30 27 24 21 19 17 12 11 10 7 6 5 4 2 1 0 
4 60 52 44 36 32 31 28 25 22 20 18 13 12 11 7 6 5 3 2 1 0 
5 61 53 45 40 37 33 29 26 23 21 19 14 13 12 7 6 4 3 2 1 0 
15 63 57 55 50 47 43 39 36 31 29 23 22 14 13 12 11 10 9 8 7 6 
16 61 56 52 48 43 40 34 32 25 24 23 22 21 20 19 18 17 9 8 2 0 
47 63 61 55 54 46 45 44 43 42 41 40 39 38 31 29 23 20 15 11 7 2 
48 57 56 55 54 53 52 51 50 49 41 40 34 32 27 24 20 16 13 8 6 0 
6 62 54 48 46 41 38 34 30 27 22 20 15 14 13 7 5 4 3 2 1 0 
31 63 59 55 52 47 45 39 38 30 29 28 27 26 25 24 23 22 15 13 7 4 
32 59 56 50 48 41 40 39 38 37 36 35 34 33 25 24 18 16 11 8 4 0 
7 63 56 55 49 47 42 39 35 31 28 23 21 15 14 6 5 4 3 2 1 0 
8 62 56 53 48 44 40 35 32 26 24 17 16 15 14 13 12 11 10 9 1 0 
0 63 56 54 48 45 40 36 32 27 24 18 16 9 8 7 6 5 4 3 2 1 
55 63 62 54 53 52 51 50 49 48 47 46 39 37 31 28 23 19 15 10 7 1 
56 63 62 61 60 59 58 57 49 48 42 40 35 32 28 24 21 16 14 8 7 0 
57 63 62 61 60 59 58 56 50 49 48 43 41 36 33 29 25 22 17 15 9 1 
58 63 62 61 60 59 57 56 51 50 49 44 42 40 37 34 30 26 23 18 10 2 
59 63 62 61 60 58 57 56 52 51 50 45 43 41 38 35 32 31 27 19 11 3 
60 63 62 61 59 58 57 56 53 52 51 46 44 42 39 36 33 28 24 20 12 4 
61 63 62 60 59 58 57 56 54 53 52 47 45 43 37 34 29 25 21 16 13 5 
62 63 61 60 59 58 57 56 55 54 53 46 44 38 35 30 26 22 17 14 8 6 
63 62 61 60 59 58 57 56 55 54 47 45 39 36 31 27 23 18 15 9 7 0 

