12 24 22 20 18 17 16 14 13 11 10 8 7 6 4 2 0 
7 22 19 17 15 13 12 11 9 8 6 5 3 2 1 
8 23 20 18 16 14 13 12 9 7 6 5 4 3 2 
11 23 21 17 16 15 14 13 12 10 7 6 5 3 1 
6 24 21 18 16 12 11 10 9 8 7 5 2 1 0 
13 23 21 19 18 17 14 12 11 10 9 8 7 3 1 
16 22 21 20 19 18 17 15 12 11 10 8 6 4 1 
17 23 22 21 19 18 16 15 13 12 11 9 7 5 2 
18 24 23 22 19 17 16 15 14 13 12 8 6 3 0 
9 24 21 19 17 14 13 8 7 6 5 4 3 
10 22 20 16 15 14 13 12 11 6 5 2 0 
3 23 18 15 13 11 9 8 7 4 2 1 0 
4 24 20 19 16 14 12 9 8 3 2 1 0 
5 23 20 17 15 11 10 9 8 7 6 1 0 
14 24 22 19 18 13 12 11 10 9 8 4 2 
15 21 20 19 18 17 16 11 10 7 5 3 0 
0 24 20 18 15 12 10 6 5 4 3 2 1 
1 21 19 16 13 11 7 6 5 4 3 2 0 
2 22 17 14 12 10 8 7 6 4 3 1 0 
19 24 23 18 17 16 15 14 13 9 7 4 1 
20 24 23 22 21 16 15 12 10 8 5 4 0 
21 24 23 22 20 17 16 15 13 11 9 6 1 
22 24 23 21 20 18 17 16 14 12 10 7 2 
23 24 22 21 20 19 18 17 13 11 8 5 3 
24 23 22 21 20 19 18 14 12 9 6 4 0 

