90 195 188 180 174 168 165 160 155 150 146 142 135 132 129 120 118 116 105 104 103 97 96 95 94 93 92 91 89 88 87 86 85 84 77 76 75 64 62 60 51 48 45 38 34 30 25 20 15 12 6 0 
91 189 182 181 175 169 166 161 156 151 147 143 136 133 130 121 119 117 106 105 104 97 96 95 94 93 92 90 89 88 87 86 85 84 78 77 76 65 63 61 52 49 46 39 35 31 26 21 16 13 7 1 
104 194 188 182 179 174 169 164 160 156 149 146 143 134 132 130 119 118 117 111 110 109 108 107 106 105 103 102 101 100 99 98 91 90 89 78 76 74 65 62 59 52 48 44 39 34 29 26 20 14 13 6 
105 195 189 183 180 175 170 165 161 157 150 147 144 135 133 131 120 119 118 111 110 109 108 107 106 104 103 102 101 100 99 98 92 91 90 79 77 75 66 63 60 53 49 45 40 35 30 27 21 15 7 0 
89 194 187 179 173 164 159 154 149 145 141 134 131 128 119 117 115 104 103 102 97 96 95 94 93 92 91 90 88 87 86 85 84 76 75 74 63 61 59 50 47 44 37 33 29 24 19 14 11 5 
75 195 187 180 173 165 159 150 145 140 135 131 127 120 117 114 105 103 101 90 89 88 83 82 81 80 79 78 77 76 74 73 72 71 70 62 61 60 49 47 45 36 33 30 23 19 15 10 5 0 
76 188 181 174 166 160 154 151 146 141 136 132 128 121 118 115 106 104 102 91 90 89 83 82 81 80 79 78 77 75 74 73 72 71 70 63 62 61 50 48 46 37 34 31 24 20 16 11 6 1 
92 190 183 176 170 167 162 157 152 148 144 137 134 131 122 120 118 107 106 105 97 96 95 94 93 91 90 89 88 87 86 85 84 79 78 77 66 64 62 53 50 47 40 36 32 27 22 17 8 2 
103 193 187 178 173 168 163 159 155 148 145 142 133 131 129 118 117 116 111 110 109 108 107 106 105 104 102 101 100 99 98 90 89 88 77 75 73 64 61 58 51 47 43 38 33 28 25 19 12 5 
77 189 175 168 167 161 155 152 147 142 137 133 129 122 119 116 107 105 103 92 91 90 83 82 81 80 79 78 76 75 74 73 72 71 70 64 63 62 51 49 47 38 35 32 25 21 17 12 7 2 
78 190 182 176 169 162 156 153 148 143 138 134 130 123 120 117 108 106 104 93 92 91 83 82 81 80 79 77 76 75 74 73 72 71 70 65 64 63 52 50 48 39 36 33 26 22 18 13 8 3 
106 190 184 181 176 171 166 162 158 151 148 145 136 134 132 121 120 119 111 110 109 108 107 105 104 103 102 101 100 99 98 93 92 91 80 78 76 67 64 61 54 50 46 41 36 31 22 16 8 1 
117 192 187 182 177 173 169 162 159 156 147 145 143 132 131 130 125 124 123 122 121 120 119 118 116 115 114 113 112 104 103 102 91 89 87 78 75 72 65 61 57 52 47 42 39 33 26 19 13 5 
118 193 188 183 178 174 170 163 160 157 148 146 144 133 132 131 125 124 123 122 121 120 119 117 116 115 114 113 112 105 104 103 92 90 88 79 76 73 66 62 58 53 48 43 40 34 28 27 20 6 
119 194 189 184 179 175 171 164 161 158 149 147 145 134 133 132 125 124 123 122 121 120 118 117 116 115 114 113 112 106 105 104 93 91 89 80 77 74 67 63 59 54 49 44 41 35 29 21 14 7 
120 195 190 185 180 176 172 165 162 159 150 148 146 135 134 133 125 124 123 122 121 119 118 117 116 115 114 113 112 107 106 105 94 92 90 81 78 75 68 64 60 55 50 45 36 30 22 15 8 0 
60 195 186 180 172 165 158 150 144 135 130 120 116 112 105 102 99 90 88 86 75 74 73 69 68 67 66 65 64 63 62 61 59 58 57 56 47 46 45 34 32 30 21 18 15 8 4 0 
93 191 184 177 171 163 158 153 149 145 138 135 132 123 121 119 108 107 106 97 96 95 94 92 91 90 89 88 87 86 85 84 80 79 78 67 65 63 54 51 48 41 37 33 23 18 9 3 
102 192 186 177 172 162 158 154 147 144 141 132 130 128 117 116 115 111 110 109 108 107 106 105 104 103 101 100 99 98 89 88 87 76 74 72 63 60 57 50 46 42 37 32 24 18 11 4 
61 187 181 173 166 159 151 145 136 131 126 121 117 113 106 103 100 91 89 87 76 75 74 69 68 67 66 65 64 63 62 60 59 58 57 56 48 47 46 35 33 31 22 19 16 9 5 1 
62 188 174 167 160 152 146 140 137 132 127 122 118 114 107 104 101 92 90 88 77 76 75 69 68 67 66 65 64 63 61 60 59 58 57 56 49 48 47 36 34 32 23 20 17 10 6 2 
63 189 175 161 154 153 147 141 138 133 128 123 119 115 108 105 102 93 91 89 78 77 76 69 68 67 66 65 64 62 61 60 59 58 57 56 50 49 48 37 35 33 24 21 18 11 7 3 
79 191 183 177 170 163 157 149 144 139 135 131 124 121 118 109 107 105 94 93 92 83 82 81 80 78 77 76 75 74 73 72 71 70 66 65 64 53 51 49 40 37 34 27 23 19 9 4 
107 191 185 177 172 167 163 159 152 149 146 137 135 133 122 121 120 111 110 109 108 106 105 104 103 102 101 100 99 98 94 93 92 81 79 77 68 65 62 55 51 47 37 32 23 17 9 2 
116 191 186 176 172 168 161 158 155 146 144 142 131 130 129 125 124 123 122 121 120 119 118 117 115 114 113 112 103 102 101 90 88 86 77 74 71 64 60 56 51 46 38 32 25 18 12 4 
88 193 186 178 172 163 158 148 144 140 133 130 127 118 116 114 103 102 101 97 96 95 94 93 92 91 90 89 87 86 85 84 75 74 73 62 60 58 49 46 43 36 32 28 23 18 10 4 
64 190 176 168 162 155 148 142 139 134 129 124 120 116 109 106 103 94 92 90 79 78 77 69 68 67 66 65 63 62 61 60 59 58 57 56 51 50 49 38 36 34 25 22 19 12 8 4 
65 191 182 177 169 163 156 149 143 135 130 125 121 117 110 107 104 95 93 91 80 79 78 69 68 67 66 64 63 62 61 60 59 58 57 56 52 51 50 39 37 35 26 23 20 13 9 5 
74 194 186 179 172 164 158 149 144 134 130 126 119 116 113 104 102 100 89 88 87 83 82 81 80 79 78 77 76 75 73 72 71 70 61 60 59 48 46 44 35 32 29 22 18 14 9 4 
121 191 186 181 177 173 166 163 160 151 149 147 136 135 134 125 124 123 122 120 119 118 117 116 115 114 113 112 108 107 106 95 93 91 82 79 76 69 65 61 51 46 37 31 23 16 9 1 
130 190 186 182 175 172 169 160 158 156 145 144 143 139 138 137 136 135 134 133 132 131 129 128 127 126 117 116 115 104 102 100 91 88 85 78 74 70 65 60 52 46 39 32 26 18 13 4 
131 191 187 183 176 173 170 161 159 157 146 145 144 139 138 137 136 135 134 133 132 130 129 128 127 126 118 117 116 105 103 101 92 89 86 79 75 71 66 61 56 53 47 40 33 27 19 5 
132 192 188 184 177 174 171 162 160 158 147 146 145 139 138 137 136 135 134 133 131 130 129 128 127 126 119 118 117 106 104 102 93 90 87 80 76 72 67 62 57 54 48 42 41 34 20 6 
133 193 189 185 178 175 172 163 161 159 148 147 146 139 138 137 136 135 134 132 131 130 129 128 127 126 120 119 118 107 105 103 94 91 88 81 77 73 68 63 58 55 49 43 35 28 21 7 
134 194 190 186 179 176 173 164 162 160 149 148 147 139 138 137 136 135 133 132 131 130 129 128 127 126 121 120 119 108 106 104 95 92 89 82 78 74 69 64 59 50 44 36 29 22 14 8 
135 195 191 187 180 177 174 165 163 161 150 149 148 139 138 137 136 134 133 132 131 130 129 128 127 126 122 121 120 109 107 105 96 93 90 83 79 75 65 60 51 45 37 30 23 15 9 0 
46 186 181 172 166 158 151 144 136 130 121 116 106 102 98 91 88 85 76 74 72 61 60 59 55 54 53 52 51 50 49 48 47 45 44 43 42 33 32 31 20 18 16 7 4 1 
47 187 173 167 159 152 145 137 131 122 117 112 107 103 99 92 89 86 77 75 73 62 61 60 55 54 53 52 51 50 49 48 46 45 44 43 42 34 33 32 21 19 17 8 5 2 
80 192 184 178 171 164 158 150 145 136 132 125 122 119 110 108 106 95 94 93 83 82 81 79 78 77 76 75 74 73 72 71 70 67 66 65 54 52 50 41 38 35 24 20 10 5 
108 192 186 178 173 164 160 153 150 147 138 136 134 123 122 121 111 110 109 107 106 105 104 103 102 101 100 99 98 95 94 93 82 80 78 69 66 63 52 48 38 33 24 18 10 3 
115 190 185 175 171 160 157 154 145 143 141 130 129 128 125 124 123 122 121 120 119 118 117 116 114 113 112 102 101 100 89 87 85 76 73 70 63 59 50 45 37 31 24 17 11 3 
87 192 185 177 171 162 157 147 143 132 129 126 117 115 113 102 101 100 97 96 95 94 93 92 91 90 89 88 86 85 84 74 73 72 61 59 57 48 45 42 35 31 22 17 9 3 
48 188 174 160 153 146 138 132 126 123 118 113 108 104 100 93 90 87 78 76 74 63 62 61 55 54 53 52 51 50 49 47 46 45 44 43 42 35 34 33 22 20 18 9 6 3 
49 189 175 161 147 140 139 133 127 124 119 114 109 105 101 94 91 88 79 77 75 64 63 62 55 54 53 52 51 50 48 47 46 45 44 43 42 36 35 34 23 21 19 10 7 4 
50 190 176 162 154 148 141 134 128 125 120 115 110 106 102 95 92 89 80 78 76 65 64 63 55 54 53 52 51 49 48 47 46 45 44 43 42 37 36 35 24 22 20 11 8 5 
66 192 183 178 170 164 157 150 144 136 131 122 118 111 108 105 96 94 92 81 80 79 69 68 67 65 64 63 62 61 60 59 58 57 56 53 52 51 40 38 36 27 24 21 10 6 
73 193 185 178 171 163 157 148 143 133 129 118 115 112 103 101 99 88 87 86 83 82 81 80 79 78 77 76 75 74 72 71 70 60 59 58 47 45 43 34 31 28 21 17 8 3 
122 192 187 178 174 167 164 161 152 150 148 137 136 135 125 124 123 121 120 119 118 117 116 115 114 113 112 109 108 107 96 94 92 83 80 77 66 62 52 47 38 32 24 17 10 2 
129 189 185 174 171 168 159 157 155 144 143 142 139 138 137 136 135 134 133 132 131 130 128 127 126 116 115 114 103 101 99 90 87 84 77 73 64 59 51 45 38 31 25 17 12 3 
51 191 177 168 163 155 149 142 135 129 121 116 111 107 103 96 93 90 81 79 77 66 65 64 55 54 53 52 50 49 48 47 46 45 44 43 42 38 37 36 25 23 21 12 9 6 
94 192 185 178 172 164 159 150 146 139 136 133 124 122 120 109 108 107 97 96 95 93 92 91 90 89 88 87 86 85 84 81 80 79 68 66 64 55 52 49 38 34 24 19 10 4 
101 191 185 176 171 161 157 146 143 140 131 129 127 116 115 114 111 110 109 108 107 106 105 104 103 102 100 99 98 88 87 86 75 73 71 62 59 56 49 45 36 31 23 17 10 3 
52 192 182 178 169 164 156 150 143 136 130 122 117 108 104 97 94 91 82 80 78 67 66 65 55 54 53 51 50 49 48 47 46 45 44 43 42 39 38 37 26 24 22 13 10 7 
59 194 185 179 171 164 157 149 143 134 129 119 115 104 101 98 89 87 85 74 73 72 69 68 67 66 65 64 63 62 61 60 58 57 56 46 45 44 33 31 29 20 17 14 7 3 
45 195 185 180 171 165 157 150 143 135 129 120 115 105 101 90 87 84 75 73 71 60 59 58 55 54 53 52 51 50 49 48 47 46 44 43 42 32 31 30 19 17 15 6 3 0 
136 192 188 181 178 175 166 164 162 151 150 149 139 138 137 135 134 133 132 131 130 129 128 127 126 123 122 121 110 108 106 97 94 91 80 76 66 61 52 46 38 31 24 16 10 1 
143 188 185 182 173 171 169 158 157 156 153 152 151 150 149 148 147 146 145 144 142 141 140 130 129 128 117 115 113 104 101 98 91 87 78 73 65 59 52 45 39 31 26 17 13 3 
144 189 186 183 174 172 170 159 158 157 153 152 151 150 149 148 147 146 145 143 142 141 140 131 130 129 118 116 114 105 102 99 92 88 84 79 74 66 60 53 46 40 32 27 18 4 
145 190 187 184 175 173 171 160 159 158 153 152 151 150 149 148 147 146 144 143 142 141 140 132 131 130 119 117 115 106 103 100 93 89 85 80 75 70 67 61 54 47 41 33 19 5 
146 191 188 185 176 174 172 161 160 159 153 152 151 150 149 148 147 145 144 143 142 141 140 133 132 131 120 118 116 107 104 101 94 90 86 81 76 71 68 62 56 55 48 34 20 6 
147 192 189 186 177 175 173 162 161 160 153 152 151 150 149 148 146 145 144 143 142 141 140 134 133 132 121 119 117 108 105 102 95 91 87 82 77 72 69 63 57 49 42 35 21 7 
148 193 190 187 178 176 174 163 162 161 153 152 151 150 149 147 146 145 144 143 142 141 140 135 134 133 122 120 118 109 106 103 96 92 88 83 78 73 64 58 50 43 36 28 22 8 
149 194 191 188 179 177 175 164 163 162 153 152 151 150 148 147 146 145 144 143 142 141 140 136 135 134 123 121 119 110 107 104 97 93 89 79 74 65 59 51 44 37 29 23 14 9 
150 195 192 189 180 178 176 165 164 163 153 152 151 149 148 147 146 145 144 143 142 141 140 137 136 135 124 122 120 111 108 105 94 90 80 75 66 60 52 45 38 30 24 15 10 0 
32 186 172 167 158 152 144 137 130 122 116 107 102 92 88 84 77 74 71 62 60 58 47 46 45 41 40 39 38 37 36 35 34 33 31 30 29 28 19 18 17 6 4 2 
33 187 173 159 153 145 138 131 123 117 108 103 98 93 89 85 78 75 72 63 61 59 48 47 46 41 40 39 38 37 36 35 34 32 31 30 29 28 20 19 18 7 5 3 
34 188 174 160 146 139 132 124 118 112 109 104 99 94 90 86 79 76 73 64 62 60 49 48 47 41 40 39 38 37 36 35 33 32 31 30 29 28 21 20 19 8 6 4 
67 193 184 179 171 165 158 151 145 137 132 123 119 109 106 97 95 93 82 81 80 69 68 66 65 64 63 62 61 60 59 58 57 56 54 53 52 41 39 37 25 22 11 7 
72 192 184 177 170 162 156 147 142 132 128 117 114 102 100 98 87 86 85 83 82 81 80 79 78 77 76 75 74 73 71 70 59 58 57 46 44 42 33 30 20 16 7 2 
123 193 188 179 175 165 162 153 151 149 138 137 136 125 124 122 121 120 119 118 117 116 115 114 113 112 110 109 108 97 95 93 81 78 67 63 53 48 39 33 25 18 11 3 
128 188 184 173 170 158 156 154 143 142 141 139 138 137 136 135 134 133 132 131 130 129 127 126 115 114 113 102 100 98 89 86 76 72 63 58 50 44 37 30 24 16 11 2 
35 189 175 161 147 133 126 125 119 113 110 105 100 95 91 87 80 77 74 65 63 61 50 49 48 41 40 39 38 37 36 34 33 32 31 30 29 28 22 21 20 9 7 5 
95 193 186 179 173 165 160 151 147 137 134 125 123 121 110 109 108 97 96 94 93 92 91 90 89 88 87 86 85 84 82 81 80 69 67 65 53 50 39 35 25 20 11 5 
100 190 184 175 170 160 156 145 142 130 128 126 115 114 113 111 110 109 108 107 106 105 104 103 102 101 99 98 87 86 85 74 72 70 61 58 48 44 35 30 22 16 9 2 
36 190 176 162 148 140 134 127 120 114 111 106 101 96 92 88 81 78 75 66 64 62 51 50 49 41 40 39 38 37 35 34 33 32 31 30 29 28 23 22 21 10 8 6 
37 191 177 163 154 149 141 135 128 121 115 107 102 97 93 89 82 79 76 67 65 63 52 51 50 41 40 39 38 36 35 34 33 32 31 30 29 28 24 23 22 11 9 7 
53 193 183 179 170 165 157 151 144 137 131 123 118 109 105 95 92 83 81 79 68 67 66 55 54 52 51 50 49 48 47 46 45 44 43 42 40 39 38 27 25 23 11 8 
58 193 184 178 170 163 156 148 142 133 128 118 114 103 100 88 86 84 73 72 71 69 68 67 66 65 64 63 62 61 60 59 57 56 45 44 43 32 30 28 19 16 6 2 
38 192 178 168 164 155 150 142 136 129 122 116 108 103 94 90 83 80 77 68 66 64 53 52 51 41 40 39 37 36 35 34 33 32 31 30 29 28 25 24 23 12 10 8 
137 193 189 179 176 167 165 163 152 151 150 139 138 136 135 134 133 132 131 130 129 128 127 126 124 123 122 111 109 107 95 92 81 77 67 62 53 47 39 32 25 17 11 2 
142 187 184 172 170 168 157 156 155 153 152 151 150 149 148 147 146 145 144 143 141 140 129 128 127 116 114 112 103 100 90 86 77 72 64 58 51 44 38 30 25 16 12 2 
39 193 182 179 169 165 156 151 143 137 130 123 117 109 104 95 91 81 78 69 67 65 54 53 52 41 40 38 37 36 35 34 33 32 31 30 29 28 26 25 24 13 11 9 
44 194 184 179 170 164 156 149 142 134 128 119 114 104 100 89 86 74 72 70 59 58 57 55 54 53 52 51 50 49 48 47 46 45 43 42 31 30 29 18 16 14 5 2 
81 193 185 179 172 165 159 151 146 137 133 123 120 111 109 107 96 95 94 83 82 80 79 78 77 76 75 74 73 72 71 70 68 67 66 55 53 51 39 36 25 21 11 6 
109 193 187 179 174 165 161 151 148 139 137 135 124 123 122 111 110 108 107 106 105 104 103 102 101 100 99 98 96 95 94 83 81 79 67 64 53 49 39 34 25 19 11 4 
114 189 184 174 170 159 156 144 142 140 129 128 127 125 124 123 122 121 120 119 118 117 116 115 113 112 101 100 99 88 86 84 75 72 62 58 49 44 36 30 23 16 10 2 
86 191 184 176 170 161 156 146 142 131 128 116 114 112 101 100 99 97 96 95 94 93 92 91 90 89 88 87 85 84 73 72 71 60 58 56 47 44 34 30 21 16 8 2 
30 195 184 180 170 165 156 150 142 135 128 120 114 105 100 90 86 75 72 60 58 56 45 44 43 41 40 39 38 37 36 35 34 33 32 31 29 28 17 16 15 4 2 0 
31 185 181 171 166 157 151 143 136 129 121 115 106 101 91 87 76 73 70 61 59 57 46 45 44 41 40 39 38 37 36 35 34 33 32 30 29 28 18 17 16 5 3 1 
151 193 190 181 179 177 166 165 164 153 152 150 149 148 147 146 145 144 143 142 141 140 138 137 136 125 123 121 109 106 95 91 81 76 67 61 53 46 39 31 25 16 11 1 
156 186 184 182 171 170 169 167 166 165 164 163 162 161 160 159 158 157 155 154 143 142 141 130 128 126 117 114 104 100 91 86 78 72 65 58 52 44 39 30 26 16 13 2 
157 187 185 183 172 171 170 167 166 165 164 163 162 161 160 159 158 156 155 154 144 143 142 131 129 127 118 115 112 105 101 92 87 79 73 66 59 53 45 40 31 27 17 3 
158 188 186 184 173 172 171 167 166 165 164 163 162 161 160 159 157 156 155 154 145 144 143 132 130 128 119 116 113 106 102 98 93 88 80 74 67 60 54 46 41 32 18 4 
159 189 187 185 174 173 172 167 166 165 164 163 162 161 160 158 157 156 155 154 146 145 144 133 131 129 120 117 114 107 103 99 94 89 84 81 75 68 61 55 47 33 19 5 
160 190 188 186 175 174 173 167 166 165 164 163 162 161 159 158 157 156 155 154 147 146 145 134 132 130 121 118 115 108 104 100 95 90 85 82 76 70 69 62 48 34 20 6 
161 191 189 187 176 175 174 167 166 165 164 163 162 160 159 158 157 156 155 154 148 147 146 135 133 131 122 119 116 109 105 101 96 91 86 83 77 71 63 56 49 35 21 7 
162 192 190 188 177 176 175 167 166 165 164 163 161 160 159 158 157 156 155 154 149 148 147 136 134 132 123 120 117 110 106 102 97 92 87 78 72 64 57 50 42 36 22 8 
163 193 191 189 178 177 176 167 166 165 164 162 161 160 159 158 157 156 155 154 150 149 148 137 135 133 124 121 118 111 107 103 93 88 79 73 65 58 51 43 37 28 23 9 
164 194 192 190 179 178 177 167 166 165 163 162 161 160 159 158 157 156 155 154 151 150 149 138 136 134 125 122 119 108 104 94 89 80 74 66 59 52 44 38 29 24 14 10 
165 195 193 191 180 179 178 167 166 164 163 162 161 160 159 158 157 156 155 154 152 151 150 139 137 135 123 120 109 105 95 90 81 75 67 60 53 45 39 30 25 15 11 0 
18 186 172 158 153 144 138 130 123 116 108 102 93 88 78 74 70 63 60 57 48 46 44 33 32 31 27 26 25 24 23 22 21 20 19 17 16 15 14 5 4 3 
19 187 173 159 145 139 131 124 117 109 103 94 89 84 79 75 71 64 61 58 49 47 45 34 33 32 27 26 25 24 23 22 21 20 18 17 16 15 14 6 5 4 
20 188 174 160 146 132 125 118 110 104 98 95 90 85 80 76 72 65 62 59 50 48 46 35 34 33 27 26 25 24 23 22 21 19 18 17 16 15 14 7 6 5 
21 189 175 161 147 133 119 112 111 105 99 96 91 86 81 77 73 66 63 60 51 49 47 36 35 34 27 26 25 24 23 22 20 19 18 17 16 15 14 8 7 6 
54 194 184 180 171 166 158 152 145 138 132 124 119 110 106 96 93 82 80 69 68 67 55 53 52 51 50 49 48 47 46 45 44 43 42 41 40 39 26 24 12 9 
57 192 183 177 169 162 155 147 141 132 127 117 113 102 99 87 85 72 71 70 69 68 67 66 65 64 63 62 61 60 59 58 56 44 43 42 31 29 18 15 5 1 
22 190 176 162 148 134 126 120 113 106 100 97 92 87 82 78 74 67 64 61 52 50 48 37 36 35 27 26 25 24 23 21 20 19 18 17 16 15 14 9 8 7 
138 194 190 180 177 166 164 153 152 151 139 137 136 135 134 133 132 131 130 129 128 127 126 125 124 123 110 108 96 93 82 78 68 63 54 48 40 33 26 18 12 3 
141 186 183 171 169 156 155 154 153 152 151 150 149 148 147 146 145 144 143 142 140 128 127 126 115 113 102 99 89 85 76 71 63 57 50 43 37 29 24 15 11 1 
23 191 177 163 149 140 135 127 121 114 107 101 93 88 83 79 75 68 65 62 53 51 49 38 37 36 27 26 25 24 22 21 20 19 18 17 16 15 14 10 9 8 
24 192 178 164 154 150 141 136 128 122 115 108 102 94 89 80 76 69 66 63 54 52 50 39 38 37 27 26 25 23 22 21 20 19 18 17 16 15 14 11 10 9 
82 194 186 180 173 166 160 152 147 138 134 124 121 110 108 97 96 95 83 81 80 79 78 77 76 75 74 73 72 71 70 69 68 67 54 52 40 37 26 22 12 7 
110 194 188 180 175 166 162 152 149 138 136 125 124 123 111 109 108 107 106 105 104 103 102 101 100 99 98 97 96 95 82 80 68 65 54 50 40 35 26 20 12 5 
113 188 183 173 169 158 155 143 141 128 127 126 125 124 123 122 121 120 119 118 117 116 115 114 112 100 99 98 87 85 74 71 61 57 48 43 35 29 22 15 9 1 
85 190 183 175 169 160 155 145 141 130 127 115 113 100 99 98 97 96 95 94 93 92 91 90 89 88 87 86 84 72 71 70 59 57 46 43 33 29 20 15 7 1 
40 194 183 180 170 166 157 152 144 138 131 124 118 110 105 96 92 82 79 68 66 55 54 53 41 39 38 37 36 35 34 33 32 31 30 29 28 27 26 25 12 10 
43 193 183 178 169 163 155 148 141 133 127 118 113 103 99 88 85 73 71 58 57 56 55 54 53 52 51 50 49 48 47 46 45 44 42 30 29 28 17 15 4 1 
25 193 179 168 165 155 151 142 137 129 123 116 109 103 95 90 81 77 67 64 55 53 51 40 39 38 27 26 24 23 22 21 20 19 18 17 16 15 14 12 11 10 
26 194 182 180 169 166 156 152 143 138 130 124 117 110 104 96 91 82 78 68 65 54 52 41 40 39 27 25 24 23 22 21 20 19 18 17 16 15 14 13 12 11 
152 194 191 180 178 167 166 165 153 151 150 149 148 147 146 145 144 143 142 141 140 139 138 137 124 122 110 107 96 92 82 77 68 62 54 47 40 32 26 17 12 2 
155 185 183 170 169 168 167 166 165 164 163 162 161 160 159 158 157 156 154 142 141 140 129 127 116 113 103 99 90 85 77 71 64 57 51 43 38 29 25 15 12 1 
29 194 183 179 169 164 155 149 141 134 127 119 113 104 99 89 85 74 71 59 57 44 43 42 41 40 39 38 37 36 35 34 33 32 31 30 28 16 15 14 3 1 
15 195 183 180 169 165 155 150 141 135 127 120 113 105 99 90 85 75 71 60 57 45 43 30 29 28 27 26 25 24 23 22 21 20 19 18 17 16 14 2 1 0 
16 184 181 170 166 156 151 142 136 128 121 114 106 100 91 86 76 72 61 58 46 44 42 31 30 29 27 26 25 24 23 22 21 20 19 18 17 15 14 3 2 1 
68 194 185 180 172 166 159 152 146 138 133 124 120 110 107 96 94 83 82 81 69 67 66 65 64 63 62 61 60 59 58 57 56 55 54 53 40 38 26 23 12 8 
71 191 183 176 169 161 155 146 141 131 127 116 113 101 99 86 85 84 83 82 81 80 79 78 77 76 75 74 73 72 70 58 57 56 45 43 32 29 19 15 6 1 
124 194 189 180 176 166 163 152 150 139 138 137 125 123 122 121 120 119 118 117 116 115 114 113 112 111 110 109 96 94 82 79 68 64 54 49 40 34 26 19 12 4 
127 187 183 172 169 157 155 142 141 140 139 138 137 136 135 134 133 132 131 130 129 128 126 114 113 112 101 99 88 85 75 71 62 57 49 43 36 29 23 15 10 1 
17 185 171 167 157 152 143 137 129 122 115 107 101 92 87 77 73 62 59 56 47 45 43 32 31 30 27 26 25 24 23 22 21 20 19 18 16 15 14 4 3 2 
96 194 187 180 174 166 161 152 148 138 135 124 122 111 110 109 97 95 94 93 92 91 90 89 88 87 86 85 84 83 82 81 68 66 54 51 40 36 26 21 12 6 
99 189 183 174 169 159 155 144 141 129 127 114 113 112 111 110 109 108 107 106 105 104 103 102 101 100 98 86 85 84 73 71 60 57 47 43 34 29 21 15 8 1 
166 194 192 181 180 179 167 165 164 163 162 161 160 159 158 157 156 155 154 153 152 151 138 136 124 121 110 106 96 91 82 76 68 61 54 46 40 31 26 16 12 1 
169 184 183 182 181 180 179 178 177 176 175 174 173 172 171 170 168 156 155 154 143 141 130 127 117 113 104 99 91 85 78 71 65 57 52 43 39 29 26 15 13 1 
170 185 184 183 181 180 179 178 177 176 175 174 173 172 171 169 168 157 156 155 144 142 140 131 128 118 114 105 100 92 86 79 72 66 58 53 44 40 30 27 16 2 
171 186 185 184 181 180 179 178 177 176 175 174 173 172 170 169 168 158 157 156 145 143 141 132 129 126 119 115 106 101 93 87 80 73 67 59 54 45 41 31 17 3 
172 187 186 185 181 180 179 178 177 176 175 174 173 171 170 169 168 159 158 157 146 144 142 133 130 127 120 116 112 107 102 94 88 81 74 68 60 55 46 32 18 4 
173 188 187 186 181 180 179 178 177 176 175 174 172 171 170 169 168 160 159 158 147 145 143 134 131 128 121 117 113 108 103 98 95 89 82 75 69 61 47 33 19 5 
174 189 188 187 181 180 179 178 177 176 175 173 172 171 170 169 168 161 160 159 148 146 144 135 132 129 122 118 114 109 104 99 96 90 84 83 76 62 48 34 20 6 
175 190 189 188 181 180 179 178 177 176 174 173 172 171 170 169 168 162 161 160 149 147 145 136 133 130 123 119 115 110 105 100 97 91 85 77 70 63 49 35 21 7 
176 191 190 189 181 180 179 178 177 175 174 173 172 171 170 169 168 163 162 161 150 148 146 137 134 131 124 120 116 111 106 101 92 86 78 71 64 56 50 36 22 8 
177 192 191 190 181 180 179 178 176 175 174 173 172 171 170 169 168 164 163 162 151 149 147 138 135 132 125 121 117 107 102 93 87 79 72 65 57 51 42 37 23 9 
178 193 192 191 181 180 179 177 176 175 174 173 172 171 170 169 168 165 164 163 152 150 148 139 136 133 122 118 108 103 94 88 80 73 66 58 52 43 38 28 24 10 
179 194 193 192 181 180 178 177 176 175 174 173 172 171 170 169 168 166 165 164 153 151 149 137 134 123 119 109 104 95 89 81 74 67 59 53 44 39 29 25 14 11 
180 195 194 193 181 179 178 177 176 175 174 173 172 171 170 169 168 167 166 165 152 150 138 135 124 120 110 105 96 90 82 75 68 60 54 45 40 30 26 15 12 0 
111 195 189 181 176 167 163 153 150 139 137 125 124 110 109 108 107 106 105 104 103 102 101 100 99 98 97 96 83 81 69 66 55 51 41 36 27 21 13 6 
112 187 182 172 168 157 154 142 140 127 126 125 124 123 122 121 120 119 118 117 116 115 114 113 99 98 86 84 73 70 60 56 47 42 34 28 21 14 8 0 
84 189 182 174 168 159 154 144 140 129 126 114 112 99 98 97 96 95 94 93 92 91 90 89 88 87 86 85 71 70 58 56 45 42 32 28 19 14 6 0 
7 189 175 161 147 133 119 105 98 97 91 85 82 77 72 67 63 59 52 49 46 37 35 33 22 21 20 13 12 11 10 9 8 6 5 4 3 2 1 0 
8 190 176 162 148 134 120 112 106 99 92 86 83 78 73 68 64 60 53 50 47 38 36 34 23 22 21 13 12 11 10 9 7 6 5 4 3 2 1 0 
41 195 184 181 171 167 158 153 145 139 132 125 119 111 106 97 93 83 80 69 67 55 54 40 39 38 37 36 35 34 33 32 31 30 29 28 27 26 13 11 
42 192 182 177 168 162 154 147 140 132 126 117 112 102 98 87 84 72 70 57 56 55 54 53 52 51 50 49 48 47 46 45 44 43 29 28 16 14 3 0 
9 191 177 163 149 135 126 121 113 107 100 93 87 79 74 69 65 61 54 51 48 39 37 35 24 23 22 13 12 11 10 8 7 6 5 4 3 2 1 0 
10 192 178 164 150 140 136 127 122 114 108 101 94 88 80 75 66 62 55 52 49 40 38 36 25 24 23 13 12 11 9 8 7 6 5 4 3 2 1 0 
153 195 192 181 179 167 166 152 151 150 149 148 147 146 145 144 143 142 141 140 139 138 125 123 111 108 97 93 83 78 69 63 55 48 41 33 27 18 13 3 
154 184 182 169 168 167 166 165 164 163 162 161 160 159 158 157 156 155 141 140 128 126 115 112 102 98 89 84 76 70 63 56 50 42 37 28 24 14 11 0 
11 193 179 165 154 151 141 137 128 123 115 109 102 95 89 81 76 67 63 53 50 41 39 37 26 25 24 13 12 10 9 8 7 6 5 4 3 2 1 0 
27 195 183 181 170 167 157 153 144 139 131 125 118 111 105 97 92 83 79 69 66 55 53 41 40 26 25 24 23 22 21 20 19 18 17 16 15 14 13 12 
28 193 182 178 168 163 154 148 140 133 126 118 112 103 98 88 84 73 70 58 56 43 42 41 40 39 38 37 36 35 34 33 32 31 30 29 15 14 2 0 
69 195 186 181 173 167 160 153 147 139 134 125 121 111 108 97 95 83 82 68 67 66 65 64 63 62 61 60 59 58 57 56 55 54 41 39 27 24 13 9 
70 190 182 175 168 160 154 145 140 130 126 115 112 100 98 85 84 83 82 81 80 79 78 77 76 75 74 73 72 71 57 56 44 42 31 28 18 14 5 0 
125 195 190 181 177 167 164 153 151 139 138 124 123 122 121 120 119 118 117 116 115 114 113 112 111 110 97 95 83 80 69 65 55 50 41 35 27 20 13 5 
126 186 182 171 168 156 154 141 140 139 138 137 136 135 134 133 132 131 130 129 128 127 113 112 100 98 87 84 74 70 61 56 48 42 35 28 22 14 9 0 
12 194 180 168 166 155 152 142 138 129 124 116 110 103 96 90 82 77 68 64 54 51 40 38 27 26 25 13 11 10 9 8 7 6 5 4 3 2 1 0 
97 195 188 181 175 167 162 153 149 139 136 125 123 111 110 96 95 94 93 92 91 90 89 88 87 86 85 84 83 82 69 67 55 52 41 37 27 22 13 7 
98 188 182 173 168 158 154 143 140 128 126 113 112 111 110 109 108 107 106 105 104 103 102 101 100 99 85 84 72 70 59 56 46 42 33 28 20 14 7 0 
13 195 182 181 169 167 156 153 143 139 130 125 117 111 104 97 91 83 78 69 65 55 52 41 39 27 26 12 11 10 9 8 7 6 5 4 3 2 1 0 
14 194 182 179 168 164 154 149 140 134 126 119 112 104 98 89 84 74 70 59 56 44 42 29 28 27 26 25 24 23 22 21 20 19 18 17 16 15 1 0 
167 195 193 181 180 166 165 164 163 162 161 160 159 158 157 156 155 154 153 152 139 137 125 122 111 107 97 92 83 77 69 62 55 47 41 32 27 17 13 2 
168 183 182 181 180 179 178 177 176 175 174 173 172 171 170 169 155 154 142 140 129 126 116 112 103 98 90 84 77 70 64 56 51 42 38 28 25 14 12 0 
0 195 182 180 168 165 154 150 140 135 126 120 112 105 98 90 84 75 70 60 56 45 42 30 28 15 14 13 12 11 10 9 8 7 6 5 4 3 2 1 
1 183 181 169 166 155 151 141 136 127 121 113 106 99 91 85 76 71 61 57 46 43 31 29 16 15 14 13 12 11 10 9 8 7 6 5 4 3 2 0 
2 184 170 167 156 152 142 137 128 122 114 107 100 92 86 77 72 62 58 47 44 32 30 28 17 16 15 13 12 11 10 9 8 7 6 5 4 3 1 0 
3 185 171 157 153 143 138 129 123 115 108 101 93 87 78 73 63 59 48 45 42 33 31 29 18 17 16 13 12 11 10 9 8 7 6 5 4 2 1 0 
55 195 185 181 172 167 159 153 146 139 133 125 120 111 107 97 94 83 81 69 68 54 53 52 51 50 49 48 47 46 45 44 43 42 41 40 27 25 13 10 
56 191 182 176 168 161 154 146 140 131 126 116 112 101 98 86 84 71 70 69 68 67 66 65 64 63 62 61 60 59 58 57 43 42 30 28 17 14 4 0 
4 186 172 158 144 139 130 124 116 109 102 94 88 79 74 64 60 56 49 46 43 34 32 30 19 18 17 13 12 11 10 9 8 7 6 5 3 2 1 0 
139 195 191 181 178 167 165 153 152 138 137 136 135 134 133 132 131 130 129 128 127 126 125 124 111 109 97 94 83 79 69 64 55 49 41 34 27 19 13 4 
140 185 182 170 168 155 154 153 152 151 150 149 148 147 146 145 144 143 142 141 127 126 114 112 101 98 88 84 75 70 62 56 49 42 36 28 23 14 10 0 
5 187 173 159 145 131 125 117 110 103 95 89 80 75 70 65 61 57 50 47 44 35 33 31 20 19 18 13 12 11 10 9 8 7 6 4 3 2 1 0 
6 188 174 160 146 132 118 111 104 96 90 84 81 76 71 66 62 58 51 48 45 36 34 32 21 20 19 13 12 11 10 9 8 7 5 4 3 2 1 0 
83 195 187 181 174 167 161 153 148 139 135 125 122 111 109 97 96 82 81 80 79 78 77 76 75 74 73 72 71 70 69 68 55 53 41 38 27 23 13 8 
181 195 194 180 179 178 177 176 175 174 173 172 171 170 169 168 167 166 153 151 139 136 125 121 111 106 97 91 83 76 69 61 55 46 41 31 27 16 13 1 
182 195 194 193 192 191 190 189 188 187 186 185 184 183 169 168 156 154 143 140 130 126 117 112 104 98 91 84 78 70 65 56 52 42 39 28 26 14 13 0 
183 195 194 193 192 191 190 189 188 187 186 185 184 182 170 169 168 157 155 144 141 131 127 118 113 105 99 92 85 79 71 66 57 53 43 40 29 27 15 1 
184 195 194 193 192 191 190 189 188 187 186 185 183 182 171 170 169 158 156 154 145 142 132 128 119 114 106 100 93 86 80 72 67 58 54 44 41 30 16 2 
185 195 194 193 192 191 190 189 188 187 186 184 183 182 172 171 170 159 157 155 146 143 140 133 129 120 115 107 101 94 87 81 73 68 59 55 45 31 17 3 
186 195 194 193 192 191 190 189 188 187 185 184 183 182 173 172 171 160 158 156 147 144 141 134 130 126 121 116 108 102 95 88 82 74 69 60 46 32 18 4 
187 195 194 193 192 191 190 189 188 186 185 184 183 182 174 173 172 161 159 157 148 145 142 135 131 127 122 117 112 109 103 96 89 83 75 61 47 33 19 5 
188 195 194 193 192 191 190 189 187 186 185 184 183 182 175 174 173 162 160 158 149 146 143 136 132 128 123 118 113 110 104 98 97 90 76 62 48 34 20 6 
189 195 194 193 192 191 190 188 187 186 185 184 183 182 176 175 174 163 161 159 150 147 144 137 133 129 124 119 114 111 105 99 91 84 77 63 49 35 21 7 
190 195 194 193 192 191 189 188 187 186 185 184 183 182 177 176 175 164 162 160 151 148 145 138 134 130 125 120 115 106 100 92 85 78 70 64 50 36 22 8 
191 195 194 193 192 190 189 188 187 186 185 184 183 182 178 177 176 165 163 161 152 149 146 139 135 131 121 116 107 101 93 86 79 71 65 56 51 37 23 9 
192 195 194 193 191 190 189 188 187 186 185 184 183 182 179 178 177 166 164 162 153 150 147 136 132 122 117 108 102 94 87 80 72 66 57 52 42 38 24 10 
193 195 194 192 191 190 189 188 187 186 185 184 183 182 180 179 178 167 165 163 151 148 137 133 123 118 109 103 95 88 81 73 67 58 53 43 39 28 25 11 
194 195 193 192 191 190 189 188 187 186 185 184 183 182 181 180 179 166 164 152 149 138 134 124 119 110 104 96 89 82 74 68 59 54 44 40 29 26 14 12 
195 194 193 192 191 190 189 188 187 186 185 184 183 182 181 180 167 165 153 150 139 135 125 120 111 105 97 90 83 75 69 60 55 45 41 30 27 15 13 0 

