70 210 207 206 205 202 201 200 199 198 197 196 194 192 190 189 183 182 181 180 179 178 177 176 175 174 173 171 165 163 162 161 160 159 158 148 145 144 141 140 139 134 133 131 128 125 123 120 113 112 105 96 94 91 89 87 83 80 78 77 76 75 74 73 72 71 61 60 59 58 56 55 53 50 47 46 44 42 40 35 32 31 30 29 28 27 26 25 24 23 22 21 20 19 18 16 15 14 13 12 11 10 9 8 7 6 5 4 3 2 1 0 
71 210 207 206 205 202 201 200 199 198 197 196 194 192 190 189 183 182 181 180 179 178 177 176 175 174 173 171 165 163 162 161 160 159 158 148 145 144 141 140 139 134 133 131 128 125 123 120 113 112 105 96 94 91 89 87 83 80 78 77 76 75 74 73 72 70 61 60 59 58 56 55 53 50 47 46 44 42 40 35 32 31 30 29 28 27 26 25 24 23 22 21 20 19 16 15 14 13 12 11 10 9 8 7 6 5 4 3 2 1 0 
2 210 207 206 205 202 201 200 199 198 197 196 194 192 190 189 183 182 181 180 179 178 177 176 175 174 173 171 165 163 162 161 160 159 158 148 145 144 141 140 139 134 133 131 128 125 123 120 113 112 105 102 96 94 91 89 87 86 85 83 82 80 79 78 77 76 75 74 73 72 71 70 69 68 67 66 65 64 63 62 61 60 59 58 56 55 53 50 47 46 44 42 40 35 32 15 14 13 12 11 10 9 8 7 6 5 4 3 1 0 
10 210 207 206 205 202 201 200 199 198 197 196 194 192 190 189 183 182 181 180 179 178 177 176 175 174 173 171 165 163 162 161 160 159 158 148 145 144 141 140 139 134 133 131 128 125 123 120 113 112 105 102 96 94 91 89 87 86 85 83 82 80 79 78 77 76 75 74 73 72 71 70 69 68 67 66 65 64 63 62 61 60 59 58 56 55 53 50 47 46 44 42 40 35 32 15 14 13 12 11 9 8 7 6 5 4 3 2 1 0 
11 210 207 206 205 202 201 200 199 198 197 196 194 192 190 189 183 182 181 180 179 178 177 176 175 174 173 171 165 163 162 161 160 159 158 148 145 144 141 140 139 134 133 131 128 125 123 120 113 112 105 102 96 94 91 89 87 86 85 83 82 80 79 78 77 76 75 74 73 72 71 70 69 68 67 66 65 64 63 62 61 60 59 58 56 55 53 50 47 46 44 42 40 35 32 15 14 13 12 10 9 8 7 6 5 4 3 2 1 0 
12 210 207 206 205 202 201 200 199 198 197 196 194 192 190 189 183 182 181 180 179 178 177 176 175 174 173 171 165 163 162 161 160 159 158 148 145 144 141 140 139 134 133 131 128 125 123 120 113 112 105 102 96 94 91 89 87 86 85 83 82 80 79 78 77 76 75 74 73 72 71 70 69 68 67 66 65 64 63 62 61 60 59 58 56 55 53 50 47 46 44 42 40 35 32 15 14 13 11 10 9 8 7 6 5 4 3 2 1 0 
13 210 207 206 205 202 201 200 199 198 197 196 194 192 190 189 183 182 181 180 179 178 177 176 175 174 173 171 165 163 162 161 160 159 158 148 145 144 141 140 139 134 133 131 128 125 123 120 113 112 105 102 96 94 91 89 87 86 85 83 82 80 79 78 77 76 75 74 73 72 71 70 69 68 67 66 65 64 63 62 61 60 59 58 56 55 53 50 47 46 44 42 40 35 32 15 14 12 11 10 9 8 7 6 5 4 3 2 1 0 
14 210 207 206 205 202 201 200 199 198 197 196 194 192 190 189 183 182 181 180 179 178 177 176 175 174 173 171 165 163 162 161 160 159 158 148 145 144 141 140 139 134 133 131 128 125 123 120 113 112 105 102 96 94 91 89 87 86 85 83 82 80 79 78 77 76 75 74 73 72 71 70 69 68 67 66 65 64 63 62 61 60 59 58 56 55 53 50 47 46 44 42 40 35 32 15 13 12 11 10 9 8 7 6 5 4 3 2 1 0 
15 210 207 206 205 202 201 200 199 198 197 196 194 192 190 189 183 182 181 180 179 178 177 176 175 174 173 171 165 163 162 161 160 159 158 148 145 144 141 140 139 134 133 131 128 125 123 120 113 112 105 102 96 94 91 89 87 86 85 83 82 80 79 78 77 76 75 74 73 72 71 70 69 68 67 66 65 64 63 62 61 60 59 58 56 55 53 50 47 46 44 42 40 35 32 14 13 12 11 10 9 8 7 6 5 4 3 2 1 0 
16 210 207 206 205 202 201 200 199 198 197 196 194 192 190 189 183 182 181 180 179 178 177 176 175 174 173 171 165 163 162 161 160 159 158 148 145 144 141 140 139 134 133 131 128 125 123 120 113 112 105 102 96 94 91 89 87 86 85 83 82 80 79 78 77 76 75 74 73 72 71 70 69 68 67 66 65 64 63 62 61 60 59 58 56 55 53 50 47 46 44 42 40 35 32 31 30 29 28 27 26 25 24 23 22 21 20 19 18 17 
0 210 207 206 205 202 201 200 199 198 197 196 194 192 190 189 183 182 181 180 179 178 177 176 175 174 173 171 165 163 162 161 160 159 158 148 145 144 141 140 139 134 133 131 128 125 123 120 113 112 105 102 96 94 91 89 87 86 85 83 82 80 79 78 77 76 75 74 73 72 71 70 69 68 67 66 65 64 63 62 61 60 59 58 56 55 53 50 47 46 44 42 40 35 32 15 14 13 12 11 10 9 8 7 6 5 4 3 2 1 
1 210 207 206 205 202 201 200 199 198 197 196 194 192 190 189 183 182 181 180 179 178 177 176 175 174 173 171 165 163 162 161 160 159 158 148 145 144 141 140 139 134 133 131 128 125 123 120 113 112 105 102 96 94 91 89 87 86 85 83 82 80 79 78 77 76 75 74 73 72 71 70 69 68 67 66 65 64 63 62 61 60 59 58 56 55 53 50 47 46 44 42 40 35 32 15 14 13 12 11 10 9 8 7 6 5 4 3 2 0 
72 210 207 206 205 202 201 200 199 198 197 196 194 192 190 189 183 182 181 180 179 178 177 176 175 174 173 171 165 163 162 161 160 159 158 148 145 144 141 140 139 134 133 131 128 125 123 120 113 112 105 96 94 91 89 87 83 80 78 77 76 75 74 73 71 70 61 60 59 58 56 55 53 50 47 46 44 42 40 35 32 31 30 29 28 27 26 25 24 23 22 21 20 16 15 14 13 12 11 10 9 8 7 6 5 4 3 2 1 0 
73 210 207 206 205 202 201 200 199 198 197 196 194 192 190 189 183 182 181 180 179 178 177 176 175 174 173 171 165 163 162 161 160 159 158 148 145 144 141 140 139 134 133 131 128 125 123 120 113 112 105 96 94 91 89 87 83 80 78 77 76 75 74 72 71 70 61 60 59 58 56 55 53 50 47 46 44 42 40 35 32 31 30 29 28 27 26 25 24 23 22 21 16 15 14 13 12 11 10 9 8 7 6 5 4 3 2 1 0 
26 210 207 206 205 202 201 200 199 198 197 196 194 192 190 189 183 182 181 180 179 178 177 176 175 174 173 171 165 163 162 161 160 159 158 148 145 144 141 140 139 134 133 131 128 125 123 120 113 112 105 102 91 89 87 86 85 83 82 80 79 78 77 76 75 74 73 72 71 70 69 68 67 66 65 64 63 62 61 60 59 58 56 55 53 50 47 46 44 42 40 35 32 31 30 29 28 27 25 24 23 22 21 20 19 18 17 16 
74 210 207 206 205 202 201 200 199 198 197 196 194 192 190 189 183 182 181 180 179 178 177 176 175 174 173 171 165 163 162 161 160 159 158 148 145 144 141 140 139 134 133 131 128 125 123 120 113 112 105 96 94 91 89 87 83 80 78 77 76 75 73 72 71 70 61 60 59 58 56 55 53 50 47 46 44 42 40 35 32 31 30 29 28 27 26 25 24 23 22 16 15 14 13 12 11 10 9 8 7 6 5 4 3 2 1 0 
75 210 207 206 205 202 201 200 199 198 197 196 194 192 190 189 183 182 181 180 179 178 177 176 175 174 173 171 165 163 162 161 160 159 158 148 145 144 141 140 139 134 133 131 128 125 123 120 113 112 105 96 94 91 89 87 83 80 78 77 76 74 73 72 71 70 61 60 59 58 56 55 53 50 47 46 44 42 40 35 32 31 30 29 28 27 26 25 24 23 16 15 14 13 12 11 10 9 8 7 6 5 4 3 2 1 0 
76 210 207 206 205 202 201 200 199 198 197 196 194 192 190 189 183 182 181 180 179 178 177 176 175 174 173 171 165 163 162 161 160 159 158 148 145 144 141 140 139 134 133 131 128 125 123 120 113 112 105 96 94 91 89 87 83 80 78 77 75 74 73 72 71 70 61 60 59 58 56 55 53 50 47 46 44 42 40 35 32 31 30 29 28 27 26 25 24 16 15 14 13 12 11 10 9 8 7 6 5 4 3 2 1 0 
77 210 207 206 205 202 201 200 199 198 197 196 194 192 190 189 183 182 181 180 179 178 177 176 175 174 173 171 165 163 162 161 160 159 158 148 145 144 141 140 139 134 133 131 128 125 123 120 113 112 105 96 94 91 89 87 83 80 78 76 75 74 73 72 71 70 61 60 59 58 56 55 53 50 47 46 44 42 40 35 32 31 30 29 28 27 26 25 16 15 14 13 12 11 10 9 8 7 6 5 4 3 2 1 0 
78 210 207 206 205 202 201 200 199 198 197 196 194 192 190 189 183 182 181 180 179 178 177 176 175 174 173 171 165 163 162 161 160 159 158 148 145 144 141 140 139 134 133 131 128 125 123 120 113 112 105 96 94 91 89 87 83 80 77 76 75 74 73 72 71 70 61 60 59 58 56 55 53 50 47 46 44 42 40 35 32 31 30 29 28 27 26 16 15 14 13 12 11 10 9 8 7 6 5 4 3 2 1 0 
80 210 207 206 205 202 201 200 199 198 197 196 194 192 190 189 183 182 181 180 179 178 177 176 175 174 173 171 165 163 162 161 160 159 158 148 145 144 141 140 139 134 133 131 128 125 123 120 113 112 105 96 94 91 89 87 83 78 77 76 75 74 73 72 71 70 61 60 59 58 56 55 53 50 47 46 44 42 40 35 32 31 30 29 28 27 26 16 15 14 13 12 11 10 9 8 7 6 5 4 3 2 1 0 
83 210 207 206 205 202 201 200 199 198 197 196 194 192 190 189 183 182 181 180 179 178 177 176 175 174 173 171 165 163 162 161 160 159 158 148 145 144 141 140 139 134 133 131 128 125 123 120 113 112 105 96 94 91 89 87 80 78 77 76 75 74 73 72 71 70 61 60 59 58 56 55 53 50 47 46 44 42 40 35 32 31 30 29 28 27 26 16 15 14 13 12 11 10 9 8 7 6 5 4 3 2 1 0 
87 210 207 206 205 202 201 200 199 198 197 196 194 192 190 189 183 182 181 180 179 178 177 176 175 174 173 171 165 163 162 161 160 159 158 148 145 144 141 140 139 134 133 131 128 125 123 120 113 112 105 96 94 91 89 83 80 78 77 76 75 74 73 72 71 70 61 60 59 58 56 55 53 50 47 46 44 42 40 35 32 31 30 29 28 27 26 16 15 14 13 12 11 10 9 8 7 6 5 4 3 2 1 0 
89 210 207 206 205 202 201 200 199 198 197 196 194 192 190 189 183 182 181 180 179 178 177 176 175 174 173 171 165 163 162 161 160 159 158 148 145 144 141 140 139 134 133 131 128 125 123 120 113 112 105 96 94 91 87 83 80 78 77 76 75 74 73 72 71 70 61 60 59 58 56 55 53 50 47 46 44 42 40 35 32 31 30 29 28 27 26 16 15 14 13 12 11 10 9 8 7 6 5 4 3 2 1 0 
91 210 207 206 205 202 201 200 199 198 197 196 194 192 190 189 183 182 181 180 179 178 177 176 175 174 173 171 165 163 162 161 160 159 158 148 145 144 141 140 139 134 133 131 128 125 123 120 113 112 105 96 94 89 87 83 80 78 77 76 75 74 73 72 71 70 61 60 59 58 56 55 53 50 47 46 44 42 40 35 32 31 30 29 28 27 26 16 15 14 13 12 11 10 9 8 7 6 5 4 3 2 1 0 
9 210 207 206 205 202 201 200 199 198 197 196 194 192 190 189 183 182 181 180 179 178 177 176 175 174 173 171 165 163 162 161 160 159 158 148 145 144 141 140 139 134 133 131 128 125 123 120 113 112 105 96 94 91 89 87 83 80 78 77 76 75 74 73 72 71 70 67 66 65 64 63 62 61 60 59 58 56 55 53 50 47 46 44 42 40 35 32 15 14 13 12 11 10 8 7 6 5 4 3 2 1 0 
8 210 207 206 205 202 201 200 199 198 197 196 194 192 190 189 183 182 181 180 179 178 177 176 175 174 173 171 165 163 162 161 160 159 158 148 145 144 141 140 139 134 133 131 128 125 123 120 113 112 105 96 94 91 89 87 83 80 78 77 76 75 74 73 72 71 70 66 65 64 63 62 61 60 59 58 56 55 53 50 47 46 44 42 40 35 32 15 14 13 12 11 10 9 7 6 5 4 3 2 1 0 
35 210 207 206 205 202 201 200 199 198 197 196 194 192 190 189 183 182 181 180 179 178 177 176 175 174 173 171 165 163 162 161 160 159 158 148 145 144 141 140 139 134 133 131 128 125 123 120 113 112 105 91 89 87 83 80 78 77 76 75 74 73 72 71 70 61 60 59 58 56 55 53 50 47 46 44 42 40 32 31 30 29 28 27 26 16 15 14 13 12 11 10 9 8 7 6 5 4 3 2 1 0 
42 210 207 206 205 202 201 200 199 198 197 196 194 192 190 189 183 182 181 180 179 178 177 176 175 174 173 171 165 163 162 161 160 159 158 148 145 144 141 140 139 134 133 131 128 125 123 120 113 112 105 91 89 87 83 80 78 77 76 75 74 73 72 71 70 61 60 59 58 56 55 53 50 47 44 40 35 32 31 30 29 28 27 26 16 15 14 13 12 11 10 9 8 7 6 5 4 3 2 1 0 
53 210 207 206 205 202 201 200 199 198 197 196 194 192 190 189 183 182 181 180 179 178 177 176 175 174 173 171 165 163 162 161 160 159 158 148 145 144 141 140 139 134 133 131 128 125 123 120 113 112 105 91 89 87 83 80 78 77 76 75 74 73 72 71 70 61 60 59 58 56 55 50 47 44 42 40 35 32 31 30 29 28 27 26 16 15 14 13 12 11 10 9 8 7 6 5 4 3 2 1 0 
7 210 207 206 205 202 201 200 199 198 197 196 194 192 190 189 183 182 181 180 179 178 177 176 175 174 173 171 165 163 162 161 160 159 158 148 145 144 141 140 139 134 133 131 128 125 123 120 113 112 105 96 94 91 89 87 83 80 78 77 76 75 74 73 72 71 70 65 64 63 62 61 60 59 58 56 55 53 50 47 46 44 42 40 35 32 15 14 13 12 11 10 9 8 6 5 4 3 2 1 0 
40 210 207 206 205 202 201 200 199 198 197 196 194 192 190 189 183 182 181 180 179 178 177 176 175 174 173 171 165 163 162 161 160 159 158 148 145 144 141 140 139 134 133 131 128 125 123 120 113 112 105 91 89 87 83 80 78 77 76 75 74 73 72 71 70 61 60 59 58 56 55 53 50 47 44 42 35 32 31 30 29 28 27 26 16 15 14 13 12 11 10 9 8 7 6 5 4 3 2 1 0 
105 210 207 206 205 202 201 200 199 198 197 196 194 192 190 189 183 182 181 180 179 178 177 176 175 174 173 171 165 163 162 161 160 159 158 148 145 144 141 140 139 134 133 131 128 125 123 120 113 112 91 89 87 83 80 78 77 76 75 74 73 72 71 70 61 60 59 58 56 55 53 50 47 44 42 40 35 32 31 30 29 28 27 26 16 15 14 13 12 11 10 9 8 7 6 5 4 3 2 1 0 
6 210 207 206 205 202 201 200 199 198 197 196 194 192 190 189 183 182 181 180 179 178 177 176 175 174 173 171 165 163 162 161 160 159 158 148 145 144 141 140 139 134 133 131 128 125 123 120 113 112 105 96 94 91 89 87 83 80 78 77 76 75 74 73 72 71 70 64 63 62 61 60 59 58 56 55 53 50 47 46 44 42 40 35 32 15 14 13 12 11 10 9 8 7 5 4 3 2 1 0 
5 210 207 206 205 202 201 200 199 198 197 196 194 192 190 189 183 182 181 180 179 178 177 176 175 174 173 171 165 163 162 161 160 159 158 148 145 144 141 140 139 134 133 131 128 125 123 120 113 112 105 96 94 91 89 87 83 80 78 77 76 75 74 73 72 71 70 63 62 61 60 59 58 56 55 53 50 47 46 44 42 40 35 32 15 14 13 12 11 10 9 8 7 6 4 3 2 1 0 
4 210 207 206 205 202 201 200 199 198 197 196 194 192 190 189 183 182 181 180 179 178 177 176 175 174 173 171 165 163 162 161 160 159 158 148 145 144 141 140 139 134 133 131 128 125 123 120 113 112 105 96 94 91 89 87 83 80 78 77 76 75 74 73 72 71 70 62 61 60 59 58 56 55 53 50 47 46 44 42 40 35 32 15 14 13 12 11 10 9 8 7 6 5 3 2 1 0 
3 210 207 206 205 202 201 200 199 198 197 196 194 192 190 189 183 182 181 180 179 178 177 176 175 174 173 171 165 163 162 161 160 159 158 148 145 144 141 140 139 134 133 131 128 125 123 120 113 112 105 96 94 91 89 87 83 80 78 77 76 75 74 73 72 71 70 61 60 59 58 56 55 53 50 47 46 44 42 40 35 32 15 14 13 12 11 10 9 8 7 6 5 4 2 1 0 
44 210 207 206 205 202 201 200 199 198 197 196 194 192 190 189 179 178 177 176 175 174 173 171 165 163 162 161 160 159 158 148 145 144 141 140 139 134 133 131 128 125 123 120 113 112 105 91 89 87 83 80 78 77 76 75 74 73 72 71 70 61 60 59 58 56 55 53 50 47 42 40 35 32 31 30 29 28 27 26 16 15 14 13 12 11 10 9 8 7 6 5 4 3 2 1 0 
50 210 207 206 205 202 201 200 199 198 197 196 194 192 190 189 183 182 181 180 179 178 177 176 175 174 173 171 165 163 162 161 160 159 158 148 141 140 139 134 133 131 128 125 123 120 113 112 105 91 89 87 83 80 78 77 76 75 74 73 72 71 70 61 60 59 58 56 55 53 47 46 44 42 40 35 32 26 16 15 14 13 12 11 10 9 8 7 6 5 4 3 2 1 0 
58 207 206 205 202 201 200 199 198 197 196 194 192 190 189 183 182 181 180 179 178 177 176 175 174 173 171 165 163 162 161 160 159 158 148 145 144 141 140 139 131 123 112 105 91 89 87 83 80 78 77 76 75 74 73 72 71 70 61 56 55 53 50 47 44 42 40 35 32 31 30 29 28 27 26 16 15 14 13 12 11 10 9 8 7 6 5 4 3 2 1 0 
139 207 206 205 202 201 200 199 198 197 196 194 192 190 189 183 182 181 180 179 178 177 176 175 174 173 171 165 163 162 161 160 159 158 145 144 141 140 131 123 105 91 89 87 83 80 78 77 76 75 74 73 72 71 70 61 58 56 55 53 50 47 44 42 40 35 32 31 30 29 28 27 26 16 15 14 13 12 11 10 9 8 7 6 5 4 3 2 1 0 
61 207 206 205 202 201 200 199 198 197 196 194 192 190 189 183 182 181 180 179 178 177 176 175 174 173 171 165 163 162 161 160 159 158 145 144 141 140 139 134 133 131 128 123 105 91 89 87 83 80 78 77 76 75 74 73 72 71 70 60 58 56 55 53 50 47 44 42 40 35 32 26 16 15 14 13 12 11 10 9 8 7 6 5 4 3 2 1 0 
131 207 206 205 202 201 200 199 198 197 196 194 192 190 189 183 182 181 180 179 178 177 176 175 174 173 171 165 163 162 161 160 159 158 145 144 141 140 139 134 133 123 105 91 89 87 83 80 78 77 76 75 74 73 72 71 70 61 58 56 55 53 50 47 44 42 40 35 32 26 16 15 14 13 12 11 10 9 8 7 6 5 4 3 2 1 0 
123 207 206 205 202 201 200 199 198 197 196 194 192 190 189 179 178 177 176 175 174 173 171 165 163 162 161 160 159 158 141 140 139 134 133 131 128 125 105 91 89 87 83 80 78 77 76 75 74 73 72 71 70 61 60 59 58 56 55 53 50 47 44 42 40 35 32 26 16 15 14 13 12 11 10 9 8 7 6 5 4 3 2 1 0 
47 210 192 190 189 162 161 160 159 158 148 145 144 141 140 139 134 133 131 128 125 123 120 113 112 105 91 89 87 83 80 78 77 76 75 74 73 72 71 70 61 60 59 58 53 50 46 44 42 40 35 32 31 30 29 28 27 26 16 15 14 13 12 11 10 9 8 7 6 5 4 3 2 1 0 
32 210 162 161 160 159 158 148 145 144 141 140 139 134 133 131 128 125 123 120 113 112 105 91 89 87 83 80 78 77 76 75 74 73 72 71 70 61 60 59 58 53 50 47 46 44 42 40 35 31 30 29 28 27 26 16 15 14 13 12 11 10 9 8 7 6 5 4 3 2 1 0 
161 207 206 205 202 201 200 199 198 197 196 194 192 190 189 173 171 165 163 162 139 131 123 105 91 89 87 83 80 78 77 76 75 74 73 72 71 70 61 58 56 55 53 50 47 44 42 40 35 32 26 16 15 14 13 12 11 10 9 8 7 6 5 4 3 2 1 0 
56 183 182 181 180 179 178 177 176 175 174 173 171 161 139 131 123 105 91 89 87 83 80 78 77 76 75 74 73 72 71 70 61 58 55 53 50 44 42 40 35 26 16 15 14 13 12 11 10 9 8 7 6 5 4 3 2 1 0 
194 206 205 202 201 200 199 198 197 196 192 190 189 161 139 131 123 105 91 89 87 83 80 78 77 76 75 74 73 72 71 70 61 58 55 53 50 44 42 40 35 26 16 15 14 13 12 11 10 9 8 7 6 5 4 3 2 1 0 
190 202 201 200 199 198 197 196 194 192 189 161 139 131 123 105 91 89 87 83 80 78 77 76 75 74 73 72 71 70 61 58 55 53 50 47 44 42 40 35 26 16 15 14 13 12 11 10 9 8 7 6 5 4 3 2 1 0 
171 183 182 181 180 179 178 177 176 175 174 173 161 139 131 123 105 91 89 87 83 80 78 77 76 75 74 73 72 71 70 61 58 56 53 50 44 42 40 35 26 16 15 14 13 12 11 10 9 8 7 6 5 4 3 2 1 0 
189 200 199 198 197 196 194 192 190 161 139 131 123 105 91 89 87 83 80 78 77 76 75 74 73 72 71 70 61 58 53 50 47 44 42 40 35 26 16 15 14 13 12 11 10 9 8 7 6 5 4 3 2 1 0 
27 139 105 102 91 89 87 86 85 83 82 80 79 78 77 76 75 74 73 72 71 70 69 68 67 66 65 64 63 62 58 53 47 46 44 42 40 35 32 31 30 29 28 26 25 24 23 22 21 20 19 18 17 16 
28 139 105 102 91 89 87 86 85 83 82 80 79 78 77 76 75 74 73 72 71 70 69 68 67 66 65 64 63 62 58 53 47 46 44 42 40 35 32 31 30 29 27 26 25 24 23 22 21 20 19 18 17 16 
29 139 105 102 91 89 87 86 85 83 82 80 79 78 77 76 75 74 73 72 71 70 69 68 67 66 65 64 63 62 58 53 47 46 44 42 40 35 32 31 30 28 27 26 25 24 23 22 21 20 19 18 17 16 
55 207 206 205 200 194 190 163 161 139 131 123 105 91 89 87 83 80 78 77 76 75 74 73 72 71 70 61 58 56 53 50 44 42 40 35 26 16 15 14 13 12 11 10 9 8 7 6 5 4 3 2 1 0 
30 139 105 102 91 89 87 86 85 83 82 80 79 78 77 76 75 74 73 72 71 70 69 68 67 66 65 64 63 62 58 53 47 46 44 42 40 35 32 31 29 28 27 26 25 24 23 22 21 20 19 18 17 16 
192 199 198 197 196 194 190 189 161 139 131 123 105 91 89 87 83 80 78 77 76 75 74 73 72 71 70 61 58 53 50 47 44 42 40 35 26 16 15 14 13 12 11 10 9 8 7 6 5 4 3 2 1 0 
31 139 105 102 91 89 87 86 85 83 82 80 79 78 77 76 75 74 73 72 71 70 69 68 67 66 65 64 63 62 58 53 47 46 44 42 40 35 32 30 29 28 27 26 25 24 23 22 21 20 19 18 17 16 
200 205 202 201 199 194 190 189 161 139 131 123 105 91 89 87 83 80 78 77 76 75 74 73 72 71 70 61 58 55 53 50 44 42 40 35 26 16 15 14 13 12 11 10 9 8 7 6 5 4 3 2 1 0 
173 178 177 176 175 174 171 161 139 131 123 105 91 89 87 83 80 78 77 76 75 74 73 72 71 70 61 58 56 53 50 44 42 40 35 26 16 15 14 13 12 11 10 9 8 7 6 5 4 3 2 1 0 
199 201 200 194 192 190 189 161 139 131 123 105 91 89 87 83 80 78 77 76 75 74 73 72 71 70 61 58 53 50 44 42 40 35 26 16 15 14 13 12 11 10 9 8 7 6 5 4 3 2 1 0 
197 198 194 192 190 189 161 139 131 123 105 91 89 87 83 80 78 77 76 75 74 73 72 71 70 61 58 53 50 44 42 40 35 26 16 15 14 13 12 11 10 9 8 7 6 5 4 3 2 1 0 
198 197 194 192 190 189 161 139 131 123 105 91 89 87 83 80 78 77 76 75 74 73 72 71 70 61 58 53 50 44 42 40 35 26 16 15 14 13 12 11 10 9 8 7 6 5 4 3 2 1 0 
175 177 176 173 171 139 131 123 105 91 89 87 83 80 78 77 76 75 74 73 72 71 70 61 58 56 53 50 44 42 40 35 26 16 15 14 13 12 11 10 9 8 7 6 5 4 3 2 1 0 
196 194 192 190 189 161 139 131 123 105 91 89 87 83 80 78 77 76 75 74 73 72 71 70 61 58 53 50 44 42 40 35 26 16 15 14 13 12 11 10 9 8 7 6 5 4 3 2 1 0 
201 200 199 194 190 161 139 131 123 105 91 89 87 83 80 78 77 76 75 74 73 72 71 70 61 58 53 50 44 42 40 35 26 16 15 14 13 12 11 10 9 8 7 6 5 4 3 2 1 0 
176 175 173 171 139 131 123 105 91 89 87 83 80 78 77 76 75 74 73 72 71 70 61 58 56 53 50 44 42 40 35 26 16 15 14 13 12 11 10 9 8 7 6 5 4 3 2 1 0 
177 175 173 171 139 131 123 105 91 89 87 83 80 78 77 76 75 74 73 72 71 70 61 58 56 53 50 44 42 40 35 26 16 15 14 13 12 11 10 9 8 7 6 5 4 3 2 1 0 
202 200 194 190 161 139 131 123 105 91 89 87 83 80 78 77 76 75 74 73 72 71 70 61 58 53 50 44 42 40 35 26 16 15 14 13 12 11 10 9 8 7 6 5 4 3 2 1 0 
205 200 194 161 139 131 123 105 91 89 87 83 80 78 77 76 75 74 73 72 71 70 61 58 55 53 50 44 42 40 35 26 16 15 14 13 12 11 10 9 8 7 6 5 4 3 2 1 0 
206 207 194 161 139 131 123 105 91 89 87 83 80 78 77 76 75 74 73 72 71 70 61 58 55 53 50 44 42 40 35 26 16 15 14 13 12 11 10 9 8 7 6 5 4 3 2 1 0 
174 173 171 139 131 123 105 91 89 87 83 80 78 77 76 75 74 73 72 71 70 61 58 56 53 50 44 42 40 35 26 16 15 14 13 12 11 10 9 8 7 6 5 4 3 2 1 0 
162 161 139 131 123 105 91 89 87 83 80 78 77 76 75 74 73 72 71 70 61 58 53 50 47 44 42 40 35 32 26 16 15 14 13 12 11 10 9 8 7 6 5 4 3 2 1 0 
163 165 161 139 131 123 105 91 89 87 83 80 78 77 76 75 74 73 72 71 70 61 58 55 53 50 44 42 40 35 26 16 15 14 13 12 11 10 9 8 7 6 5 4 3 2 1 0 
159 158 139 131 123 105 91 89 87 83 80 78 77 76 75 74 73 72 71 70 61 58 53 50 47 44 42 40 35 32 26 16 15 14 13 12 11 10 9 8 7 6 5 4 3 2 1 0 
178 173 171 139 131 123 105 91 89 87 83 80 78 77 76 75 74 73 72 71 70 61 58 56 53 50 44 42 40 35 26 16 15 14 13 12 11 10 9 8 7 6 5 4 3 2 1 0 
158 159 139 131 123 105 91 89 87 83 80 78 77 76 75 74 73 72 71 70 61 58 53 50 47 44 42 40 35 32 26 16 15 14 13 12 11 10 9 8 7 6 5 4 3 2 1 0 
207 206 161 139 131 123 105 91 89 87 83 80 78 77 76 75 74 73 72 71 70 61 58 55 53 50 44 42 40 35 26 16 15 14 13 12 11 10 9 8 7 6 5 4 3 2 1 0 
165 163 161 139 131 123 105 91 89 87 83 80 78 77 76 75 74 73 72 71 70 61 58 53 50 44 42 40 35 26 16 15 14 13 12 11 10 9 8 7 6 5 4 3 2 1 0 
160 139 131 123 105 91 89 87 83 80 78 77 76 75 74 73 72 71 70 61 58 53 50 47 44 42 40 35 32 26 16 15 14 13 12 11 10 9 8 7 6 5 4 3 2 1 0 
141 139 131 123 105 91 89 87 83 80 78 77 76 75 74 73 72 71 70 61 58 53 50 47 44 42 40 35 32 26 16 15 14 13 12 11 10 9 8 7 6 5 4 3 2 1 0 
179 171 139 131 123 105 91 89 87 83 80 78 77 76 75 74 73 72 71 70 61 58 56 53 50 44 42 40 35 26 16 15 14 13 12 11 10 9 8 7 6 5 4 3 2 1 0 
60 128 125 123 105 91 89 87 83 80 78 77 76 75 74 73 72 71 70 61 59 53 50 47 44 42 40 35 32 26 16 15 14 13 12 11 10 9 8 7 6 5 4 3 2 1 0 
140 139 131 123 105 91 89 87 83 80 78 77 76 75 74 73 72 71 70 61 58 53 50 47 44 42 40 35 32 26 16 15 14 13 12 11 10 9 8 7 6 5 4 3 2 1 0 
59 125 123 105 91 89 87 83 80 78 77 76 75 74 73 72 71 70 60 53 50 47 44 42 40 35 32 26 16 15 14 13 12 11 10 9 8 7 6 5 4 3 2 1 0 
144 139 131 105 91 89 87 83 80 78 77 76 75 74 73 72 71 70 61 58 53 47 44 42 40 35 32 26 16 15 14 13 12 11 10 9 8 7 6 5 4 3 2 1 0 
145 139 131 105 91 89 87 83 80 78 77 76 75 74 73 72 71 70 61 58 53 47 44 42 40 35 32 26 16 15 14 13 12 11 10 9 8 7 6 5 4 3 2 1 0 
133 131 123 105 91 89 87 83 80 78 77 76 75 74 73 72 71 70 61 53 50 47 44 42 40 35 32 26 16 15 14 13 12 11 10 9 8 7 6 5 4 3 2 1 0 
180 171 139 131 105 91 89 87 83 80 78 77 76 75 74 73 72 71 70 61 58 56 53 50 42 40 35 26 16 15 14 13 12 11 10 9 8 7 6 5 4 3 2 1 0 
181 171 139 131 105 91 89 87 83 80 78 77 76 75 74 73 72 71 70 61 58 56 53 50 42 40 35 26 16 15 14 13 12 11 10 9 8 7 6 5 4 3 2 1 0 
182 171 139 131 105 91 89 87 83 80 78 77 76 75 74 73 72 71 70 61 58 56 53 50 42 40 35 26 16 15 14 13 12 11 10 9 8 7 6 5 4 3 2 1 0 
183 171 139 131 105 91 89 87 83 80 78 77 76 75 74 73 72 71 70 61 58 56 53 50 42 40 35 26 16 15 14 13 12 11 10 9 8 7 6 5 4 3 2 1 0 
134 131 123 105 91 89 87 83 80 78 77 76 75 74 73 72 71 70 61 53 50 47 44 42 40 35 32 26 16 15 14 13 12 11 10 9 8 7 6 5 4 3 2 1 0 
125 123 105 91 89 87 83 80 78 77 76 75 74 73 72 71 70 60 59 53 50 47 44 42 40 35 32 26 16 15 14 13 12 11 10 9 8 7 6 5 4 3 2 1 0 
128 123 105 91 89 87 83 80 78 77 76 75 74 73 72 71 70 61 60 53 50 47 44 42 40 35 32 26 16 15 14 13 12 11 10 9 8 7 6 5 4 3 2 1 0 
62 102 86 85 82 79 69 68 67 66 65 64 63 31 30 29 28 27 26 25 24 23 22 21 20 19 18 17 16 15 14 13 12 11 10 9 8 7 6 5 4 2 1 0 
46 96 94 91 89 87 83 80 78 77 76 75 74 73 72 71 70 50 47 35 32 31 30 29 28 27 26 16 15 14 13 12 11 10 9 8 7 6 5 4 3 2 1 0 
112 105 91 89 87 83 80 78 77 76 75 74 73 72 71 70 58 53 50 47 44 42 40 35 32 26 16 15 14 13 12 11 10 9 8 7 6 5 4 3 2 1 0 
63 102 86 85 82 79 69 68 67 66 65 64 62 31 30 29 28 27 26 25 24 23 22 21 20 19 18 17 16 15 14 13 12 11 10 9 8 7 6 5 2 1 0 
148 105 91 89 87 83 80 78 77 76 75 74 73 72 71 70 58 53 50 47 44 42 40 35 32 26 16 15 14 13 12 11 10 9 8 7 6 5 4 3 2 1 0 
64 102 86 85 82 79 69 68 67 66 65 63 62 31 30 29 28 27 26 25 24 23 22 21 20 19 18 17 16 15 14 13 12 11 10 9 8 7 6 2 1 0 
113 105 91 89 87 83 80 78 77 76 75 74 73 72 71 70 53 50 47 44 42 40 35 32 26 16 15 14 13 12 11 10 9 8 7 6 5 4 3 2 1 0 
120 105 91 89 87 83 80 78 77 76 75 74 73 72 71 70 53 50 47 44 42 40 35 32 26 16 15 14 13 12 11 10 9 8 7 6 5 4 3 2 1 0 
210 105 91 89 87 83 80 78 77 76 75 74 73 72 71 70 53 50 47 44 42 40 35 32 26 16 15 14 13 12 11 10 9 8 7 6 5 4 3 2 1 0 
65 102 86 85 82 79 69 68 67 66 64 63 62 31 30 29 28 27 26 25 24 23 22 21 20 19 18 17 16 15 14 13 12 11 10 9 8 7 2 1 0 
66 102 86 85 82 79 69 68 67 65 64 63 62 31 30 29 28 27 26 25 24 23 22 21 20 19 18 17 16 15 14 13 12 11 10 9 8 2 1 0 
67 102 86 85 82 79 69 68 66 65 64 63 62 31 30 29 28 27 26 25 24 23 22 21 20 19 18 17 16 15 14 13 12 11 10 9 2 1 0 
85 102 86 82 79 69 68 67 66 65 64 63 62 31 30 29 28 27 26 25 24 23 22 21 20 19 18 17 16 15 14 13 12 11 10 2 1 0 
86 102 85 82 79 69 68 67 66 65 64 63 62 31 30 29 28 27 26 25 24 23 22 21 20 19 18 17 16 15 14 13 12 11 10 2 1 0 
79 102 86 85 82 69 68 67 66 65 64 63 62 31 30 29 28 27 26 25 24 23 22 21 20 19 18 17 16 15 14 13 12 11 10 2 1 0 
69 102 86 85 82 79 68 67 66 65 64 63 62 31 30 29 28 27 26 25 24 23 22 21 20 19 18 17 16 15 14 13 12 11 10 2 1 0 
82 102 86 85 79 69 68 67 66 65 64 63 62 31 30 29 28 27 26 25 24 23 22 21 20 19 18 17 16 15 14 13 12 11 10 2 1 0 
102 86 85 82 79 69 68 67 66 65 64 63 62 31 30 29 28 27 26 25 24 23 22 21 20 19 18 17 16 15 14 13 12 11 10 2 1 0 
68 102 86 85 82 79 69 67 66 65 64 63 62 31 30 29 28 27 26 25 24 23 22 21 20 19 18 17 16 15 14 13 12 11 10 2 1 0 
25 102 86 85 82 79 77 76 75 74 73 72 71 70 69 68 67 66 65 64 63 62 31 30 29 28 27 26 24 23 22 21 20 19 18 17 16 
24 102 86 85 82 79 76 75 74 73 72 71 70 69 68 67 66 65 64 63 62 31 30 29 28 27 26 25 23 22 21 20 19 18 17 16 
23 102 86 85 82 79 75 74 73 72 71 70 69 68 67 66 65 64 63 62 31 30 29 28 27 26 25 24 22 21 20 19 18 17 16 
22 102 86 85 82 79 74 73 72 71 70 69 68 67 66 65 64 63 62 31 30 29 28 27 26 25 24 23 21 20 19 18 17 16 
21 102 86 85 82 79 73 72 71 70 69 68 67 66 65 64 63 62 31 30 29 28 27 26 25 24 23 22 20 19 18 17 16 
94 91 89 87 83 80 78 77 76 75 74 73 72 71 70 46 16 15 14 13 12 11 10 9 8 7 6 5 4 3 2 1 0 
96 91 89 87 83 80 78 77 76 75 74 73 72 71 70 46 16 15 14 13 12 11 10 9 8 7 6 5 4 3 2 1 0 
20 102 86 85 82 79 72 71 70 69 68 67 66 65 64 63 62 31 30 29 28 27 26 25 24 23 22 21 19 18 17 16 
19 102 86 85 82 79 71 70 69 68 67 66 65 64 63 62 31 30 29 28 27 26 25 24 23 22 21 20 18 17 16 
18 102 86 85 82 79 70 69 68 67 66 65 64 63 62 31 30 29 28 27 26 25 24 23 22 21 20 19 17 16 
17 102 86 85 82 79 69 68 67 66 65 64 63 62 31 30 29 28 27 26 25 24 23 22 21 20 19 18 16 
126 
127 
51 
129 
130 
52 
132 
84 
34 
135 
136 
137 
138 
54 
41 
88 
142 
143 
33 
90 
146 
147 
57 
149 
150 
151 
152 
153 
154 
155 
156 
157 
92 
93 
43 
95 
36 
97 
164 
98 
166 
167 
168 
169 
170 
99 
172 
100 
101 
45 
103 
104 
37 
106 
107 
108 
109 
110 
184 
185 
186 
187 
188 
111 
38 
191 
48 
193 
114 
195 
115 
116 
117 
118 
119 
49 
121 
203 
204 
122 
39 
124 
208 
209 
81 

