0 210 209 207 206 205 204 203 201 200 199 198 197 196 195 194 193 192 191 190 189 185 184 183 182 181 180 179 178 177 176 175 174 173 172 171 169 167 166 165 164 163 162 161 155 153 151 150 147 146 145 144 143 142 141 140 139 138 137 136 135 134 133 132 131 130 129 128 127 126 125 124 123 121 120 119 116 109 108 107 106 105 100 98 91 90 89 87 84 83 82 81 80 79 78 77 76 75 74 73 72 71 70 69 68 67 66 65 64 63 62 61 60 59 58 56 55 53 50 47 46 44 42 40 35 32 15 14 13 12 11 10 9 8 7 6 5 4 3 2 1 
1 210 209 207 206 205 204 203 201 200 199 198 197 196 195 194 193 192 191 190 189 185 184 183 182 181 180 179 178 177 176 175 174 173 172 171 169 167 166 165 164 163 162 161 155 153 151 150 147 146 145 144 143 142 141 140 139 138 137 136 135 134 133 132 131 130 129 128 127 126 125 124 123 121 120 119 116 109 108 107 106 105 100 98 91 90 89 87 84 83 82 81 80 79 78 77 76 75 74 73 72 71 70 69 68 67 66 65 64 63 62 61 60 59 58 56 55 53 50 47 46 44 42 40 35 32 15 14 13 12 11 10 9 8 7 6 5 4 3 2 0 
2 210 209 207 206 205 204 203 201 200 199 198 197 196 195 194 193 192 191 190 189 185 184 183 182 181 180 179 178 177 176 175 174 173 172 171 169 167 166 165 164 163 162 161 155 153 151 150 147 146 145 144 138 137 136 135 134 133 132 131 130 129 128 127 126 125 124 123 121 120 119 116 109 108 107 106 105 100 98 91 90 89 87 84 83 82 81 80 79 78 77 76 75 74 73 72 71 70 69 68 67 66 65 64 63 62 61 60 59 58 56 55 53 50 47 46 44 42 40 35 32 15 14 13 12 11 10 9 8 7 6 5 4 3 1 0 
3 210 209 207 206 205 204 203 201 200 199 198 197 196 195 194 193 192 191 190 189 185 184 183 182 181 180 179 178 177 176 175 174 173 172 171 169 167 166 165 164 163 162 161 155 153 151 150 147 146 145 144 138 137 136 135 134 133 132 131 130 129 128 127 126 125 124 123 121 120 119 116 109 108 107 106 105 100 98 91 90 89 87 84 81 79 77 76 75 74 73 72 71 70 69 60 59 58 56 55 53 50 47 46 44 42 40 35 32 15 14 13 12 11 10 9 8 7 6 5 4 2 1 0 
4 210 209 207 206 205 204 203 201 200 199 198 197 196 195 194 193 192 191 190 189 185 184 183 182 181 180 179 178 177 176 175 174 173 172 171 169 167 166 165 164 163 162 161 155 153 151 150 147 146 145 144 143 138 137 136 135 134 133 132 131 130 129 128 127 126 125 124 123 121 120 119 116 109 108 107 106 105 100 98 91 90 89 87 84 81 79 77 76 75 74 73 72 71 70 69 61 60 59 58 56 55 53 50 47 46 44 42 40 35 32 15 14 13 12 11 10 9 8 7 6 5 3 2 1 0 
5 210 209 207 206 205 204 203 201 200 199 198 197 196 195 194 193 192 191 190 189 185 184 183 182 181 180 179 178 177 176 175 174 173 172 171 169 167 166 165 164 163 162 161 155 153 151 150 147 146 145 144 143 142 138 137 136 135 134 133 132 131 130 129 128 127 126 125 124 123 121 120 119 116 109 108 107 106 105 100 98 91 90 89 87 84 81 79 77 76 75 74 73 72 71 70 69 62 61 60 59 58 56 55 53 50 47 46 44 42 40 35 32 15 14 13 12 11 10 9 8 7 6 4 3 2 1 0 
6 210 209 207 206 205 204 203 201 200 199 198 197 196 195 194 193 192 191 190 189 185 184 183 182 181 180 179 178 177 176 175 174 173 172 171 169 167 166 165 164 163 162 161 155 153 151 150 147 146 145 144 143 142 141 138 137 136 135 134 133 132 131 130 129 128 127 126 125 124 123 121 120 119 116 109 108 107 106 105 100 98 91 90 89 87 84 81 79 77 76 75 74 73 72 71 70 69 63 62 61 60 59 58 56 55 53 50 47 46 44 42 40 35 32 15 14 13 12 11 10 9 8 7 5 4 3 2 1 0 
7 210 209 207 206 205 204 203 201 200 199 198 197 196 195 194 193 192 191 190 189 185 184 183 182 181 180 179 178 177 176 175 174 173 172 171 169 167 166 165 164 163 162 161 155 153 151 150 147 146 145 144 143 142 141 140 138 137 136 135 134 133 132 131 130 129 128 127 126 125 124 123 121 120 119 116 109 108 107 106 105 100 98 91 90 89 87 84 81 79 77 76 75 74 73 72 71 70 69 64 63 62 61 60 59 58 56 55 53 50 47 46 44 42 40 35 32 15 14 13 12 11 10 9 8 6 5 4 3 2 1 0 
8 210 209 207 206 205 204 203 201 200 199 198 197 196 195 194 193 192 191 190 189 185 184 183 182 181 180 179 178 177 176 175 174 173 172 171 169 167 166 165 164 163 162 161 155 153 151 150 147 146 145 144 143 142 141 140 139 138 137 136 135 134 133 132 131 130 129 128 127 126 125 124 123 121 120 119 116 109 108 107 106 105 100 98 91 90 89 87 84 81 79 77 76 75 74 73 72 71 70 69 65 64 63 62 61 60 59 58 56 55 53 50 47 46 44 42 40 35 32 15 14 13 12 11 10 9 7 6 5 4 3 2 1 0 
9 210 209 207 206 205 204 203 201 200 199 198 197 196 195 194 193 192 191 190 189 185 184 183 182 181 180 179 178 177 176 175 174 173 172 171 169 167 166 165 164 163 162 161 155 153 151 150 147 146 145 144 143 142 141 140 139 138 137 136 135 134 133 132 131 130 129 128 127 126 125 124 123 121 120 119 116 109 108 107 106 105 100 98 91 90 89 87 84 81 79 77 76 75 74 73 72 71 70 69 66 65 64 63 62 61 60 59 58 56 55 53 50 47 46 44 42 40 35 32 15 14 13 12 11 10 8 7 6 5 4 3 2 1 0 
10 210 209 207 206 205 204 203 201 200 199 198 197 196 195 194 193 192 191 190 189 185 184 183 182 181 180 179 178 177 176 175 174 173 172 171 169 167 166 165 164 163 162 161 155 153 151 150 147 146 145 144 138 137 136 135 134 133 132 131 130 129 128 127 126 125 124 123 121 120 119 116 109 108 107 106 105 100 98 91 90 89 87 84 83 82 81 80 79 78 77 76 75 74 73 72 71 70 69 68 67 66 65 64 63 62 61 60 59 58 56 55 53 50 47 46 44 42 40 35 32 15 14 13 12 11 9 8 7 6 5 4 3 2 1 0 
11 210 209 207 206 205 204 203 201 200 199 198 197 196 195 194 193 192 191 190 189 185 184 183 182 181 180 179 178 177 176 175 174 173 172 171 169 167 166 165 164 163 162 161 155 153 151 150 147 146 145 144 138 137 136 135 134 133 132 131 130 129 128 127 126 125 124 123 121 120 119 116 109 108 107 106 105 100 98 91 90 89 87 84 83 82 81 80 79 78 77 76 75 74 73 72 71 70 69 68 67 66 65 64 63 62 61 60 59 58 56 55 53 50 47 46 44 42 40 35 32 15 14 13 12 10 9 8 7 6 5 4 3 2 1 0 
12 210 209 207 206 205 204 203 201 200 199 198 197 196 195 194 193 192 191 190 189 185 184 183 182 181 180 179 178 177 176 175 174 173 172 171 169 167 166 165 164 163 162 161 155 153 151 150 147 146 145 144 138 137 136 135 134 133 132 131 130 129 128 127 126 125 124 123 121 120 119 116 109 108 107 106 105 100 98 91 90 89 87 84 83 82 81 80 79 78 77 76 75 74 73 72 71 70 69 68 67 66 65 64 63 62 61 60 59 58 56 55 53 50 47 46 44 42 40 35 32 15 14 13 11 10 9 8 7 6 5 4 3 2 1 0 
13 210 209 207 206 205 204 203 201 200 199 198 197 196 195 194 193 192 191 190 189 185 184 183 182 181 180 179 178 177 176 175 174 173 172 171 169 167 166 165 164 163 162 161 155 153 151 150 147 146 145 144 138 137 136 135 134 133 132 131 130 129 128 127 126 125 124 123 121 120 119 116 109 108 107 106 105 100 98 91 90 89 87 84 83 82 81 80 79 78 77 76 75 74 73 72 71 70 69 68 67 66 65 64 63 62 61 60 59 58 56 55 53 50 47 46 44 42 40 35 32 15 14 12 11 10 9 8 7 6 5 4 3 2 1 0 
14 210 209 207 206 205 204 203 201 200 199 198 197 196 195 194 193 192 191 190 189 185 184 183 182 181 180 179 178 177 176 175 174 173 172 171 169 167 166 165 164 163 162 161 155 153 151 150 147 146 145 144 138 137 136 135 134 133 132 131 130 129 128 127 126 125 124 123 121 120 119 116 109 108 107 106 105 100 98 91 90 89 87 84 83 82 81 80 79 78 77 76 75 74 73 72 71 70 69 68 67 66 60 59 58 56 55 53 50 47 46 44 42 40 35 32 15 13 12 11 10 9 8 7 6 5 4 3 2 1 0 
15 210 209 207 206 205 204 203 201 200 199 198 197 196 195 194 193 192 191 190 189 185 184 183 182 181 180 179 178 177 176 175 174 173 172 171 169 167 166 165 164 163 162 161 155 153 151 150 147 146 145 144 143 142 141 140 139 138 137 136 135 134 133 132 131 130 129 128 127 126 125 124 123 121 120 119 116 109 108 107 106 105 100 98 91 90 89 87 84 83 82 81 80 79 78 77 76 75 74 73 72 71 70 69 68 67 66 65 64 63 62 61 60 59 58 56 55 53 50 47 46 44 42 40 35 32 14 13 12 11 10 9 8 7 6 5 4 3 2 1 0 
16 210 209 207 206 205 204 203 201 200 199 198 197 196 195 194 193 192 191 190 189 185 184 183 182 181 180 179 178 177 176 175 174 173 172 171 169 167 166 165 164 163 162 161 155 153 151 150 147 146 145 144 143 142 141 140 139 138 137 136 135 134 133 132 131 130 129 128 127 126 125 124 123 121 120 119 116 109 108 107 106 105 100 98 91 90 89 87 84 83 82 81 80 79 78 77 76 75 74 73 72 71 70 69 68 67 66 65 64 63 62 61 60 59 58 56 55 53 50 47 46 44 42 40 35 32 31 30 29 28 27 26 25 24 23 22 21 20 19 18 17 
17 143 142 141 140 139 83 82 80 78 68 67 66 65 64 63 62 61 31 30 29 28 27 26 25 24 23 22 21 20 19 18 16 
18 143 142 141 140 139 138 83 82 80 78 69 68 67 66 65 64 63 62 61 31 30 29 28 27 26 25 24 23 22 21 20 19 17 16 
19 143 142 141 140 139 138 137 83 82 80 78 70 69 68 67 66 65 64 63 62 61 31 30 29 28 27 26 25 24 23 22 21 20 18 17 16 
20 143 142 141 140 139 138 137 136 83 82 80 78 71 70 69 68 67 66 65 64 63 62 61 31 30 29 28 27 26 25 24 23 22 21 19 18 17 16 
21 143 142 141 140 139 138 137 136 135 83 82 80 78 72 71 70 69 68 67 66 65 64 63 62 61 31 30 29 28 27 26 25 24 23 22 20 19 18 17 16 
22 143 142 141 140 139 138 137 136 135 134 83 82 80 78 73 72 71 70 69 68 67 66 65 64 63 62 61 31 30 29 28 27 26 25 24 23 21 20 19 18 17 16 
23 143 142 141 140 139 138 137 136 135 134 133 83 82 80 78 74 73 72 71 70 69 68 67 66 65 64 63 62 61 31 30 29 28 27 26 25 24 22 21 20 19 18 17 16 
24 143 142 141 140 139 138 137 136 135 134 133 132 83 82 80 78 75 74 73 72 71 70 69 68 67 66 65 64 63 62 61 31 30 29 28 27 26 25 23 22 21 20 19 18 17 16 
25 143 142 141 140 139 138 137 136 135 134 133 132 131 83 82 80 78 76 75 74 73 72 71 70 69 68 67 66 65 64 63 62 61 31 30 29 28 27 26 24 23 22 21 20 19 18 17 16 
26 210 209 207 206 205 204 203 201 200 199 198 197 196 195 194 193 192 191 190 189 185 184 183 182 181 180 179 178 177 176 175 174 173 172 171 169 167 166 165 164 163 162 161 155 153 151 150 147 146 145 144 143 142 141 140 139 138 137 136 135 134 133 132 131 130 126 125 124 123 121 120 119 116 109 108 107 106 105 100 98 83 82 80 78 68 67 66 65 64 63 62 61 60 59 58 56 55 53 50 47 46 44 42 40 35 32 31 30 29 28 27 25 24 23 22 21 20 19 18 17 16 
27 143 142 141 140 139 83 82 80 78 68 67 66 65 64 63 62 61 53 47 46 44 42 40 35 32 31 30 29 28 26 25 24 23 22 21 20 19 18 17 16 
28 143 142 141 140 139 83 82 80 78 68 67 66 65 64 63 62 61 53 47 46 44 42 40 35 32 31 30 29 27 26 25 24 23 22 21 20 19 18 17 16 
29 143 142 141 140 139 83 82 80 78 68 67 66 65 64 63 62 61 53 47 46 44 42 40 35 32 31 30 28 27 26 25 24 23 22 21 20 19 18 17 16 
30 143 142 141 140 139 83 82 80 78 68 67 66 65 64 63 62 61 53 47 46 44 42 40 35 32 31 29 28 27 26 25 24 23 22 21 20 19 18 17 16 
31 143 142 141 140 139 83 82 80 78 68 67 66 65 64 63 62 61 53 47 46 44 42 40 35 32 30 29 28 27 26 25 24 23 22 21 20 19 18 17 16 
32 210 209 164 163 162 161 155 153 151 150 147 146 145 144 126 125 124 123 121 120 119 116 109 108 107 106 105 100 98 60 59 58 53 50 47 46 44 42 40 35 31 30 29 28 27 26 16 15 14 13 12 11 10 9 8 7 6 5 4 3 2 1 0 
33 
34 
35 210 209 207 206 205 204 203 201 200 199 198 197 196 195 194 193 192 191 190 189 185 184 183 182 181 180 179 178 177 176 175 174 173 172 171 169 167 166 165 164 163 162 161 155 153 151 150 147 146 145 144 138 137 136 135 134 133 132 131 130 129 128 127 126 125 124 123 121 120 119 116 109 108 107 106 105 100 98 60 59 58 56 55 53 50 47 46 44 42 40 32 31 30 29 28 27 26 16 15 14 13 12 11 10 9 8 7 6 5 4 3 2 1 0 
36 
37 
38 
39 
40 210 209 207 206 205 204 203 201 200 199 198 197 196 195 194 193 192 191 190 189 185 184 183 182 181 180 179 178 177 176 175 174 173 172 171 169 167 166 165 164 163 162 161 155 153 151 150 147 146 145 144 126 125 124 123 121 120 119 116 109 108 107 106 105 60 59 58 56 55 53 50 47 44 42 35 32 31 30 29 28 27 26 16 15 14 13 12 11 10 9 8 7 6 5 4 3 2 1 0 
41 
42 210 209 207 206 205 204 203 201 200 199 198 197 196 195 194 193 192 191 190 189 185 184 183 182 181 180 179 178 177 176 175 174 173 172 171 169 167 166 165 164 163 162 161 155 153 151 150 147 146 145 144 126 125 124 123 121 120 119 116 109 108 107 106 105 60 59 58 56 55 53 50 47 44 40 35 32 31 30 29 28 27 26 16 15 14 13 12 11 10 9 8 7 6 5 4 3 2 1 0 
43 
44 210 209 207 206 205 204 203 201 200 199 198 197 196 195 194 193 192 191 190 189 181 180 179 178 177 176 175 174 173 172 171 169 167 166 165 164 163 162 161 155 153 151 150 147 146 145 144 126 125 124 123 121 120 119 116 109 108 107 106 105 60 59 58 56 55 53 50 47 42 40 35 32 31 30 29 28 27 26 16 15 14 13 12 11 10 9 8 7 6 5 4 3 2 1 0 
45 
46 98 91 90 89 87 50 47 35 32 31 30 29 28 27 26 16 15 14 13 12 11 10 9 8 7 6 5 4 3 2 1 0 
47 210 209 191 190 189 164 163 162 161 155 153 151 150 147 146 145 144 126 125 124 123 121 120 119 116 109 108 107 106 105 100 98 60 59 58 53 50 46 44 42 40 35 32 31 30 29 28 27 26 16 15 14 13 12 11 10 9 8 7 6 5 4 3 2 1 0 
48 
49 
50 210 209 207 206 205 204 203 201 200 199 198 197 196 195 194 193 192 191 190 189 185 184 183 182 181 180 179 178 177 176 175 174 173 172 171 169 167 166 165 164 163 162 161 155 153 147 146 145 144 126 125 124 123 121 120 119 116 109 108 107 106 105 100 98 60 59 58 56 55 53 47 46 44 42 40 35 32 26 16 15 14 13 12 11 10 9 8 7 6 5 4 3 2 1 0 
51 
52 
53 210 209 207 206 205 204 203 201 200 199 198 197 196 195 194 193 192 191 190 189 185 184 183 182 181 180 179 178 177 176 175 174 173 172 171 169 167 166 165 164 163 162 161 155 153 151 150 147 146 145 144 126 125 124 123 121 120 119 116 109 108 107 106 105 60 59 58 56 55 50 47 44 42 40 35 32 31 30 29 28 27 26 16 15 14 13 12 11 10 9 8 7 6 5 4 3 2 1 0 
54 
55 207 206 205 204 203 199 192 190 169 165 124 60 56 53 50 44 42 40 35 26 16 15 14 13 12 11 10 9 8 7 6 5 4 3 2 1 0 
56 185 184 183 182 181 180 179 178 177 176 175 174 173 172 171 124 60 55 53 50 44 42 40 35 26 16 15 14 13 12 11 10 9 8 7 6 5 4 3 2 1 0 
57 
58 121 120 119 59 53 50 47 44 42 40 35 32 26 16 15 14 13 12 11 10 9 8 7 6 5 4 3 2 1 0 
59 123 121 120 119 60 58 53 50 47 44 42 40 35 32 26 16 15 14 13 12 11 10 9 8 7 6 5 4 3 2 1 0 
60 207 206 205 204 203 201 200 199 198 197 196 195 194 193 192 191 190 189 185 184 183 182 181 180 179 178 177 176 175 174 173 172 171 169 167 166 165 164 163 162 161 151 150 147 146 145 144 126 125 124 123 59 56 55 53 50 47 44 42 40 35 32 26 16 15 14 13 12 11 10 9 8 7 6 5 4 3 2 1 0 
61 31 30 29 28 27 26 25 24 23 22 21 20 19 18 17 16 15 13 12 11 10 9 8 7 6 5 4 2 1 0 
62 31 30 29 28 27 26 25 24 23 22 21 20 19 18 17 16 15 13 12 11 10 9 8 7 6 5 2 1 0 
63 31 30 29 28 27 26 25 24 23 22 21 20 19 18 17 16 15 13 12 11 10 9 8 7 6 2 1 0 
64 31 30 29 28 27 26 25 24 23 22 21 20 19 18 17 16 15 13 12 11 10 9 8 7 2 1 0 
65 31 30 29 28 27 26 25 24 23 22 21 20 19 18 17 16 15 13 12 11 10 9 8 2 1 0 
66 143 142 141 140 139 83 82 80 78 68 67 31 30 29 28 27 26 25 24 23 22 21 20 19 18 17 16 15 14 13 12 11 10 9 2 1 0 
67 143 142 141 140 139 83 82 80 78 68 66 31 30 29 28 27 26 25 24 23 22 21 20 19 18 17 16 15 14 13 12 11 10 2 1 0 
68 143 142 141 140 139 83 82 80 78 67 66 31 30 29 28 27 26 25 24 23 22 21 20 19 18 17 16 15 14 13 12 11 10 2 1 0 
69 25 24 23 22 21 20 19 18 16 15 14 13 12 11 10 9 8 7 6 5 4 3 2 1 0 
70 25 24 23 22 21 20 19 16 15 14 13 12 11 10 9 8 7 6 5 4 3 2 1 0 
71 25 24 23 22 21 20 16 15 14 13 12 11 10 9 8 7 6 5 4 3 2 1 0 
72 25 24 23 22 21 16 15 14 13 12 11 10 9 8 7 6 5 4 3 2 1 0 
73 25 24 23 22 16 15 14 13 12 11 10 9 8 7 6 5 4 3 2 1 0 
74 25 24 23 16 15 14 13 12 11 10 9 8 7 6 5 4 3 2 1 0 
75 25 24 16 15 14 13 12 11 10 9 8 7 6 5 4 3 2 1 0 
76 25 16 15 14 13 12 11 10 9 8 7 6 5 4 3 2 1 0 
77 16 15 14 13 12 11 10 9 8 7 6 5 4 3 2 1 0 
78 83 82 80 68 67 66 31 30 29 28 27 26 25 24 23 22 21 20 19 18 17 16 15 14 13 12 11 10 2 1 0 
79 16 15 14 13 12 11 10 9 8 7 6 5 4 3 2 1 0 
80 83 82 78 68 67 66 31 30 29 28 27 26 25 24 23 22 21 20 19 18 17 16 15 14 13 12 11 10 2 1 0 
81 16 15 14 13 12 11 10 9 8 7 6 5 4 3 2 1 0 
82 83 80 78 68 67 66 31 30 29 28 27 26 25 24 23 22 21 20 19 18 17 16 15 14 13 12 11 10 2 1 0 
83 82 80 78 68 67 66 31 30 29 28 27 26 25 24 23 22 21 20 19 18 17 16 15 14 13 12 11 10 2 1 0 
84 16 15 14 13 12 11 10 9 8 7 6 5 4 3 2 1 0 
85 
86 
87 46 16 15 14 13 12 11 10 9 8 7 6 5 4 3 2 1 0 
88 
89 90 46 16 15 14 13 12 11 10 9 8 7 6 5 4 3 2 1 0 
90 89 46 16 15 14 13 12 11 10 9 8 7 6 5 4 3 2 1 0 
91 46 16 15 14 13 12 11 10 9 8 7 6 5 4 3 2 1 0 
92 
93 
94 
95 
96 
97 
98 50 47 46 35 32 26 16 15 14 13 12 11 10 9 8 7 6 5 4 3 2 1 0 
99 
100 50 47 35 32 26 16 15 14 13 12 11 10 9 8 7 6 5 4 3 2 1 0 
101 
102 
103 
104 
105 53 50 47 44 42 40 35 32 26 16 15 14 13 12 11 10 9 8 7 6 5 4 3 2 1 0 
106 107 53 50 47 44 42 40 35 32 26 16 15 14 13 12 11 10 9 8 7 6 5 4 3 2 1 0 
107 106 53 50 47 44 42 40 35 32 26 16 15 14 13 12 11 10 9 8 7 6 5 4 3 2 1 0 
108 53 50 47 44 42 40 35 32 26 16 15 14 13 12 11 10 9 8 7 6 5 4 3 2 1 0 
109 116 53 50 47 44 42 40 35 32 26 16 15 14 13 12 11 10 9 8 7 6 5 4 3 2 1 0 
110 
111 
112 
113 
114 
115 
116 109 53 50 47 44 42 40 35 32 26 16 15 14 13 12 11 10 9 8 7 6 5 4 3 2 1 0 
117 
118 
119 120 59 58 53 50 47 44 42 40 35 32 26 16 15 14 13 12 11 10 9 8 7 6 5 4 3 2 1 0 
120 119 59 58 53 50 47 44 42 40 35 32 26 16 15 14 13 12 11 10 9 8 7 6 5 4 3 2 1 0 
121 59 58 53 50 47 44 42 40 35 32 26 16 15 14 13 12 11 10 9 8 7 6 5 4 3 2 1 0 
122 
123 60 59 53 50 47 44 42 40 35 32 26 16 15 14 13 12 11 10 9 8 7 6 5 4 3 2 1 0 
124 207 206 205 204 203 201 200 199 198 197 196 195 194 193 192 191 190 189 185 184 183 182 181 180 179 178 177 176 175 174 173 172 171 169 167 166 165 164 163 162 161 151 150 147 146 145 144 126 125 60 56 55 53 50 47 44 42 40 35 32 26 16 15 14 13 12 11 10 9 8 7 6 5 4 3 2 1 0 
125 124 60 53 50 47 44 42 40 35 32 26 16 15 14 13 12 11 10 9 8 7 6 5 4 3 2 1 0 
126 124 60 53 50 47 44 42 40 35 32 26 16 15 14 13 12 11 10 9 8 7 6 5 4 3 2 1 0 
127 35 16 15 14 13 12 11 10 9 8 7 6 5 4 3 2 1 0 
128 35 16 15 14 13 12 11 10 9 8 7 6 5 4 3 2 1 0 
129 35 16 15 14 13 12 11 10 9 8 7 6 5 4 3 2 1 0 
130 138 137 136 135 134 133 132 131 35 26 16 15 14 13 12 11 10 9 8 7 6 5 4 3 2 1 0 
131 138 137 136 135 134 133 132 130 35 26 25 16 15 14 13 12 11 10 9 8 7 6 5 4 3 2 1 0 
132 138 137 136 135 134 133 131 130 35 26 25 24 16 15 14 13 12 11 10 9 8 7 6 5 4 3 2 1 0 
133 138 137 136 135 134 132 131 130 35 26 25 24 23 16 15 14 13 12 11 10 9 8 7 6 5 4 3 2 1 0 
134 138 137 136 135 133 132 131 130 35 26 25 24 23 22 16 15 14 13 12 11 10 9 8 7 6 5 4 3 2 1 0 
135 138 137 136 134 133 132 131 130 35 26 25 24 23 22 21 16 15 14 13 12 11 10 9 8 7 6 5 4 3 2 1 0 
136 138 137 135 134 133 132 131 130 35 26 25 24 23 22 21 20 16 15 14 13 12 11 10 9 8 7 6 5 4 3 2 1 0 
137 138 136 135 134 133 132 131 130 35 26 25 24 23 22 21 20 19 16 15 14 13 12 11 10 9 8 7 6 5 4 3 2 1 0 
138 137 136 135 134 133 132 131 130 35 26 25 24 23 22 21 20 19 18 16 15 14 13 12 11 10 9 8 7 6 5 4 3 2 1 0 
139 143 142 141 140 68 67 66 31 30 29 28 27 26 25 24 23 22 21 20 19 18 17 16 15 9 8 1 0 
140 143 142 141 139 68 67 66 31 30 29 28 27 26 25 24 23 22 21 20 19 18 17 16 15 9 8 7 1 0 
141 143 142 140 139 68 67 66 31 30 29 28 27 26 25 24 23 22 21 20 19 18 17 16 15 9 8 7 6 1 0 
142 143 141 140 139 68 67 66 31 30 29 28 27 26 25 24 23 22 21 20 19 18 17 16 15 9 8 7 6 5 1 0 
143 142 141 140 139 68 67 66 31 30 29 28 27 26 25 24 23 22 21 20 19 18 17 16 15 9 8 7 6 5 4 1 0 
144 124 60 53 50 47 44 42 40 35 32 26 16 15 14 13 12 11 10 9 8 7 6 5 4 3 2 1 0 
145 124 60 53 50 47 44 42 40 35 32 26 16 15 14 13 12 11 10 9 8 7 6 5 4 3 2 1 0 
146 124 60 53 50 47 44 42 40 35 32 26 16 15 14 13 12 11 10 9 8 7 6 5 4 3 2 1 0 
147 124 60 53 50 47 44 42 40 35 32 26 16 15 14 13 12 11 10 9 8 7 6 5 4 3 2 1 0 
148 
149 
150 124 60 53 47 44 42 40 35 32 26 16 15 14 13 12 11 10 9 8 7 6 5 4 3 2 1 0 
151 124 60 53 47 44 42 40 35 32 26 16 15 14 13 12 11 10 9 8 7 6 5 4 3 2 1 0 
152 
153 53 50 47 44 42 40 35 32 26 16 15 14 13 12 11 10 9 8 7 6 5 4 3 2 1 0 
154 
155 53 50 47 44 42 40 35 32 26 16 15 14 13 12 11 10 9 8 7 6 5 4 3 2 1 0 
156 
157 
158 
159 
160 
161 162 124 60 53 50 47 44 42 40 35 32 26 16 15 14 13 12 11 10 9 8 7 6 5 4 3 2 1 0 
162 161 124 60 53 50 47 44 42 40 35 32 26 16 15 14 13 12 11 10 9 8 7 6 5 4 3 2 1 0 
163 124 60 53 50 47 44 42 40 35 32 26 16 15 14 13 12 11 10 9 8 7 6 5 4 3 2 1 0 
164 124 60 53 50 47 44 42 40 35 32 26 16 15 14 13 12 11 10 9 8 7 6 5 4 3 2 1 0 
165 169 167 166 124 60 55 53 50 44 42 40 35 26 16 15 14 13 12 11 10 9 8 7 6 5 4 3 2 1 0 
166 165 124 60 53 50 44 42 40 35 26 16 15 14 13 12 11 10 9 8 7 6 5 4 3 2 1 0 
167 165 124 60 53 50 44 42 40 35 26 16 15 14 13 12 11 10 9 8 7 6 5 4 3 2 1 0 
168 
169 165 124 60 55 53 50 44 42 40 35 26 16 15 14 13 12 11 10 9 8 7 6 5 4 3 2 1 0 
170 
171 185 184 183 182 181 180 179 178 177 176 175 174 173 172 124 60 56 53 50 44 42 40 35 26 16 15 14 13 12 11 10 9 8 7 6 5 4 3 2 1 0 
172 173 171 124 60 56 53 50 44 42 40 35 26 16 15 14 13 12 11 10 9 8 7 6 5 4 3 2 1 0 
173 174 172 171 124 60 56 53 50 44 42 40 35 26 16 15 14 13 12 11 10 9 8 7 6 5 4 3 2 1 0 
174 179 178 177 176 175 173 171 124 60 56 53 50 44 42 40 35 26 16 15 14 13 12 11 10 9 8 7 6 5 4 3 2 1 0 
175 174 171 124 60 56 53 50 44 42 40 35 26 16 15 14 13 12 11 10 9 8 7 6 5 4 3 2 1 0 
176 178 177 174 171 124 60 56 53 50 44 42 40 35 26 16 15 14 13 12 11 10 9 8 7 6 5 4 3 2 1 0 
177 176 174 171 124 60 56 53 50 44 42 40 35 26 16 15 14 13 12 11 10 9 8 7 6 5 4 3 2 1 0 
178 176 174 171 124 60 56 53 50 44 42 40 35 26 16 15 14 13 12 11 10 9 8 7 6 5 4 3 2 1 0 
179 174 171 124 60 56 53 50 44 42 40 35 26 16 15 14 13 12 11 10 9 8 7 6 5 4 3 2 1 0 
180 171 124 60 56 53 50 44 42 40 35 26 16 15 14 13 12 11 10 9 8 7 6 5 4 3 2 1 0 
181 171 124 60 56 53 50 44 42 40 35 26 16 15 14 13 12 11 10 9 8 7 6 5 4 3 2 1 0 
182 171 124 60 56 53 50 42 40 35 26 16 15 14 13 12 11 10 9 8 7 6 5 4 3 2 1 0 
183 171 124 60 56 53 50 42 40 35 26 16 15 14 13 12 11 10 9 8 7 6 5 4 3 2 1 0 
184 171 124 60 56 53 50 42 40 35 26 16 15 14 13 12 11 10 9 8 7 6 5 4 3 2 1 0 
185 171 124 60 56 53 50 42 40 35 26 16 15 14 13 12 11 10 9 8 7 6 5 4 3 2 1 0 
186 
187 
188 
189 199 198 197 196 195 194 193 192 191 190 124 60 53 50 47 44 42 40 35 26 16 15 14 13 12 11 10 9 8 7 6 5 4 3 2 1 0 
190 203 201 200 199 198 197 196 195 194 193 192 191 189 124 60 55 53 50 47 44 42 40 35 26 16 15 14 13 12 11 10 9 8 7 6 5 4 3 2 1 0 
191 198 197 196 195 194 193 192 190 189 124 60 53 50 47 44 42 40 35 26 16 15 14 13 12 11 10 9 8 7 6 5 4 3 2 1 0 
192 206 205 204 203 201 200 199 198 197 196 195 194 193 191 190 189 124 60 55 53 50 44 42 40 35 26 16 15 14 13 12 11 10 9 8 7 6 5 4 3 2 1 0 
193 192 191 190 189 124 60 53 50 44 42 40 35 26 16 15 14 13 12 11 10 9 8 7 6 5 4 3 2 1 0 
194 192 191 190 189 124 60 53 50 44 42 40 35 26 16 15 14 13 12 11 10 9 8 7 6 5 4 3 2 1 0 
195 196 192 191 190 189 124 60 53 50 44 42 40 35 26 16 15 14 13 12 11 10 9 8 7 6 5 4 3 2 1 0 
196 195 192 191 190 189 124 60 53 50 44 42 40 35 26 16 15 14 13 12 11 10 9 8 7 6 5 4 3 2 1 0 
197 200 199 198 192 191 190 189 124 60 53 50 44 42 40 35 26 16 15 14 13 12 11 10 9 8 7 6 5 4 3 2 1 0 
198 197 192 191 190 189 124 60 53 50 44 42 40 35 26 16 15 14 13 12 11 10 9 8 7 6 5 4 3 2 1 0 
199 204 203 201 200 197 192 190 189 124 60 55 53 50 44 42 40 35 26 16 15 14 13 12 11 10 9 8 7 6 5 4 3 2 1 0 
200 199 197 192 190 124 60 53 50 44 42 40 35 26 16 15 14 13 12 11 10 9 8 7 6 5 4 3 2 1 0 
201 199 192 190 124 60 53 50 44 42 40 35 26 16 15 14 13 12 11 10 9 8 7 6 5 4 3 2 1 0 
202 
203 199 192 190 124 60 55 53 50 44 42 40 35 26 16 15 14 13 12 11 10 9 8 7 6 5 4 3 2 1 0 
204 199 192 124 60 55 53 50 44 42 40 35 26 16 15 14 13 12 11 10 9 8 7 6 5 4 3 2 1 0 
205 207 206 192 124 60 55 53 50 44 42 40 35 26 16 15 14 13 12 11 10 9 8 7 6 5 4 3 2 1 0 
206 205 192 124 60 55 53 50 44 42 40 35 26 16 15 14 13 12 11 10 9 8 7 6 5 4 3 2 1 0 
207 205 124 60 55 53 50 44 42 40 35 26 16 15 14 13 12 11 10 9 8 7 6 5 4 3 2 1 0 
208 
209 210 53 50 47 44 42 40 35 32 26 16 15 14 13 12 11 10 9 8 7 6 5 4 3 2 1 0 
210 209 53 50 47 44 42 40 35 32 26 16 15 14 13 12 11 10 9 8 7 6 5 4 3 2 1 0 

