0 205 204 202 201 200 199 198 196 195 194 193 192 191 190 189 188 187 186 185 184 180 179 178 177 176 175 174 173 172 171 170 169 168 167 166 164 162 161 160 159 158 157 156 150 148 147 146 143 142 141 140 139 138 137 136 135 134 133 132 131 130 129 128 127 126 125 124 123 122 121 120 119 117 116 115 112 105 104 103 102 101 96 94 90 89 88 86 84 83 82 81 80 79 78 77 76 75 74 73 72 71 70 69 68 67 66 65 64 63 62 61 60 59 58 56 55 53 50 47 46 44 42 40 35 32 15 14 13 12 11 10 9 8 7 6 5 4 3 2 1 
1 205 204 202 201 200 199 198 196 195 194 193 192 191 190 189 188 187 186 185 184 180 179 178 177 176 175 174 173 172 171 170 169 168 167 166 164 162 161 160 159 158 157 156 150 148 147 146 143 142 141 140 139 138 137 136 135 134 133 132 131 130 129 128 127 126 125 124 123 122 121 120 119 117 116 115 112 105 104 103 102 101 96 94 90 89 88 86 84 83 82 81 80 79 78 77 76 75 74 73 72 71 70 69 68 67 66 65 64 63 62 61 60 59 58 56 55 53 50 47 46 44 42 40 35 32 15 14 13 12 11 10 9 8 7 6 5 4 3 2 0 
2 205 204 202 201 200 199 198 196 195 194 193 192 191 190 189 188 187 186 185 184 180 179 178 177 176 175 174 173 172 171 170 169 168 167 166 164 162 161 160 159 158 157 156 150 148 147 146 143 142 141 140 134 133 132 131 130 129 128 127 126 125 124 123 122 121 120 119 117 116 115 112 105 104 103 102 101 96 94 90 89 88 86 84 83 82 81 80 79 78 77 76 75 74 73 72 71 70 69 68 67 66 65 64 63 62 61 60 59 58 56 55 53 50 47 46 44 42 40 35 32 15 14 13 12 11 10 9 8 7 6 5 4 3 1 0 
3 205 204 202 201 200 199 198 196 195 194 193 192 191 190 189 188 187 186 185 184 180 179 178 177 176 175 174 173 172 171 170 169 168 167 166 164 162 161 160 159 158 157 156 150 148 147 146 143 142 141 140 134 133 132 131 130 129 128 127 126 125 124 123 122 121 120 119 117 116 115 112 105 104 103 102 101 96 94 90 89 88 86 84 81 79 77 76 75 74 73 72 71 70 69 60 59 58 56 55 53 50 47 46 44 42 40 35 32 15 14 13 12 11 10 9 8 7 6 5 4 2 1 0 
4 205 204 202 201 200 199 198 196 195 194 193 192 191 190 189 188 187 186 185 184 180 179 178 177 176 175 174 173 172 171 170 169 168 167 166 164 162 161 160 159 158 157 156 150 148 147 146 143 142 141 140 139 134 133 132 131 130 129 128 127 126 125 124 123 122 121 120 119 117 116 115 112 105 104 103 102 101 96 94 90 89 88 86 84 81 79 77 76 75 74 73 72 71 70 69 61 60 59 58 56 55 53 50 47 46 44 42 40 35 32 15 14 13 12 11 10 9 8 7 6 5 3 2 1 0 
5 205 204 202 201 200 199 198 196 195 194 193 192 191 190 189 188 187 186 185 184 180 179 178 177 176 175 174 173 172 171 170 169 168 167 166 164 162 161 160 159 158 157 156 150 148 147 146 143 142 141 140 139 138 134 133 132 131 130 129 128 127 126 125 124 123 122 121 120 119 117 116 115 112 105 104 103 102 101 96 94 90 89 88 86 84 81 79 77 76 75 74 73 72 71 70 69 62 61 60 59 58 56 55 53 50 47 46 44 42 40 35 32 15 14 13 12 11 10 9 8 7 6 4 3 2 1 0 
6 205 204 202 201 200 199 198 196 195 194 193 192 191 190 189 188 187 186 185 184 180 179 178 177 176 175 174 173 172 171 170 169 168 167 166 164 162 161 160 159 158 157 156 150 148 147 146 143 142 141 140 139 138 137 134 133 132 131 130 129 128 127 126 125 124 123 122 121 120 119 117 116 115 112 105 104 103 102 101 96 94 90 89 88 86 84 81 79 77 76 75 74 73 72 71 70 69 63 62 61 60 59 58 56 55 53 50 47 46 44 42 40 35 32 15 14 13 12 11 10 9 8 7 5 4 3 2 1 0 
7 205 204 202 201 200 199 198 196 195 194 193 192 191 190 189 188 187 186 185 184 180 179 178 177 176 175 174 173 172 171 170 169 168 167 166 164 162 161 160 159 158 157 156 150 148 147 146 143 142 141 140 139 138 137 136 134 133 132 131 130 129 128 127 126 125 124 123 122 121 120 119 117 116 115 112 105 104 103 102 101 96 94 90 89 88 86 84 81 79 77 76 75 74 73 72 71 70 69 64 63 62 61 60 59 58 56 55 53 50 47 46 44 42 40 35 32 15 14 13 12 11 10 9 8 6 5 4 3 2 1 0 
8 205 204 202 201 200 199 198 196 195 194 193 192 191 190 189 188 187 186 185 184 180 179 178 177 176 175 174 173 172 171 170 169 168 167 166 164 162 161 160 159 158 157 156 150 148 147 146 143 142 141 140 139 138 137 136 135 134 133 132 131 130 129 128 127 126 125 124 123 122 121 120 119 117 116 115 112 105 104 103 102 101 96 94 90 89 88 86 84 81 79 77 76 75 74 73 72 71 70 69 65 64 63 62 61 60 59 58 56 55 53 50 47 46 44 42 40 35 32 15 14 13 12 11 10 9 7 6 5 4 3 2 1 0 
9 205 204 202 201 200 199 198 196 195 194 193 192 191 190 189 188 187 186 185 184 180 179 178 177 176 175 174 173 172 171 170 169 168 167 166 164 162 161 160 159 158 157 156 150 148 147 146 143 142 141 140 139 138 137 136 135 134 133 132 131 130 129 128 127 126 125 124 123 122 121 120 119 117 116 115 112 105 104 103 102 101 96 94 90 89 88 86 84 81 79 77 76 75 74 73 72 71 70 69 66 65 64 63 62 61 60 59 58 56 55 53 50 47 46 44 42 40 35 32 15 14 13 12 11 10 8 7 6 5 4 3 2 1 0 
10 205 204 202 201 200 199 198 196 195 194 193 192 191 190 189 188 187 186 185 184 180 179 178 177 176 175 174 173 172 171 170 169 168 167 166 164 162 161 160 159 158 157 156 150 148 147 146 143 142 141 140 134 133 132 131 130 129 128 127 126 125 124 123 122 121 120 119 117 116 115 112 105 104 103 102 101 96 94 90 89 88 86 84 83 82 81 80 79 78 77 76 75 74 73 72 71 70 69 68 67 66 65 64 63 62 61 60 59 58 56 55 53 50 47 46 44 42 40 35 32 15 14 13 12 11 9 8 7 6 5 4 3 2 1 0 
11 205 204 202 201 200 199 198 196 195 194 193 192 191 190 189 188 187 186 185 184 180 179 178 177 176 175 174 173 172 171 170 169 168 167 166 164 162 161 160 159 158 157 156 150 148 147 146 143 142 141 140 134 133 132 131 130 129 128 127 126 125 124 123 122 121 120 119 117 116 115 112 105 104 103 102 101 96 94 90 89 88 86 84 83 82 81 80 79 78 77 76 75 74 73 72 71 70 69 68 67 66 65 64 63 62 61 60 59 58 56 55 53 50 47 46 44 42 40 35 32 15 14 13 12 10 9 8 7 6 5 4 3 2 1 0 
12 205 204 202 201 200 199 198 196 195 194 193 192 191 190 189 188 187 186 185 184 180 179 178 177 176 175 174 173 172 171 170 169 168 167 166 164 162 161 160 159 158 157 156 150 148 147 146 143 142 141 140 134 133 132 131 130 129 128 127 126 125 124 123 122 121 120 119 117 116 115 112 105 104 103 102 101 96 94 90 89 88 86 84 83 82 81 80 79 78 77 76 75 74 73 72 71 70 69 68 67 66 65 64 63 62 61 60 59 58 56 55 53 50 47 46 44 42 40 35 32 15 14 13 11 10 9 8 7 6 5 4 3 2 1 0 
13 205 204 202 201 200 199 198 196 195 194 193 192 191 190 189 188 187 186 185 184 180 179 178 177 176 175 174 173 172 171 170 169 168 167 166 164 162 161 160 159 158 157 156 150 148 147 146 143 142 141 140 134 133 132 131 130 129 128 127 126 125 124 123 122 121 120 119 117 116 115 112 105 104 103 102 101 96 94 90 89 88 86 84 83 82 81 80 79 78 77 76 75 74 73 72 71 70 69 68 67 66 65 64 63 62 61 60 59 58 56 55 53 50 47 46 44 42 40 35 32 15 14 12 11 10 9 8 7 6 5 4 3 2 1 0 
14 205 204 202 201 200 199 198 196 195 194 193 192 191 190 189 188 187 186 185 184 180 179 178 177 176 175 174 173 172 171 170 169 168 167 166 164 162 161 160 159 158 157 156 150 148 147 146 143 142 141 140 134 133 132 131 130 129 128 127 126 125 124 123 122 121 120 119 117 116 115 112 105 104 103 102 101 96 94 90 89 88 86 84 83 82 81 80 79 78 77 76 75 74 73 72 71 70 69 68 67 66 60 59 58 56 55 53 50 47 46 44 42 40 35 32 15 13 12 11 10 9 8 7 6 5 4 3 2 1 0 
15 205 204 202 201 200 199 198 196 195 194 193 192 191 190 189 188 187 186 185 184 180 179 178 177 176 175 174 173 172 171 170 169 168 167 166 164 162 161 160 159 158 157 156 150 148 147 146 143 142 141 140 139 138 137 136 135 134 133 132 131 130 129 128 127 126 125 124 123 122 121 120 119 117 116 115 112 105 104 103 102 101 96 94 90 89 88 86 84 83 82 81 80 79 78 77 76 75 74 73 72 71 70 69 68 67 66 65 64 63 62 61 60 59 58 56 55 53 50 47 46 44 42 40 35 32 14 13 12 11 10 9 8 7 6 5 4 3 2 1 0 
16 205 204 202 201 200 199 198 196 195 194 193 192 191 190 189 188 187 186 185 184 180 179 178 177 176 175 174 173 172 171 170 169 168 167 166 164 162 161 160 159 158 157 156 150 148 147 146 143 142 141 140 139 138 137 136 135 134 133 132 131 130 129 128 127 126 125 124 123 122 121 120 119 117 116 115 112 105 104 103 102 101 96 94 90 89 88 86 84 83 82 81 80 79 78 77 76 75 74 73 72 71 70 69 68 67 66 65 64 63 62 61 60 59 58 56 55 53 50 47 46 44 42 40 35 32 31 30 29 28 27 26 25 24 23 22 21 20 19 18 17 
17 139 138 137 136 135 83 82 80 78 68 67 66 65 64 63 62 61 31 30 29 28 27 26 25 24 23 22 21 20 19 18 16 
18 139 138 137 136 135 134 83 82 80 78 69 68 67 66 65 64 63 62 61 31 30 29 28 27 26 25 24 23 22 21 20 19 17 16 
19 139 138 137 136 135 134 133 83 82 80 78 70 69 68 67 66 65 64 63 62 61 31 30 29 28 27 26 25 24 23 22 21 20 18 17 16 
20 139 138 137 136 135 134 133 132 83 82 80 78 71 70 69 68 67 66 65 64 63 62 61 31 30 29 28 27 26 25 24 23 22 21 19 18 17 16 
21 139 138 137 136 135 134 133 132 131 83 82 80 78 72 71 70 69 68 67 66 65 64 63 62 61 31 30 29 28 27 26 25 24 23 22 20 19 18 17 16 
22 139 138 137 136 135 134 133 132 131 130 83 82 80 78 73 72 71 70 69 68 67 66 65 64 63 62 61 31 30 29 28 27 26 25 24 23 21 20 19 18 17 16 
23 139 138 137 136 135 134 133 132 131 130 129 83 82 80 78 74 73 72 71 70 69 68 67 66 65 64 63 62 61 31 30 29 28 27 26 25 24 22 21 20 19 18 17 16 
24 139 138 137 136 135 134 133 132 131 130 129 128 83 82 80 78 75 74 73 72 71 70 69 68 67 66 65 64 63 62 61 31 30 29 28 27 26 25 23 22 21 20 19 18 17 16 
25 139 138 137 136 135 134 133 132 131 130 129 128 127 83 82 80 78 76 75 74 73 72 71 70 69 68 67 66 65 64 63 62 61 31 30 29 28 27 26 24 23 22 21 20 19 18 17 16 
26 205 204 202 201 200 199 198 196 195 194 193 192 191 190 189 188 187 186 185 184 180 179 178 177 176 175 174 173 172 171 170 169 168 167 166 164 162 161 160 159 158 157 156 150 148 147 146 143 142 141 140 139 138 137 136 135 134 133 132 131 130 129 128 127 126 122 121 120 119 117 116 115 112 105 104 103 102 101 96 94 83 82 80 78 68 67 66 65 64 63 62 61 60 59 58 56 55 53 50 47 46 44 42 40 35 32 31 30 29 28 27 25 24 23 22 21 20 19 18 17 16 
27 139 138 137 136 135 83 82 80 78 68 67 66 65 64 63 62 61 53 47 46 44 42 40 35 32 31 30 29 28 26 25 24 23 22 21 20 19 18 17 16 
28 139 138 137 136 135 83 82 80 78 68 67 66 65 64 63 62 61 53 47 46 44 42 40 35 32 31 30 29 27 26 25 24 23 22 21 20 19 18 17 16 
29 139 138 137 136 135 83 82 80 78 68 67 66 65 64 63 62 61 53 47 46 44 42 40 35 32 31 30 28 27 26 25 24 23 22 21 20 19 18 17 16 
30 139 138 137 136 135 83 82 80 78 68 67 66 65 64 63 62 61 53 47 46 44 42 40 35 32 31 29 28 27 26 25 24 23 22 21 20 19 18 17 16 
31 139 138 137 136 135 83 82 80 78 68 67 66 65 64 63 62 61 53 47 46 44 42 40 35 32 30 29 28 27 26 25 24 23 22 21 20 19 18 17 16 
32 205 204 159 158 157 156 150 148 147 146 143 142 141 140 122 121 120 119 117 116 115 112 105 104 103 102 101 96 94 60 59 58 53 50 47 46 44 42 40 35 31 30 29 28 27 26 16 15 14 13 12 11 10 9 8 7 6 5 4 3 2 1 0 
33 
34 
35 205 204 202 201 200 199 198 196 195 194 193 192 191 190 189 188 187 186 185 184 180 179 178 177 176 175 174 173 172 171 170 169 168 167 166 164 162 161 160 159 158 157 156 150 148 147 146 143 142 141 140 134 133 132 131 130 129 128 127 126 125 124 123 122 121 120 119 117 116 115 112 105 104 103 102 101 96 94 60 59 58 56 55 53 50 47 46 44 42 40 32 31 30 29 28 27 26 16 15 14 13 12 11 10 9 8 7 6 5 4 3 2 1 0 
36 
37 
38 
39 
40 205 204 202 201 200 199 198 196 195 194 193 192 191 190 189 188 187 186 185 184 180 179 178 177 176 175 174 173 172 171 170 169 168 167 166 164 162 161 160 159 158 157 156 150 148 147 146 143 142 141 140 122 121 120 119 117 116 115 112 105 104 103 102 101 60 59 58 56 55 53 50 47 44 42 35 32 31 30 29 28 27 26 16 15 14 13 12 11 10 9 8 7 6 5 4 3 2 1 0 
41 
42 205 204 202 201 200 199 198 196 195 194 193 192 191 190 189 188 187 186 185 184 180 179 178 177 176 175 174 173 172 171 170 169 168 167 166 164 162 161 160 159 158 157 156 150 148 147 146 143 142 141 140 122 121 120 119 117 116 115 112 105 104 103 102 101 60 59 58 56 55 53 50 47 44 40 35 32 31 30 29 28 27 26 16 15 14 13 12 11 10 9 8 7 6 5 4 3 2 1 0 
43 
44 205 204 202 201 200 199 198 196 195 194 193 192 191 190 189 188 187 186 185 184 176 175 174 173 172 171 170 169 168 167 166 164 162 161 160 159 158 157 156 150 148 147 146 143 142 141 140 122 121 120 119 117 116 115 112 105 104 103 102 101 60 59 58 56 55 53 50 47 42 40 35 32 31 30 29 28 27 26 16 15 14 13 12 11 10 9 8 7 6 5 4 3 2 1 0 
45 
46 94 90 89 88 86 50 47 35 32 31 30 29 28 27 26 16 15 14 13 12 11 10 9 8 7 6 5 4 3 2 1 0 
47 205 204 186 185 184 159 158 157 156 150 148 147 146 143 142 141 140 122 121 120 119 117 116 115 112 105 104 103 102 101 96 94 60 59 58 53 50 46 44 42 40 35 32 31 30 29 28 27 26 16 15 14 13 12 11 10 9 8 7 6 5 4 3 2 1 0 
48 
49 
50 205 204 202 201 200 199 198 196 195 194 193 192 191 190 189 188 187 186 185 184 180 179 178 177 176 175 174 173 172 171 170 169 168 167 166 164 162 161 160 159 158 157 156 150 148 143 142 141 140 122 121 120 119 117 116 115 112 105 104 103 102 101 96 94 60 59 58 56 55 53 47 46 44 42 40 35 32 26 16 15 14 13 12 11 10 9 8 7 6 5 4 3 2 1 0 
51 
52 
53 205 204 202 201 200 199 198 196 195 194 193 192 191 190 189 188 187 186 185 184 180 179 178 177 176 175 174 173 172 171 170 169 168 167 166 164 162 161 160 159 158 157 156 150 148 147 146 143 142 141 140 122 121 120 119 117 116 115 112 105 104 103 102 101 60 59 58 56 55 50 47 44 42 40 35 32 31 30 29 28 27 26 16 15 14 13 12 11 10 9 8 7 6 5 4 3 2 1 0 
54 
55 202 201 200 199 198 194 187 185 164 160 120 60 56 53 50 44 42 40 35 26 16 15 14 13 12 11 10 9 8 7 6 5 4 3 2 1 0 
56 180 179 178 177 176 175 174 173 172 171 170 169 168 167 166 120 60 55 53 50 44 42 40 35 26 16 15 14 13 12 11 10 9 8 7 6 5 4 3 2 1 0 
57 
58 117 116 115 59 53 50 47 44 42 40 35 32 26 16 15 14 13 12 11 10 9 8 7 6 5 4 3 2 1 0 
59 119 117 116 115 60 58 53 50 47 44 42 40 35 32 26 16 15 14 13 12 11 10 9 8 7 6 5 4 3 2 1 0 
60 202 201 200 199 198 196 195 194 193 192 191 190 189 188 187 186 185 184 180 179 178 177 176 175 174 173 172 171 170 169 168 167 166 164 162 161 160 159 158 157 156 147 146 143 142 141 140 122 121 120 119 59 56 55 53 50 47 44 42 40 35 32 26 16 15 14 13 12 11 10 9 8 7 6 5 4 3 2 1 0 
61 31 30 29 28 27 26 25 24 23 22 21 20 19 18 17 16 15 13 12 11 10 9 8 7 6 5 4 2 1 0 
62 31 30 29 28 27 26 25 24 23 22 21 20 19 18 17 16 15 13 12 11 10 9 8 7 6 5 2 1 0 
63 31 30 29 28 27 26 25 24 23 22 21 20 19 18 17 16 15 13 12 11 10 9 8 7 6 2 1 0 
64 31 30 29 28 27 26 25 24 23 22 21 20 19 18 17 16 15 13 12 11 10 9 8 7 2 1 0 
65 31 30 29 28 27 26 25 24 23 22 21 20 19 18 17 16 15 13 12 11 10 9 8 2 1 0 
66 139 138 137 136 135 83 82 80 78 68 67 31 30 29 28 27 26 25 24 23 22 21 20 19 18 17 16 15 14 13 12 11 10 9 2 1 0 
67 139 138 137 136 135 83 82 80 78 68 66 31 30 29 28 27 26 25 24 23 22 21 20 19 18 17 16 15 14 13 12 11 10 2 1 0 
68 139 138 137 136 135 83 82 80 78 67 66 31 30 29 28 27 26 25 24 23 22 21 20 19 18 17 16 15 14 13 12 11 10 2 1 0 
69 25 24 23 22 21 20 19 18 16 15 14 13 12 11 10 9 8 7 6 5 4 3 2 1 0 
70 25 24 23 22 21 20 19 16 15 14 13 12 11 10 9 8 7 6 5 4 3 2 1 0 
71 25 24 23 22 21 20 16 15 14 13 12 11 10 9 8 7 6 5 4 3 2 1 0 
72 25 24 23 22 21 16 15 14 13 12 11 10 9 8 7 6 5 4 3 2 1 0 
73 25 24 23 22 16 15 14 13 12 11 10 9 8 7 6 5 4 3 2 1 0 
74 25 24 23 16 15 14 13 12 11 10 9 8 7 6 5 4 3 2 1 0 
75 25 24 16 15 14 13 12 11 10 9 8 7 6 5 4 3 2 1 0 
76 25 16 15 14 13 12 11 10 9 8 7 6 5 4 3 2 1 0 
77 16 15 14 13 12 11 10 9 8 7 6 5 4 3 2 1 0 
78 83 82 80 68 67 66 31 30 29 28 27 26 25 24 23 22 21 20 19 18 17 16 15 14 13 12 11 10 2 1 0 
79 16 15 14 13 12 11 10 9 8 7 6 5 4 3 2 1 0 
80 83 82 78 68 67 66 31 30 29 28 27 26 25 24 23 22 21 20 19 18 17 16 15 14 13 12 11 10 2 1 0 
81 16 15 14 13 12 11 10 9 8 7 6 5 4 3 2 1 0 
82 83 80 78 68 67 66 31 30 29 28 27 26 25 24 23 22 21 20 19 18 17 16 15 14 13 12 11 10 2 1 0 
83 82 80 78 68 67 66 31 30 29 28 27 26 25 24 23 22 21 20 19 18 17 16 15 14 13 12 11 10 2 1 0 
84 16 15 14 13 12 11 10 9 8 7 6 5 4 3 2 1 0 
85 
86 46 16 15 14 13 12 11 10 9 8 7 6 5 4 3 2 1 0 
87 
88 89 46 16 15 14 13 12 11 10 9 8 7 6 5 4 3 2 1 0 
89 88 46 16 15 14 13 12 11 10 9 8 7 6 5 4 3 2 1 0 
90 46 16 15 14 13 12 11 10 9 8 7 6 5 4 3 2 1 0 
91 
92 
93 
94 50 47 46 35 32 26 16 15 14 13 12 11 10 9 8 7 6 5 4 3 2 1 0 
95 
96 50 47 35 32 26 16 15 14 13 12 11 10 9 8 7 6 5 4 3 2 1 0 
97 
98 
99 
100 
101 53 50 47 44 42 40 35 32 26 16 15 14 13 12 11 10 9 8 7 6 5 4 3 2 1 0 
102 103 53 50 47 44 42 40 35 32 26 16 15 14 13 12 11 10 9 8 7 6 5 4 3 2 1 0 
103 102 53 50 47 44 42 40 35 32 26 16 15 14 13 12 11 10 9 8 7 6 5 4 3 2 1 0 
104 53 50 47 44 42 40 35 32 26 16 15 14 13 12 11 10 9 8 7 6 5 4 3 2 1 0 
105 112 53 50 47 44 42 40 35 32 26 16 15 14 13 12 11 10 9 8 7 6 5 4 3 2 1 0 
106 
107 
108 
109 
110 
111 
112 105 53 50 47 44 42 40 35 32 26 16 15 14 13 12 11 10 9 8 7 6 5 4 3 2 1 0 
113 
114 
115 116 59 58 53 50 47 44 42 40 35 32 26 16 15 14 13 12 11 10 9 8 7 6 5 4 3 2 1 0 
116 115 59 58 53 50 47 44 42 40 35 32 26 16 15 14 13 12 11 10 9 8 7 6 5 4 3 2 1 0 
117 59 58 53 50 47 44 42 40 35 32 26 16 15 14 13 12 11 10 9 8 7 6 5 4 3 2 1 0 
118 
119 60 59 53 50 47 44 42 40 35 32 26 16 15 14 13 12 11 10 9 8 7 6 5 4 3 2 1 0 
120 202 201 200 199 198 196 195 194 193 192 191 190 189 188 187 186 185 184 180 179 178 177 176 175 174 173 172 171 170 169 168 167 166 164 162 161 160 159 158 157 156 147 146 143 142 141 140 122 121 60 56 55 53 50 47 44 42 40 35 32 26 16 15 14 13 12 11 10 9 8 7 6 5 4 3 2 1 0 
121 120 60 53 50 47 44 42 40 35 32 26 16 15 14 13 12 11 10 9 8 7 6 5 4 3 2 1 0 
122 120 60 53 50 47 44 42 40 35 32 26 16 15 14 13 12 11 10 9 8 7 6 5 4 3 2 1 0 
123 35 16 15 14 13 12 11 10 9 8 7 6 5 4 3 2 1 0 
124 35 16 15 14 13 12 11 10 9 8 7 6 5 4 3 2 1 0 
125 35 16 15 14 13 12 11 10 9 8 7 6 5 4 3 2 1 0 
126 134 133 132 131 130 129 128 127 35 26 16 15 14 13 12 11 10 9 8 7 6 5 4 3 2 1 0 
127 134 133 132 131 130 129 128 126 35 26 25 16 15 14 13 12 11 10 9 8 7 6 5 4 3 2 1 0 
128 134 133 132 131 130 129 127 126 35 26 25 24 16 15 14 13 12 11 10 9 8 7 6 5 4 3 2 1 0 
129 134 133 132 131 130 128 127 126 35 26 25 24 23 16 15 14 13 12 11 10 9 8 7 6 5 4 3 2 1 0 
130 134 133 132 131 129 128 127 126 35 26 25 24 23 22 16 15 14 13 12 11 10 9 8 7 6 5 4 3 2 1 0 
131 134 133 132 130 129 128 127 126 35 26 25 24 23 22 21 16 15 14 13 12 11 10 9 8 7 6 5 4 3 2 1 0 
132 134 133 131 130 129 128 127 126 35 26 25 24 23 22 21 20 16 15 14 13 12 11 10 9 8 7 6 5 4 3 2 1 0 
133 134 132 131 130 129 128 127 126 35 26 25 24 23 22 21 20 19 16 15 14 13 12 11 10 9 8 7 6 5 4 3 2 1 0 
134 133 132 131 130 129 128 127 126 35 26 25 24 23 22 21 20 19 18 16 15 14 13 12 11 10 9 8 7 6 5 4 3 2 1 0 
135 139 138 137 136 68 67 66 31 30 29 28 27 26 25 24 23 22 21 20 19 18 17 16 15 9 8 1 0 
136 139 138 137 135 68 67 66 31 30 29 28 27 26 25 24 23 22 21 20 19 18 17 16 15 9 8 7 1 0 
137 139 138 136 135 68 67 66 31 30 29 28 27 26 25 24 23 22 21 20 19 18 17 16 15 9 8 7 6 1 0 
138 139 137 136 135 68 67 66 31 30 29 28 27 26 25 24 23 22 21 20 19 18 17 16 15 9 8 7 6 5 1 0 
139 138 137 136 135 68 67 66 31 30 29 28 27 26 25 24 23 22 21 20 19 18 17 16 15 9 8 7 6 5 4 1 0 
140 120 60 53 50 47 44 42 40 35 32 26 16 15 14 13 12 11 10 9 8 7 6 5 4 3 2 1 0 
141 120 60 53 50 47 44 42 40 35 32 26 16 15 14 13 12 11 10 9 8 7 6 5 4 3 2 1 0 
142 120 60 53 50 47 44 42 40 35 32 26 16 15 14 13 12 11 10 9 8 7 6 5 4 3 2 1 0 
143 120 60 53 50 47 44 42 40 35 32 26 16 15 14 13 12 11 10 9 8 7 6 5 4 3 2 1 0 
144 
145 
146 120 60 53 47 44 42 40 35 32 26 16 15 14 13 12 11 10 9 8 7 6 5 4 3 2 1 0 
147 120 60 53 47 44 42 40 35 32 26 16 15 14 13 12 11 10 9 8 7 6 5 4 3 2 1 0 
148 53 50 47 44 42 40 35 32 26 16 15 14 13 12 11 10 9 8 7 6 5 4 3 2 1 0 
149 
150 53 50 47 44 42 40 35 32 26 16 15 14 13 12 11 10 9 8 7 6 5 4 3 2 1 0 
151 
152 
153 
154 
155 
156 157 120 60 53 50 47 44 42 40 35 32 26 16 15 14 13 12 11 10 9 8 7 6 5 4 3 2 1 0 
157 156 120 60 53 50 47 44 42 40 35 32 26 16 15 14 13 12 11 10 9 8 7 6 5 4 3 2 1 0 
158 120 60 53 50 47 44 42 40 35 32 26 16 15 14 13 12 11 10 9 8 7 6 5 4 3 2 1 0 
159 120 60 53 50 47 44 42 40 35 32 26 16 15 14 13 12 11 10 9 8 7 6 5 4 3 2 1 0 
160 164 162 161 120 60 55 53 50 44 42 40 35 26 16 15 14 13 12 11 10 9 8 7 6 5 4 3 2 1 0 
161 160 120 60 53 50 44 42 40 35 26 16 15 14 13 12 11 10 9 8 7 6 5 4 3 2 1 0 
162 160 120 60 53 50 44 42 40 35 26 16 15 14 13 12 11 10 9 8 7 6 5 4 3 2 1 0 
163 
164 160 120 60 55 53 50 44 42 40 35 26 16 15 14 13 12 11 10 9 8 7 6 5 4 3 2 1 0 
165 
166 180 179 178 177 176 175 174 173 172 171 170 169 168 167 120 60 56 53 50 44 42 40 35 26 16 15 14 13 12 11 10 9 8 7 6 5 4 3 2 1 0 
167 166 120 60 56 53 50 44 42 40 35 26 16 15 14 13 12 11 10 9 8 7 6 5 4 3 2 1 0 
168 174 173 172 171 170 169 166 120 60 56 53 50 44 42 40 35 26 16 15 14 13 12 11 10 9 8 7 6 5 4 3 2 1 0 
169 168 166 120 60 56 53 50 44 42 40 35 26 16 15 14 13 12 11 10 9 8 7 6 5 4 3 2 1 0 
170 168 166 120 60 56 53 50 44 42 40 35 26 16 15 14 13 12 11 10 9 8 7 6 5 4 3 2 1 0 
171 173 172 168 166 120 60 56 53 50 44 42 40 35 26 16 15 14 13 12 11 10 9 8 7 6 5 4 3 2 1 0 
172 171 168 166 120 60 56 53 50 44 42 40 35 26 16 15 14 13 12 11 10 9 8 7 6 5 4 3 2 1 0 
173 171 168 166 120 60 56 53 50 44 42 40 35 26 16 15 14 13 12 11 10 9 8 7 6 5 4 3 2 1 0 
174 168 166 120 60 56 53 50 44 42 40 35 26 16 15 14 13 12 11 10 9 8 7 6 5 4 3 2 1 0 
175 166 120 60 56 53 50 44 42 40 35 26 16 15 14 13 12 11 10 9 8 7 6 5 4 3 2 1 0 
176 166 120 60 56 53 50 44 42 40 35 26 16 15 14 13 12 11 10 9 8 7 6 5 4 3 2 1 0 
177 166 120 60 56 53 50 42 40 35 26 16 15 14 13 12 11 10 9 8 7 6 5 4 3 2 1 0 
178 166 120 60 56 53 50 42 40 35 26 16 15 14 13 12 11 10 9 8 7 6 5 4 3 2 1 0 
179 166 120 60 56 53 50 42 40 35 26 16 15 14 13 12 11 10 9 8 7 6 5 4 3 2 1 0 
180 166 120 60 56 53 50 42 40 35 26 16 15 14 13 12 11 10 9 8 7 6 5 4 3 2 1 0 
181 
182 
183 
184 194 193 192 191 190 189 188 187 186 185 120 60 53 50 47 44 42 40 35 26 16 15 14 13 12 11 10 9 8 7 6 5 4 3 2 1 0 
185 198 196 195 194 193 192 191 190 189 188 187 186 184 120 60 55 53 50 47 44 42 40 35 26 16 15 14 13 12 11 10 9 8 7 6 5 4 3 2 1 0 
186 193 192 191 190 189 188 187 185 184 120 60 53 50 47 44 42 40 35 26 16 15 14 13 12 11 10 9 8 7 6 5 4 3 2 1 0 
187 201 200 199 198 196 195 194 193 192 191 190 189 188 186 185 184 120 60 55 53 50 44 42 40 35 26 16 15 14 13 12 11 10 9 8 7 6 5 4 3 2 1 0 
188 187 186 185 184 120 60 53 50 44 42 40 35 26 16 15 14 13 12 11 10 9 8 7 6 5 4 3 2 1 0 
189 187 186 185 184 120 60 53 50 44 42 40 35 26 16 15 14 13 12 11 10 9 8 7 6 5 4 3 2 1 0 
190 191 187 186 185 184 120 60 53 50 44 42 40 35 26 16 15 14 13 12 11 10 9 8 7 6 5 4 3 2 1 0 
191 190 187 186 185 184 120 60 53 50 44 42 40 35 26 16 15 14 13 12 11 10 9 8 7 6 5 4 3 2 1 0 
192 195 194 193 187 186 185 184 120 60 53 50 44 42 40 35 26 16 15 14 13 12 11 10 9 8 7 6 5 4 3 2 1 0 
193 192 187 186 185 184 120 60 53 50 44 42 40 35 26 16 15 14 13 12 11 10 9 8 7 6 5 4 3 2 1 0 
194 199 198 196 195 192 187 185 184 120 60 55 53 50 44 42 40 35 26 16 15 14 13 12 11 10 9 8 7 6 5 4 3 2 1 0 
195 194 192 187 185 120 60 53 50 44 42 40 35 26 16 15 14 13 12 11 10 9 8 7 6 5 4 3 2 1 0 
196 194 187 185 120 60 53 50 44 42 40 35 26 16 15 14 13 12 11 10 9 8 7 6 5 4 3 2 1 0 
197 
198 194 187 185 120 60 55 53 50 44 42 40 35 26 16 15 14 13 12 11 10 9 8 7 6 5 4 3 2 1 0 
199 194 187 120 60 55 53 50 44 42 40 35 26 16 15 14 13 12 11 10 9 8 7 6 5 4 3 2 1 0 
200 202 201 187 120 60 55 53 50 44 42 40 35 26 16 15 14 13 12 11 10 9 8 7 6 5 4 3 2 1 0 
201 200 187 120 60 55 53 50 44 42 40 35 26 16 15 14 13 12 11 10 9 8 7 6 5 4 3 2 1 0 
202 200 120 60 55 53 50 44 42 40 35 26 16 15 14 13 12 11 10 9 8 7 6 5 4 3 2 1 0 
203 
204 205 53 50 47 44 42 40 35 32 26 16 15 14 13 12 11 10 9 8 7 6 5 4 3 2 1 0 
205 204 53 50 47 44 42 40 35 32 26 16 15 14 13 12 11 10 9 8 7 6 5 4 3 2 1 0 

