0 8 2 
1 5 7 
2 7 0 
3 9 6 
4 8 6 
5 14 1 
6 4 3 
7 2 1 
8 4 0 
9 10 3 
10 12 9 
11 19 18 
12 13 10 
13 15 12 
14 20 5 
15 16 13 
16 17 15 
17 23 16 
18 24 11 
19 21 11 
20 25 14 
21 22 19 
22 28 21 
23 31 17 
24 26 18 
25 27 20 
26 30 24 
27 37 25 
28 29 22 
29 38 28 
30 33 26 
31 32 23 
32 42 31 
33 34 30 
34 35 33 
35 36 34 
36 39 35 
37 40 27 
38 41 29 
39 47 36 
40 46 37 
41 48 38 
42 43 32 
43 44 42 
44 45 43 
45 50 44 
46 63 40 
47 55 39 
48 49 41 
49 53 48 
50 51 45 
51 61 50 
52 59 54 
53 60 49 
54 57 52 
55 56 47 
56 58 55 
57 62 54 
58 56 
59 52 
60 53 
61 64 51 
62 57 
63 46 
64 61 

