0 3 6 8 1 
1 4 6 2 0 
2 3 5 7 1 
3 7 5 0 2 
4 16 6 1 
5 8 7 3 2 
6 10 4 1 0 
7 9 5 3 2 
8 20 5 0 
9 18 14 11 7 
10 12 6 
11 27 9 
12 15 13 10 
13 41 28 19 12 
14 31 30 9 
15 29 26 12 
16 21 17 4 
17 38 24 16 
18 71 39 35 9 
19 13 
20 49 23 8 
21 70 22 16 
22 21 
23 20 
24 61 40 25 17 
25 65 24 
26 69 33 15 
27 11 
28 63 42 13 
29 46 34 15 
30 68 14 
31 45 32 14 
32 37 31 
33 52 36 26 
34 60 48 29 
35 54 18 
36 53 33 
37 32 
38 56 17 
39 46 43 18 
40 47 44 24 
41 13 
42 28 
43 39 
44 51 40 
45 72 31 
46 39 29 
47 66 40 
48 57 34 
49 64 59 50 20 
50 49 
51 44 
52 62 33 
53 55 36 
54 58 35 
55 67 53 
56 63 38 
57 48 
58 54 
59 49 
60 34 
61 24 
62 52 
63 56 28 
64 49 
65 73 25 
66 47 
67 55 
68 30 
69 26 
70 21 
71 18 
72 45 
73 65 

