0 5 2 
1 6 8 
2 3 0 
3 7 2 
4 6 10 
5 9 0 
6 4 1 
7 9 3 
8 10 1 
9 7 5 
10 8 4 
11 13 12 
12 15 11 
13 14 11 
14 16 13 
15 18 12 
16 20 14 
17 25 23 
18 19 15 
19 34 18 
20 22 16 
21 31 24 
22 26 20 
23 29 17 
24 35 21 
25 28 17 
26 27 22 
27 44 26 
28 38 25 
29 30 23 
30 32 29 
31 41 21 
32 33 30 
33 53 32 
34 37 19 
35 36 24 
36 39 35 
37 45 34 
38 52 28 
39 40 36 
40 42 39 
41 49 31 
42 43 40 
43 51 42 
44 46 27 
45 47 37 
46 54 44 
47 48 45 
48 50 47 
49 61 41 
50 56 48 
51 43 
52 58 38 
53 60 33 
54 55 46 
55 59 54 
56 57 50 
57 63 56 
58 64 52 
59 55 
60 62 53 
61 66 49 
62 65 60 
63 67 57 
64 58 
65 62 
66 68 61 
67 63 
68 66 

