0 21 15 11 
1 24 8 2 
2 10 9 1 
3 36 22 4 
4 8 3 
5 69 20 11 
6 66 46 9 
7 12 11 9 
8 13 1 4 
9 7 6 2 
10 57 31 2 
11 7 5 0 
12 17 14 7 
13 32 14 8 
14 50 13 12 
15 49 16 0 
16 23 18 15 
17 19 12 
18 59 33 16 
19 60 27 17 
20 26 25 5 
21 28 0 
22 42 3 
23 29 16 
24 41 1 
25 34 30 20 
26 52 20 
27 54 19 
28 21 
29 51 47 23 
30 35 25 
31 64 10 
32 46 13 
33 18 
34 25 
35 37 30 
36 43 3 
37 38 35 
38 44 39 37 
39 40 38 
40 56 39 
41 24 
42 45 22 
43 36 
44 48 38 
45 53 42 
46 55 32 6 
47 29 
48 44 
49 15 
50 62 14 
51 29 
52 26 
53 67 45 
54 61 27 
55 46 
56 58 40 
57 63 10 
58 56 
59 18 
60 19 
61 68 54 
62 50 
63 65 57 
64 31 
65 63 
66 6 
67 53 
68 61 
69 70 5 
70 69 

