0 3 11 7 10 9 
1 4 2 9 6 11 
2 6 7 11 3 1 
3 9 7 5 2 0 
4 6 7 1 10 9 
5 6 10 7 11 3 
6 2 10 5 4 1 
7 5 4 3 2 0 
8 31 29 15 10 
9 11 4 3 1 0 
10 8 6 5 4 0 
11 9 5 2 1 0 
12 53 39 30 24 14 
13 37 17 
14 24 21 16 12 
15 62 19 8 
16 43 34 20 14 
17 59 45 36 18 13 
18 32 17 
19 63 15 
20 25 16 
21 68 28 26 22 14 
22 61 54 23 21 
23 52 48 47 22 
24 40 27 14 12 
25 20 
26 56 21 
27 49 44 33 24 
28 42 41 21 
29 8 
30 12 
31 8 
32 67 18 
33 50 35 27 
34 38 16 
35 33 
36 17 
37 58 13 
38 46 34 
39 51 12 
40 24 
41 49 28 
42 57 28 
43 16 
44 27 
45 17 
46 65 38 
47 23 
48 66 60 23 
49 41 27 
50 33 
51 39 
52 23 
53 64 12 
54 55 22 
55 63 54 
56 26 
57 42 
58 37 
59 17 
60 48 
61 22 
62 15 
63 55 19 
64 53 
65 46 
66 48 
67 32 
68 21 

