0 0.4066
1 0.3776
2 0.3592
3 0.4181
4 0.2652
5 0.3491
6 0.3176
7 0.3541
8 0.3558
9 0.2792
10 0.3957
11 0.3162
12 0.2996
13 0.2984
14 0.2652
15 0.2902
16 0.2761
17 0.2960
18 0.3719
19 0.2615
20 0.2913
21 0.2102
22 0.2633
23 0.2291
24 0.2263
25 0.3083
26 0.2960
27 0.2216
28 0.2960
29 0.2868
30 0.3033
31 0.3260
32 0.2960
33 0.3149
34 0.2305
35 0.2721
36 0.2721
37 0.2596
38 0.2256
39 0.2410
40 0.2902
41 0.3149
42 0.2442
43 0.2711
44 0.2475
45 0.2846
46 0.3109
47 0.2972
48 0.2596
49 0.2079
50 0.1818
51 0.2960
52 0.3045
53 0.3458
54 0.2902
55 0.2090
56 0.2236
57 0.3474
58 0.2256
59 0.3008
60 0.2578
61 0.3109
62 0.2948
63 0.2596
64 0.2410
65 0.2960
66 0.2711
67 0.2902
68 0.2298
69 0.2902
70 0.2379
71 0.2170
72 0.2996
73 0.1818
74 0.2418

0 0.4405
1 0.3756
2 0.4353
3 0.4253
4 0.3936
5 0.4405
6 0.3149
7 0.3364
8 0.3149
9 0.4000
10 0.3176
11 0.3122
12 0.3149
13 0.3410
14 0.3700
15 0.2552
16 0.3071
17 0.3458
18 0.3096
19 0.2972
20 0.3592
21 0.2835
22 0.3426
23 0.2857
24 0.3854
25 0.3442
26 0.2846
27 0.2792
28 0.2372
29 0.2652
30 0.3203
31 0.3045
32 0.2711
33 0.2868
34 0.3109
35 0.2671
36 0.3071
37 0.3045
38 0.3558
39 0.2561
40 0.2552
41 0.3045
42 0.2587
43 0.2711
44 0.2569
45 0.3096
46 0.2578
47 0.2925
48 0.3333
49 0.2061
50 0.3491
51 0.2372
52 0.2751
53 0.2114
54 0.3176
55 0.2403
56 0.2298
57 0.3071
58 0.2102
59 0.2996
60 0.2792
61 0.2552
62 0.2403
63 0.3149
64 0.2772
65 0.3348
66 0.3627
67 0.2164
68 0.3136
69 0.2229
70 0.2387
71 0.3274
72 0.2835
73 0.2176
74 0.2868

0 0.3719
1 0.4088
2 0.3682
3 0.3083
4 0.2984
5 0.2701
6 0.3442
7 0.2379
8 0.3474
9 0.2814
10 0.2835
11 0.3190
12 0.2606
13 0.3176
14 0.2913
15 0.2721
16 0.2085
17 0.3318
18 0.3246
19 0.2426
20 0.2270
21 0.3136
22 0.2701
23 0.2937
24 0.2701
25 0.2458
26 0.2937
27 0.2937
28 0.2277
29 0.1927
30 0.3348
31 0.2913
32 0.2913
33 0.2701
34 0.2792
35 0.2508
36 0.2403
37 0.2984
38 0.2606
39 0.3058
40 0.2022
41 0.2701
42 0.2517
43 0.2543
44 0.2517
45 0.2061
46 0.2349
47 0.1855
48 0.2721
49 0.2270
50 0.2701
51 0.1883
52 0.1602
53 0.2500
54 0.1989
55 0.2016
56 0.2145
57 0.2569
58 0.2073
59 0.1721
60 0.2879
61 0.2202
62 0.1471
63 0.1663
64 0.1907
65 0.2913
66 0.1713
67 0.1713
68 0.1729
69 0.2044
70 0.2277
71 0.1383
72 0.2701
73 0.1383
74 0.1942

0 0.4088
1 0.3592
2 0.3627
3 0.3682
4 0.3045
5 0.2342
6 0.3246
7 0.2803
8 0.4066
9 0.3217
10 0.2925
11 0.3176
12 0.3682
13 0.3458
14 0.2543
15 0.3033
16 0.3058
17 0.2691
18 0.2972
19 0.3020
20 0.2467
21 0.2108
22 0.2327
23 0.3318
24 0.2126
25 0.2349
26 0.2913
27 0.3149
28 0.2902
29 0.3394
30 0.2357
31 0.3083
32 0.1893
33 0.2643
34 0.2902
35 0.2913
36 0.2458
37 0.3176
38 0.1922
39 0.2615
40 0.2948
41 0.2937
42 0.2731
43 0.3058
44 0.2960
45 0.2364
46 0.1979
47 0.2458
48 0.3058
49 0.2364
50 0.2701
51 0.2270
52 0.1616
53 0.2442
54 0.2458
55 0.2633
56 0.2913
57 0.2681
58 0.2342
59 0.2948
60 0.1893
61 0.2792
62 0.2120
63 0.2701
64 0.2364
65 0.2164
66 0.2701
67 0.2284
68 0.2442
69 0.2671
70 0.2357
71 0.2349
72 0.2139
73 0.2096
74 0.2403

0 0.3592
1 0.3333
2 0.3491
3 0.3096
4 0.3719
5 0.3978
6 0.2925
7 0.2902
8 0.2652
9 0.2721
10 0.3663
11 0.2741
12 0.3109
13 0.3071
14 0.3136
15 0.3020
16 0.2379
17 0.3045
18 0.2711
19 0.2372
20 0.3524
21 0.2857
22 0.2857
23 0.2652
24 0.2313
25 0.2633
26 0.2937
27 0.2691
28 0.3231
29 0.2342
30 0.1968
31 0.2164
32 0.2691
33 0.2996
34 0.2313
35 0.2652
36 0.3136
37 0.2671
38 0.2691
39 0.2691
40 0.2126
41 0.2857
42 0.2857
43 0.2450
44 0.2157
45 0.2327
46 0.2879
47 0.2067
48 0.2948
49 0.2090
50 0.2721
51 0.1717
52 0.1893
53 0.2242
54 0.2879
55 0.2615
56 0.2256
57 0.2270
58 0.2342
59 0.2534
60 0.1792
61 0.2761
62 0.2721
63 0.1523
64 0.2342
65 0.2681
66 0.2857
67 0.2327
68 0.2256
69 0.2242
70 0.2552
71 0.2027
72 0.1902
73 0.2114
74 0.1648

0 0.3737
1 0.4512
2 0.3795
3 0.3645
4 0.3122
5 0.4066
6 0.2996
7 0.3203
8 0.3379
9 0.3190
10 0.3364
11 0.2772
12 0.2891
13 0.2902
14 0.3541
15 0.2552
16 0.3333
17 0.2711
18 0.3575
19 0.3045
20 0.3149
21 0.2902
22 0.2450
23 0.2803
24 0.2543
25 0.3122
26 0.2249
27 0.2342
28 0.2761
29 0.3524
30 0.2691
31 0.3458
32 0.2972
33 0.2249
34 0.2761
35 0.3122
36 0.3020
37 0.2434
38 0.3318
39 0.3246
40 0.2615
41 0.2633
42 0.3260
43 0.2543
44 0.3203
45 0.2534
46 0.3190
47 0.2643
48 0.1973
49 0.3122
50 0.3426
51 0.2372
52 0.1922
53 0.3203
54 0.2196
55 0.2467
56 0.2039
57 0.2033
58 0.3122
59 0.2027
60 0.2079
61 0.2033
62 0.2126
63 0.2434
64 0.2731
65 0.2403
66 0.2761
67 0.2761
68 0.2761
69 0.2458
70 0.2587
71 0.3410
72 0.2792
73 0.2792
74 0.2772

0 0.4431
1 0.3874
2 0.4654
3 0.3854
4 0.3096
5 0.3957
6 0.4044
7 0.3558
8 0.3379
9 0.3217
10 0.2846
11 0.3260
12 0.3610
13 0.3083
14 0.2721
15 0.2996
16 0.3109
17 0.3058
18 0.3289
19 0.3008
20 0.3162
21 0.2721
22 0.2349
23 0.3162
24 0.2410
25 0.2410
26 0.2334
27 0.2803
28 0.3333
29 0.3008
30 0.2467
31 0.2508
32 0.3083
33 0.2442
34 0.2426
35 0.3426
36 0.3318
37 0.2857
38 0.2313
39 0.2761
40 0.2410
41 0.2643
42 0.2517
43 0.3190
44 0.3379
45 0.1897
46 0.2792
47 0.2891
48 0.2803
49 0.1958
50 0.2846
51 0.3491
52 0.2320
53 0.3364
54 0.2846
55 0.2483
56 0.3071
57 0.3203
58 0.2891
59 0.2379
60 0.2662
61 0.2803
62 0.2096
63 0.2483
64 0.2772
65 0.2857
66 0.2925
67 0.2320
68 0.3394
69 0.2016
70 0.3190
71 0.2196
72 0.3260
73 0.3083
74 0.2410

0 0.4277
1 0.3176
2 0.3109
3 0.3795
4 0.3008
5 0.3474
6 0.3304
7 0.3008
8 0.3834
9 0.2671
10 0.2913
11 0.2500
12 0.2442
13 0.3333
14 0.2379
15 0.3426
16 0.2615
17 0.2643
18 0.2569
19 0.2277
20 0.2561
21 0.3109
22 0.3008
23 0.2263
24 0.2578
25 0.2741
26 0.3260
27 0.3122
28 0.2114
29 0.2387
30 0.2508
31 0.2145
32 0.2960
33 0.2327
34 0.2761
35 0.2561
36 0.3020
37 0.2170
38 0.2868
39 0.2569
40 0.3008
41 0.3318
42 0.2418
43 0.2379
44 0.2044
45 0.1859
46 0.2569
47 0.2467
48 0.2291
49 0.3045
50 0.2050
51 0.2270
52 0.2108
53 0.3008
54 0.2000
55 0.1953
56 0.2803
57 0.2313
58 0.2196
59 0.3274
60 0.2277
61 0.2782
62 0.1745
63 0.3008
64 0.3246
65 0.2044
66 0.2500
67 0.2782
68 0.2587
69 0.2056
70 0.1787
71 0.1859
72 0.3008
73 0.1709
74 0.2467

0 0.3394
1 0.3507
2 0.3541
3 0.3474
4 0.2984
5 0.3149
6 0.2379
7 0.3071
8 0.2782
9 0.2711
10 0.2803
11 0.2643
12 0.2349
13 0.2782
14 0.2372
15 0.2349
16 0.2320
17 0.2741
18 0.2857
19 0.2701
20 0.2543
21 0.2996
22 0.2467
23 0.2948
24 0.2108
25 0.2379
26 0.2741
27 0.2731
28 0.2587
29 0.2334
30 0.1897
31 0.3176
32 0.1745
33 0.1995
34 0.2372
35 0.2039
36 0.2587
37 0.2183
38 0.1922
39 0.2209
40 0.2624
41 0.1770
42 0.2450
43 0.1897
44 0.2492
45 0.1968
46 0.2108
47 0.2096
48 0.2102
49 0.1670
50 0.2022
51 0.1686
52 0.1749
53 0.2418
54 0.2606
55 0.2782
56 0.2643
57 0.1907
58 0.1907
59 0.1440
60 0.1907
61 0.1492
62 0.2157
63 0.1973
64 0.2711
65 0.1912
66 0.3058
67 0.2000
68 0.1434
69 0.2151
70 0.1973
71 0.2183
72 0.2500
73 0.1261
74 0.1953

0 0.4302
1 0.4205
2 0.3915
3 0.2846
4 0.4044
5 0.3663
6 0.2972
7 0.3776
8 0.3045
9 0.3008
10 0.2711
11 0.3289
12 0.2410
13 0.2891
14 0.3700
15 0.3045
16 0.2711
17 0.2500
18 0.3203
19 0.2711
20 0.3491
21 0.3289
22 0.2751
23 0.3109
24 0.2543
25 0.2005
26 0.3304
27 0.3834
28 0.2782
29 0.2824
30 0.2751
31 0.2814
32 0.2483
33 0.2711
34 0.2772
35 0.2782
36 0.2061
37 0.3162
38 0.2741
39 0.3162
40 0.2410
41 0.2342
42 0.2996
43 0.3176
44 0.3162
45 0.2298
46 0.2050
47 0.3109
48 0.3136
49 0.2033
50 0.3008
51 0.2151
52 0.2176
53 0.2857
54 0.2937
55 0.2277
56 0.3096
57 0.2596
58 0.2891
59 0.2960
60 0.2176
61 0.1775
62 0.2418
63 0.2222
64 0.2379
65 0.2395
66 0.2277
67 0.2291
68 0.2342
69 0.1713
70 0.2517
71 0.2139
72 0.2434
73 0.2313
74 0.3045

