0 69 67 62 54 53 46 40 31 25 18 12 11 5 1 
1 53 7 6 3 2 0 
2 10 9 4 3 1 
3 72 65 59 57 51 41 33 32 30 28 26 13 10 8 7 6 1 2 
4 2 
5 63 57 48 37 22 19 15 0 
6 74 72 31 3 1 
7 31 18 10 3 1 
8 53 52 14 10 3 
9 44 27 2 
10 61 45 29 20 18 17 8 7 3 2 
11 66 64 41 0 
12 42 0 
13 34 3 
14 21 8 
15 58 47 39 38 16 5 
16 71 61 39 15 
17 66 30 23 10 
18 47 36 35 10 7 0 
19 49 5 
20 33 24 10 
21 14 
22 62 55 5 
23 17 
24 20 
25 52 43 0 
26 3 
27 73 50 9 
28 3 
29 56 10 
30 17 3 
31 7 6 0 
32 3 
33 46 20 3 
34 13 
35 18 
36 18 
37 5 
38 15 
39 16 15 
40 0 
41 11 3 
42 44 12 
43 59 25 
44 52 42 9 
45 10 
46 33 0 
47 68 18 15 
48 5 
49 19 
50 27 
51 3 
52 44 25 8 
53 60 8 1 0 
54 0 
55 22 
56 29 
57 5 3 
58 15 
59 43 3 
60 53 
61 70 16 10 
62 22 0 
63 5 
64 11 
65 3 
66 17 11 
67 0 
68 47 
69 0 
70 61 
71 16 
72 6 3 
73 27 
74 6 

0 63 57 48 36 24 22 12 10 9 6 5 3 2 1 
1 3 2 0 
2 68 50 41 37 25 24 20 11 9 8 7 5 0 1 
3 65 59 18 17 14 13 5 4 1 0 
4 72 71 38 23 21 20 14 5 3 
5 66 54 45 38 34 30 24 16 9 7 4 3 2 0 
6 62 11 0 
7 5 2 
8 64 55 2 
9 74 65 33 30 24 14 5 2 0 
10 18 0 
11 70 6 2 
12 50 0 
13 61 50 40 17 15 3 
14 52 43 32 26 9 4 3 
15 13 
16 5 
17 66 46 29 19 13 3 
18 29 28 10 3 
19 56 22 17 
20 47 35 4 2 
21 4 
22 47 39 25 19 0 
23 69 4 
24 60 38 27 9 5 2 0 
25 66 44 42 22 2 
26 31 14 
27 24 
28 18 
29 58 18 17 
30 9 5 
31 71 68 48 26 
32 14 
33 9 
34 54 5 
35 53 20 
36 0 
37 2 
38 66 24 5 4 
39 22 
40 13 
41 2 
42 49 25 
43 14 
44 25 
45 51 5 
46 17 
47 22 20 
48 63 54 50 31 0 
49 42 
50 48 13 12 2 
51 45 
52 67 65 14 
53 35 
54 48 34 5 
55 8 
56 19 
57 0 
58 29 
59 3 
60 24 
61 13 
62 6 
63 48 0 
64 73 71 8 
65 52 9 3 
66 71 38 25 17 5 
67 52 
68 31 2 
69 23 
70 11 
71 66 64 31 4 
72 4 
73 64 
74 9 

0 48 21 18 8 6 3 2 1 
1 65 39 32 31 30 27 23 21 18 17 14 13 11 6 4 2 0 
2 72 50 41 37 33 30 24 22 17 15 10 8 5 3 0 1 
3 60 36 7 0 2 
4 46 1 
5 2 
6 57 37 12 9 1 0 
7 29 3 
8 38 34 26 13 11 2 0 
9 61 26 20 6 
10 11 2 
11 25 19 18 10 8 1 
12 16 6 
13 42 8 1 
14 1 
15 56 2 
16 68 12 
17 53 44 18 2 1 
18 35 17 11 1 0 
19 11 
20 51 47 9 
21 43 30 1 0 
22 2 
23 28 1 
24 2 
25 54 11 
26 60 9 8 
27 70 1 
28 23 
29 7 
30 60 43 34 21 2 1 
31 1 
32 1 
33 2 
34 30 8 
35 69 18 
36 74 40 3 
37 6 2 
38 58 8 
39 42 1 
40 49 36 
41 2 
42 45 39 13 
43 30 21 
44 55 17 
45 67 66 59 42 
46 69 64 4 
47 20 
48 0 
49 60 40 
50 2 
51 52 20 
52 73 71 51 
53 17 
54 63 25 
55 44 
56 15 
57 6 
58 38 
59 62 45 
60 49 30 26 3 
61 9 
62 59 
63 54 
64 46 
65 1 
66 45 
67 45 
68 16 
69 46 35 
70 27 
71 52 
72 2 
73 52 
74 36 

0 59 56 35 29 26 15 12 11 8 3 2 1 
1 40 23 16 12 6 2 0 
2 69 61 42 37 19 17 11 4 3 1 0 
3 50 16 8 2 0 
4 61 58 29 19 5 2 
5 4 
6 54 47 39 37 12 7 1 
7 44 14 6 
8 48 43 34 31 28 23 18 13 12 10 9 3 0 
9 68 53 37 8 
10 51 8 
11 59 20 2 0 
12 66 63 48 23 15 8 6 1 0 
13 44 41 33 27 8 
14 31 7 
15 12 0 
16 71 39 25 3 1 
17 24 2 
18 22 8 
19 41 30 4 2 
20 21 11 
21 70 20 
22 60 32 18 
23 12 8 1 
24 17 
25 16 
26 0 
27 74 44 40 36 29 13 
28 8 
29 55 27 4 0 
30 38 19 
31 64 57 49 45 14 8 
32 22 
33 73 65 13 
34 8 
35 0 
36 55 46 27 
37 9 6 2 
38 52 30 
39 70 16 6 
40 67 27 1 
41 43 19 13 
42 70 2 
43 41 8 
44 57 27 13 7 
45 31 
46 36 
47 6 
48 12 8 
49 31 
50 3 
51 10 
52 38 
53 9 
54 6 
55 72 36 29 
56 0 
57 62 44 31 
58 4 
59 11 0 
60 22 
61 4 2 
62 57 
63 12 
64 31 
65 72 33 
66 12 
67 40 
68 9 
69 2 
70 42 39 21 
71 16 
72 65 55 
73 33 
74 27 

0 65 37 35 26 23 21 20 18 15 8 4 2 1 
1 10 2 0 
2 21 4 3 1 0 
3 27 19 12 6 2 
4 62 61 50 36 26 15 11 9 5 2 0 
5 66 54 48 46 42 41 28 22 17 14 13 10 7 4 
6 59 57 28 24 3 
7 68 56 5 
8 0 
9 4 
10 39 38 36 33 32 20 14 13 5 1 
11 44 4 
12 20 17 16 3 
13 10 5 
14 70 10 5 
15 67 61 58 4 0 
16 12 
17 64 29 12 5 
18 31 0 
19 3 
20 55 25 12 10 0 
21 65 43 2 0 
22 5 
23 0 
24 30 6 
25 49 20 
26 4 0 
27 48 40 3 
28 33 6 5 
29 17 
30 74 47 24 
31 60 18 
32 10 
33 59 45 34 28 10 
34 33 
35 0 
36 10 4 
37 73 0 
38 10 
39 10 
40 27 
41 5 
42 5 
43 70 21 
44 11 
45 52 33 
46 53 5 
47 59 51 30 
48 27 5 
49 25 
50 4 
51 47 
52 45 
53 46 
54 69 5 
55 20 
56 7 
57 6 
58 72 15 
59 71 47 33 6 
60 63 31 
61 15 4 
62 4 
63 60 
64 17 
65 21 0 
66 5 
67 15 
68 7 
69 54 
70 43 14 
71 59 
72 58 
73 37 
74 30 

0 74 64 11 5 2 1 
1 58 53 49 46 44 42 39 38 35 31 29 25 20 18 14 9 5 4 3 2 0 
2 68 67 66 50 38 34 28 23 8 3 0 1 
3 36 6 1 2 
4 1 
5 71 50 32 21 16 14 10 1 0 
6 7 3 
7 37 22 18 13 12 6 
8 17 16 15 13 2 
9 50 1 
10 71 43 36 31 30 24 5 
11 23 0 
12 71 51 33 26 7 
13 45 8 7 
14 73 53 5 1 
15 56 8 
16 40 17 8 5 
17 16 8 
18 19 7 1 
19 63 50 27 18 
20 65 1 
21 5 
22 48 7 
23 54 11 2 
24 57 10 
25 1 
26 12 
27 19 
28 2 
29 72 71 1 
30 73 62 51 10 
31 10 1 
32 47 46 5 
33 12 
34 2 
35 1 
36 10 3 
37 7 
38 2 1 
39 70 69 44 1 
40 60 41 16 
41 63 42 40 
42 55 41 1 
43 61 10 
44 47 39 1 
45 72 59 13 
46 74 32 1 
47 44 32 
48 22 
49 1 
50 19 9 5 2 
51 52 30 12 
52 51 
53 14 1 
54 23 
55 42 
56 15 
57 24 
58 1 
59 45 
60 40 
61 43 
62 30 
63 41 19 
64 0 
65 20 
66 2 
67 2 
68 2 
69 39 
70 72 39 
71 29 12 10 5 
72 70 45 29 
73 30 14 
74 46 0 

0 73 72 57 51 32 23 18 13 12 11 6 3 2 1 
1 53 27 19 2 0 
2 70 68 44 43 36 28 9 8 7 6 5 3 0 1 
3 46 18 11 5 4 2 0 
4 6 3 
5 66 65 56 54 53 50 37 35 10 3 2 
6 58 51 47 44 29 20 16 8 4 2 0 
7 72 39 28 21 15 14 2 
8 6 2 
9 33 2 
10 5 
11 30 3 0 
12 61 60 35 17 15 0 
13 0 
14 64 7 
15 38 21 12 7 
16 59 53 6 
17 68 57 56 48 22 12 
18 63 55 3 0 
19 64 52 39 26 1 
20 74 53 25 24 6 
21 15 7 
22 17 
23 40 34 0 
24 20 
25 20 
26 45 19 
27 1 
28 31 7 2 
29 67 48 6 
30 11 
31 28 
32 0 
33 9 
34 49 23 
35 64 51 12 5 
36 42 41 2 
37 65 5 
38 15 
39 19 7 
40 23 
41 66 62 36 
42 69 36 
43 2 
44 6 2 
45 26 
46 3 
47 6 
48 68 29 17 
49 34 
50 5 
51 35 6 0 
52 19 
53 20 16 5 1 
54 5 
55 18 
56 61 17 5 
57 17 0 
58 6 
59 16 
60 12 
61 71 56 12 
62 41 
63 18 
64 35 19 14 
65 37 5 
66 41 5 
67 29 
68 48 17 2 
69 42 
70 2 
71 61 
72 7 0 
73 0 
74 20 

0 72 64 63 59 53 49 41 40 27 26 22 21 15 8 7 6 5 4 3 2 1 
1 24 3 0 
2 46 14 12 0 
3 38 32 15 8 5 1 0 
4 0 
5 68 34 17 16 9 6 3 0 
6 39 34 20 5 0 
7 0 
8 67 61 15 13 10 3 0 
9 28 16 11 5 
10 57 23 19 8 
11 34 32 9 
12 21 2 
13 36 35 30 25 18 8 
14 2 
15 8 3 0 
16 9 5 
17 31 5 
18 52 13 
19 45 10 
20 65 21 6 
21 43 20 12 0 
22 0 
23 10 
24 64 51 26 1 
25 56 37 33 13 
26 64 56 47 24 0 
27 38 29 0 
28 9 
29 27 
30 13 
31 60 17 
32 74 48 11 3 
33 74 25 
34 42 39 11 6 5 
35 69 44 13 
36 66 59 41 13 
37 70 25 
38 60 27 3 
39 34 6 
40 0 
41 46 36 0 
42 66 55 34 
43 21 
44 35 
45 19 
46 50 41 2 
47 26 
48 32 
49 59 0 
50 46 
51 56 24 
52 62 54 18 
53 0 
54 57 52 
55 42 
56 64 58 51 26 25 
57 54 10 
58 56 
59 49 36 0 
60 71 38 31 
61 8 
62 52 
63 0 
64 56 26 24 0 
65 20 
66 42 36 
67 8 
68 5 
69 73 35 
70 37 
71 60 
72 0 
73 69 
74 33 32 

0 28 23 20 13 5 3 2 1 
1 54 31 26 23 19 18 17 9 7 2 0 
2 66 40 21 11 10 4 3 0 1 
3 64 36 31 27 21 18 13 8 5 0 2 
4 66 56 15 6 2 
5 66 53 23 22 3 0 
6 45 4 
7 66 56 55 26 14 1 
8 34 16 3 
9 39 12 1 
10 44 2 
11 47 2 
12 23 9 
13 37 3 0 
14 38 7 
15 60 58 57 4 
16 50 24 8 
17 64 62 27 1 
18 3 1 
19 34 1 
20 0 
21 25 3 2 
22 35 5 
23 29 12 5 1 0 
24 72 32 16 
25 33 21 
26 7 1 
27 69 17 3 
28 46 0 
29 46 43 30 23 
30 29 
31 72 55 42 3 1 
32 24 
33 65 25 
34 19 8 
35 41 22 
36 3 
37 13 
38 14 
39 65 9 
40 2 
41 65 35 
42 70 63 31 
43 29 
44 67 55 48 10 
45 49 6 
46 29 28 
47 11 
48 52 50 44 
49 68 59 45 
50 51 48 16 
51 50 
52 61 48 
53 74 5 
54 1 
55 71 44 31 7 
56 7 4 
57 15 
58 15 
59 73 49 
60 15 
61 52 
62 17 
63 42 
64 17 3 
65 41 39 33 
66 7 5 4 2 
67 44 
68 49 
69 27 
70 42 
71 55 
72 31 24 
73 59 
74 53 

0 56 44 27 20 15 14 7 5 4 2 1 
1 48 43 39 37 26 23 14 9 6 5 4 2 0 
2 53 39 37 29 27 23 7 5 3 1 0 
3 63 2 
4 58 54 42 27 20 13 11 8 7 1 0 
5 74 50 48 38 30 10 7 2 1 0 
6 1 
7 31 22 20 11 5 4 2 0 
8 62 41 19 4 
9 12 1 
10 71 5 
11 43 31 20 17 7 4 
12 53 9 
13 4 
14 50 47 44 34 33 18 16 1 0 
15 68 0 
16 14 
17 25 11 
18 74 72 59 21 14 
19 51 20 8 
20 59 19 11 7 4 0 
21 70 32 27 26 24 18 
22 7 
23 2 1 
24 49 36 21 
25 17 
26 57 21 1 
27 47 35 28 21 4 2 0 
28 27 
29 2 
30 45 5 
31 38 11 7 
32 21 
33 14 
34 60 56 52 14 
35 27 
36 69 46 24 
37 57 40 2 1 
38 31 5 
39 42 2 1 
40 37 
41 8 
42 73 39 4 
43 11 1 
44 14 0 
45 62 30 
46 70 36 
47 64 27 14 
48 65 5 1 
49 24 
50 14 5 
51 61 19 
52 34 
53 12 2 
54 66 55 4 
55 54 
56 34 0 
57 37 26 
58 4 
59 67 20 18 
60 34 
61 51 
62 45 8 
63 3 
64 47 
65 48 
66 54 
67 59 
68 15 
69 36 
70 46 21 
71 10 
72 18 
73 42 
74 18 5 

